# columns 
# CaloToolMPEtaBin PtMin PtMax avgPt IEtaBin_forLUT_col1 PtBin_forLUT SF
0 0 0 0 0 0 1.000000   # ieta [1, 2, 3, 4, 5], pt 0
0 15 19 17 0 1 2.806068
0 20 20 20 0 2 2.660087
0 21 21 21 0 3 2.629902
0 22 25 24 0 4 2.550109
0 26 29 28 0 5 2.445796
0 30 34 32 0 6 2.342437
0 35 40 38 0 7 2.243656
0 41 48 45 0 8 2.140787
0 49 58 54 0 9 2.040414
0 59 71 65 0 10 1.948062
0 72 88 80 0 11 1.858147
0 89 113 101 0 12 1.766249
0 114 155 135 0 13 1.677087
0 156 254 205 0 14 1.574697
0 255 255 255 0 15 1.538810
1 0 0 0 1 0 1.000000   # ieta [6, 7, 8, 9], pt 0
1 15 19 17 1 1 2.851003
1 20 20 20 1 2 2.704775
1 21 21 21 1 3 2.680220
1 22 25 24 1 4 2.594262
1 26 29 28 1 5 2.470801
1 30 34 32 1 6 2.365394
1 35 40 38 1 7 2.265425
1 41 48 45 1 8 2.159831
1 49 58 54 1 9 2.058059
1 59 71 65 1 10 1.965139
1 72 88 80 1 11 1.870988
1 89 113 101 1 12 1.776962
1 114 155 135 1 13 1.686071
1 156 254 205 1 14 1.579720
1 255 255 255 1 15 1.543381
2 0 0 0 2 0 1.000000   # ieta [10, 11, 12, 13], pt 0
2 15 19 17 2 1 2.946349
2 20 20 20 2 2 2.810915
2 21 21 21 2 3 2.781082
2 22 25 24 2 4 2.683252
2 26 29 28 2 5 2.552623
2 30 34 32 2 6 2.444131
2 35 40 38 2 7 2.338145
2 41 48 45 2 8 2.233126
2 49 58 54 2 9 2.121892
2 59 71 65 2 10 2.016117
2 72 88 80 2 11 1.914103
2 89 113 101 2 12 1.820651
2 114 155 135 2 13 1.718010
2 156 254 205 2 14 1.604775
2 255 255 255 2 15 1.570828
3 0 0 0 3 0 1.000000   # ieta [14, 15], pt 0
3 15 19 17 3 1 3.141972
3 20 20 20 3 2 2.982933
3 21 21 21 3 3 2.952974
3 22 25 24 3 4 2.839108
3 26 29 28 3 5 2.673080
3 30 34 32 3 6 2.570834
3 35 40 38 3 7 2.450353
3 41 48 45 3 8 2.340544
3 49 58 54 3 9 2.220498
3 59 71 65 3 10 2.116221
3 72 88 80 3 11 2.008788
3 89 113 101 3 12 1.896069
3 114 155 135 3 13 1.784494
3 156 254 205 3 14 1.668524
3 255 255 255 3 15 1.632580
4 0 0 0 4 0 1.000000   # ieta [16, 17], pt 0
4 15 19 17 4 1 3.201677
4 20 20 20 4 2 3.042111
4 21 21 21 4 3 3.022029
4 22 25 24 4 4 2.907062
4 26 29 28 4 5 2.734855
4 30 34 32 4 6 2.649008
4 35 40 38 4 7 2.532507
4 41 48 45 4 8 2.424569
4 49 58 54 4 9 2.295045
4 59 71 65 4 10 2.189803
4 72 88 80 4 11 2.084913
4 89 113 101 4 12 1.973469
4 114 155 135 4 13 1.869480
4 156 254 205 4 14 1.739638
4 255 255 255 4 15 1.700127
5 0 0 0 5 0 1.000000   # ieta [18, 19], pt 0
5 15 19 17 5 1 2.950496
5 20 20 20 5 2 2.779922
5 21 21 21 5 3 2.759145
5 22 25 24 5 4 2.667636
5 26 29 28 5 5 2.549566
5 30 34 32 5 6 2.441753
5 35 40 38 5 7 2.312766
5 41 48 45 5 8 2.192343
5 49 58 54 5 9 2.081061
5 59 71 65 5 10 1.977639
5 72 88 80 5 11 1.881973
5 89 113 101 5 12 1.785556
5 114 155 135 5 13 1.684709
5 156 254 205 5 14 1.567346
5 255 255 255 5 15 1.528020
6 0 0 0 6 0 1.000000   # ieta [20, 21], pt 0
6 15 19 17 6 1 2.885719
6 20 20 20 6 2 2.720283
6 21 21 21 6 3 2.705997
6 22 25 24 6 4 2.601394
6 26 29 28 6 5 2.464320
6 30 34 32 6 6 2.357395
6 35 40 38 6 7 2.245327
6 41 48 45 6 8 2.135809
6 49 58 54 6 9 2.029273
6 59 71 65 6 10 1.933749
6 72 88 80 6 11 1.840897
6 89 113 101 6 12 1.748260
6 114 155 135 6 13 1.642212
6 156 254 205 6 14 1.528329
6 255 255 255 6 15 1.485730
7 0 0 0 7 0 1.000000   # ieta [22], pt 0
7 15 19 17 7 1 2.773094
7 20 20 20 7 2 2.640399
7 21 21 21 7 3 2.631923
7 22 25 24 7 4 2.528861
7 26 29 28 7 5 2.390719
7 30 34 32 7 6 2.279138
7 35 40 38 7 7 2.179746
7 41 48 45 7 8 2.069950
7 49 58 54 7 9 1.973647
7 59 71 65 7 10 1.877694
7 72 88 80 7 11 1.792119
7 89 113 101 7 12 1.705255
7 114 155 135 7 13 1.607897
7 156 254 205 7 14 1.504578
7 255 255 255 7 15 1.466900
8 0 0 0 8 0 1.000000   # ieta [23], pt 0
8 15 19 17 8 1 2.740607
8 20 20 20 8 2 2.579041
8 21 21 21 8 3 2.552796
8 22 25 24 8 4 2.459513
8 26 29 28 8 5 2.330544
8 30 34 32 8 6 2.219411
8 35 40 38 8 7 2.104434
8 41 48 45 8 8 1.998440
8 49 58 54 8 9 1.913086
8 59 71 65 8 10 1.828983
8 72 88 80 8 11 1.749191
8 89 113 101 8 12 1.661735
8 114 155 135 8 13 1.571055
8 156 254 205 8 14 1.465725
8 255 255 255 8 15 1.430025
9 0 0 0 9 0 1.000000   # ieta [24], pt 0
9 15 19 17 9 1 2.663321
9 20 20 20 9 2 2.518951
9 21 21 21 9 3 2.493318
9 22 25 24 9 4 2.412051
9 26 29 28 9 5 2.279441
9 30 34 32 9 6 2.176462
9 35 40 38 9 7 2.071288
9 41 48 45 9 8 1.961152
9 49 58 54 9 9 1.872289
9 59 71 65 9 10 1.793625
9 72 88 80 9 11 1.721663
9 89 113 101 9 12 1.636058
9 114 155 135 9 13 1.549553
9 156 254 205 9 14 1.450055
9 255 255 255 9 15 1.418134
10 0 0 0 10 0 1.000000   # ieta [25], pt 0
10 15 19 17 10 1 2.667017
10 20 20 20 10 2 2.520600
10 21 21 21 10 3 2.494950
10 22 25 24 10 4 2.413630
10 26 29 28 10 5 2.280933
10 30 34 32 10 6 2.176872
10 35 40 38 10 7 2.070436
10 41 48 45 10 8 1.959063
10 49 58 54 10 9 1.867736
10 59 71 65 10 10 1.789284
10 72 88 80 10 11 1.717495
10 89 113 101 10 12 1.632524
10 114 155 135 10 13 1.548398
10 156 254 205 10 14 1.448411
10 255 255 255 10 15 1.418094
11 0 0 0 11 0 1.000000   # ieta [26], pt 0
11 15 19 17 11 1 2.685430
11 20 20 20 11 2 2.536203
11 21 21 21 11 3 2.510395
11 22 25 24 11 4 2.421825
11 26 29 28 11 5 2.291903
11 30 34 32 11 6 2.183806
11 35 40 38 11 7 2.073003
11 41 48 45 11 8 1.960955
11 49 58 54 11 9 1.862949
11 59 71 65 11 10 1.779682
11 72 88 80 11 11 1.702319
11 89 113 101 11 12 1.612451
11 114 155 135 11 13 1.524038
11 156 254 205 11 14 1.423205
11 255 255 255 11 15 1.396131
12 0 0 0 12 0 1.000000   # ieta [27, 28], pt 0
12 15 19 17 12 1 3.027999
12 20 20 20 12 2 2.773793
12 21 21 21 12 3 2.738648
12 22 25 24 12 4 2.607618
12 26 29 28 12 5 2.434389
12 30 34 32 12 6 2.300291
12 35 40 38 12 7 2.161332
12 41 48 45 12 8 2.033185
12 49 58 54 12 9 1.920561
12 59 71 65 12 10 1.818706
12 72 88 80 12 11 1.731159
12 89 113 101 12 12 1.635388
12 114 155 135 12 13 1.542284
12 156 254 205 12 14 1.439349
12 255 255 255 12 15 1.412104
13 0 0 0 13 0 1.000000   # ieta [29, 30, 31], pt 0
13 15 19 17 13 1 1.859629
13 20 20 20 13 2 1.737584
13 21 21 21 13 3 1.692281
13 22 25 24 13 4 1.632146
13 26 29 28 13 5 1.566352
13 30 34 32 13 6 1.516606
13 35 40 38 13 7 1.481038
13 41 48 45 13 8 1.439268
13 49 58 54 13 9 1.413170
13 59 71 65 13 10 1.366571
13 72 88 80 13 11 1.313087
13 89 113 101 13 12 1.274286
13 114 155 135 13 13 1.222644
13 156 254 205 13 14 1.195978
13 255 255 255 13 15 1.193043
14 0 0 0 14 0 1.000000   # ieta [32, 33, 34, 35], pt 0
14 15 19 17 14 1 1.513386
14 20 20 20 14 2 1.417011
14 21 21 21 14 3 1.369996
14 22 25 24 14 4 1.324838
14 26 29 28 14 5 1.256667
14 30 34 32 14 6 1.208335
14 35 40 38 14 7 1.174336
14 41 48 45 14 8 1.161717
14 49 58 54 14 9 1.151491
14 59 71 65 14 10 1.119906
14 72 88 80 14 11 1.102851
14 89 113 101 14 12 1.089272
14 114 155 135 14 13 1.055204
14 156 254 205 14 14 1.044159
14 255 255 255 14 15 1.041388
15 0 0 0 15 0 1.000000   # ieta [36, 37, 38, 39, 40], pt 0
15 15 19 17 15 1 1.596118
15 20 20 20 15 2 1.501705
15 21 21 21 15 3 1.431440
15 22 25 24 15 4 1.370662
15 26 29 28 15 5 1.281876
15 30 34 32 15 6 1.224724
15 35 40 38 15 7 1.180982
15 41 48 45 15 8 1.164355
15 49 58 54 15 9 1.147268
15 59 71 65 15 10 1.105567
15 72 88 80 15 11 1.088732
15 89 113 101 15 12 1.075069
15 114 155 135 15 13 1.039354
15 156 254 205 15 14 1.031269
15 255 255 255 15 15 1.027569
