# address to addend+multiplicative factor LUT
# maps 11 bits to 18 bits
# 18 bits = (addend<<10) + multiplier)
# addend is signed 8 bits, multiplier is 10 bits
# anything after # is ignored with the exception of the header
# the header is first valid line starting with #<header> versionStr nrBitsAddress nrBitsData </header>
#<header> v1 11 18 </header>
0 512 	 1 512 0 	 0 0 0   # compresses ieta bin 0, pt 0
1 2047 	 2 1023 1 	 17 15 19 
2 2047 	 2 1023 1 	 20 20 20 
3 2047 	 2 1023 1 	 21 21 21 
4 2047 	 2 1023 1 	 24 22 25 
5 2047 	 2 1023 1 	 28 26 29 
6 2047 	 2 1023 1 	 32 30 34 
7 2047 	 2 1023 1 	 38 35 40 
8 2047 	 2 1023 1 	 45 41 48 
9 2047 	 2 1023 1 	 54 49 58 
10 999 	 1.94806 999 0 	 65 59 71 
11 952 	 1.85815 952 0 	 80 72 88 
12 906 	 1.76625 906 0 	 101 89 113 
13 860 	 1.67709 860 0 	 135 114 155 
14 807 	 1.5747 807 0 	 205 156 254 
15 789 	 1.53881 789 0 	 255 255 255 
16 512 	 1 512 0 	 0 0 0   # compresses ieta bin 1, pt 0
17 2047 	 2 1023 1 	 17 15 19 
18 2047 	 2 1023 1 	 20 20 20 
19 2047 	 2 1023 1 	 21 21 21 
20 2047 	 2 1023 1 	 24 22 25 
21 2047 	 2 1023 1 	 28 26 29 
22 2047 	 2 1023 1 	 32 30 34 
23 2047 	 2 1023 1 	 38 35 40 
24 2047 	 2 1023 1 	 45 41 48 
25 2047 	 2 1023 1 	 54 49 58 
26 1007 	 1.96514 1007 0 	 65 59 71 
27 958 	 1.87099 958 0 	 80 72 88 
28 911 	 1.77696 911 0 	 101 89 113 
29 864 	 1.68607 864 0 	 135 114 155 
30 810 	 1.57972 810 0 	 205 156 254 
31 791 	 1.54338 791 0 	 255 255 255 
32 512 	 1 512 0 	 0 0 0   # compresses ieta bin 2, pt 0
33 2047 	 2 1023 1 	 17 15 19 
34 2047 	 2 1023 1 	 20 20 20 
35 2047 	 2 1023 1 	 21 21 21 
36 2047 	 2 1023 1 	 24 22 25 
37 2047 	 2 1023 1 	 28 26 29 
38 2047 	 2 1023 1 	 32 30 34 
39 2047 	 2 1023 1 	 38 35 40 
40 2047 	 2 1023 1 	 45 41 48 
41 2047 	 2 1023 1 	 54 49 58 
42 2047 	 2 1023 1 	 65 59 71 
43 981 	 1.9141 981 0 	 80 72 88 
44 934 	 1.82065 934 0 	 101 89 113 
45 881 	 1.71801 881 0 	 135 114 155 
46 822 	 1.60478 822 0 	 205 156 254 
47 805 	 1.57083 805 0 	 255 255 255 
48 512 	 1 512 0 	 0 0 0   # compresses ieta bin 3, pt 0
49 2047 	 2 1023 1 	 17 15 19 
50 2047 	 2 1023 1 	 20 20 20 
51 2047 	 2 1023 1 	 21 21 21 
52 2047 	 2 1023 1 	 24 22 25 
53 2047 	 2 1023 1 	 28 26 29 
54 2047 	 2 1023 1 	 32 30 34 
55 2047 	 2 1023 1 	 38 35 40 
56 2047 	 2 1023 1 	 45 41 48 
57 2047 	 2 1023 1 	 54 49 58 
58 2047 	 2 1023 1 	 65 59 71 
59 2047 	 2 1023 1 	 80 72 88 
60 972 	 1.89607 972 0 	 101 89 113 
61 915 	 1.78449 915 0 	 135 114 155 
62 855 	 1.66852 855 0 	 205 156 254 
63 837 	 1.63258 837 0 	 255 255 255 
64 512 	 1 512 0 	 0 0 0   # compresses ieta bin 4, pt 0
65 2047 	 2 1023 1 	 17 15 19 
66 2047 	 2 1023 1 	 20 20 20 
67 2047 	 2 1023 1 	 21 21 21 
68 2047 	 2 1023 1 	 24 22 25 
69 2047 	 2 1023 1 	 28 26 29 
70 2047 	 2 1023 1 	 32 30 34 
71 2047 	 2 1023 1 	 38 35 40 
72 2047 	 2 1023 1 	 45 41 48 
73 2047 	 2 1023 1 	 54 49 58 
74 2047 	 2 1023 1 	 65 59 71 
75 2047 	 2 1023 1 	 80 72 88 
76 1013 	 1.97347 1013 0 	 101 89 113 
77 959 	 1.86948 959 0 	 135 114 155 
78 891 	 1.73964 891 0 	 205 156 254 
79 871 	 1.70013 871 0 	 255 255 255 
80 512 	 1 512 0 	 0 0 0   # compresses ieta bin 5, pt 0
81 2047 	 2 1023 1 	 17 15 19 
82 2047 	 2 1023 1 	 20 20 20 
83 2047 	 2 1023 1 	 21 21 21 
84 2047 	 2 1023 1 	 24 22 25 
85 2047 	 2 1023 1 	 28 26 29 
86 2047 	 2 1023 1 	 32 30 34 
87 2047 	 2 1023 1 	 38 35 40 
88 2047 	 2 1023 1 	 45 41 48 
89 2047 	 2 1023 1 	 54 49 58 
90 1015 	 1.97764 1015 0 	 65 59 71 
91 965 	 1.88197 965 0 	 80 72 88 
92 917 	 1.78556 917 0 	 101 89 113 
93 864 	 1.68471 864 0 	 135 114 155 
94 804 	 1.56735 804 0 	 205 156 254 
95 783 	 1.52802 783 0 	 255 255 255 
96 512 	 1 512 0 	 0 0 0   # compresses ieta bin 6, pt 0
97 2047 	 2 1023 1 	 17 15 19 
98 2047 	 2 1023 1 	 20 20 20 
99 2047 	 2 1023 1 	 21 21 21 
100 2047 	 2 1023 1 	 24 22 25 
101 2047 	 2 1023 1 	 28 26 29 
102 2047 	 2 1023 1 	 32 30 34 
103 2047 	 2 1023 1 	 38 35 40 
104 2047 	 2 1023 1 	 45 41 48 
105 2047 	 2 1023 1 	 54 49 58 
106 991 	 1.93375 991 0 	 65 59 71 
107 946 	 1.8409 946 0 	 80 72 88 
108 896 	 1.74826 896 0 	 101 89 113 
109 841 	 1.64221 841 0 	 135 114 155 
110 784 	 1.52833 784 0 	 205 156 254 
111 761 	 1.48573 761 0 	 255 255 255 
112 512 	 1 512 0 	 0 0 0   # compresses ieta bin 7, pt 0
113 2047 	 2 1023 1 	 17 15 19 
114 2047 	 2 1023 1 	 20 20 20 
115 2047 	 2 1023 1 	 21 21 21 
116 2047 	 2 1023 1 	 24 22 25 
117 2047 	 2 1023 1 	 28 26 29 
118 2047 	 2 1023 1 	 32 30 34 
119 2047 	 2 1023 1 	 38 35 40 
120 2047 	 2 1023 1 	 45 41 48 
121 1012 	 1.97365 1012 0 	 54 49 58 
122 963 	 1.87769 963 0 	 65 59 71 
123 920 	 1.79212 920 0 	 80 72 88 
124 874 	 1.70525 874 0 	 101 89 113 
125 824 	 1.6079 824 0 	 135 114 155 
126 771 	 1.50458 771 0 	 205 156 254 
127 751 	 1.4669 751 0 	 255 255 255 
128 512 	 1 512 0 	 0 0 0   # compresses ieta bin 8, pt 0
129 2047 	 2 1023 1 	 17 15 19 
130 2047 	 2 1023 1 	 20 20 20 
131 2047 	 2 1023 1 	 21 21 21 
132 2047 	 2 1023 1 	 24 22 25 
133 2047 	 2 1023 1 	 28 26 29 
134 2047 	 2 1023 1 	 32 30 34 
135 2047 	 2 1023 1 	 38 35 40 
136 2047 	 1.99844 1023 1 	 45 41 48 
137 984 	 1.91309 984 0 	 54 49 58 
138 940 	 1.82898 940 0 	 65 59 71 
139 898 	 1.74919 898 0 	 80 72 88 
140 853 	 1.66173 853 0 	 101 89 113 
141 805 	 1.57106 805 0 	 135 114 155 
142 751 	 1.46572 751 0 	 205 156 254 
143 732 	 1.43003 732 0 	 255 255 255 
144 512 	 1 512 0 	 0 0 0   # compresses ieta bin 9, pt 0
145 2047 	 2 1023 1 	 17 15 19 
146 2047 	 2 1023 1 	 20 20 20 
147 2047 	 2 1023 1 	 21 21 21 
148 2047 	 2 1023 1 	 24 22 25 
149 2047 	 2 1023 1 	 28 26 29 
150 2047 	 2 1023 1 	 32 30 34 
151 2047 	 2 1023 1 	 38 35 40 
152 1010 	 1.96115 1010 0 	 45 41 48 
153 960 	 1.87229 960 0 	 54 49 58 
154 920 	 1.79363 920 0 	 65 59 71 
155 882 	 1.72166 882 0 	 80 72 88 
156 838 	 1.63606 838 0 	 101 89 113 
157 794 	 1.54955 794 0 	 135 114 155 
158 744 	 1.45006 744 0 	 205 156 254 
159 726 	 1.41813 726 0 	 255 255 255 
160 512 	 1 512 0 	 0 0 0   # compresses ieta bin 10, pt 0
161 2047 	 2 1023 1 	 17 15 19 
162 2047 	 2 1023 1 	 20 20 20 
163 2047 	 2 1023 1 	 21 21 21 
164 2047 	 2 1023 1 	 24 22 25 
165 2047 	 2 1023 1 	 28 26 29 
166 2047 	 2 1023 1 	 32 30 34 
167 2047 	 2 1023 1 	 38 35 40 
168 1005 	 1.95906 1005 0 	 45 41 48 
169 960 	 1.86774 960 0 	 54 49 58 
170 920 	 1.78928 920 0 	 65 59 71 
171 882 	 1.71749 882 0 	 80 72 88 
172 838 	 1.63252 838 0 	 101 89 113 
173 794 	 1.5484 794 0 	 135 114 155 
174 743 	 1.44841 743 0 	 205 156 254 
175 726 	 1.41809 726 0 	 255 255 255 
176 512 	 1 512 0 	 0 0 0   # compresses ieta bin 11, pt 0
177 2047 	 2 1023 1 	 17 15 19 
178 2047 	 2 1023 1 	 20 20 20 
179 2047 	 2 1023 1 	 21 21 21 
180 2047 	 2 1023 1 	 24 22 25 
181 2047 	 2 1023 1 	 28 26 29 
182 2047 	 2 1023 1 	 32 30 34 
183 2047 	 2 1023 1 	 38 35 40 
184 1005 	 1.96096 1005 0 	 45 41 48 
185 955 	 1.86295 955 0 	 54 49 58 
186 912 	 1.77968 912 0 	 65 59 71 
187 872 	 1.70232 872 0 	 80 72 88 
188 828 	 1.61245 828 0 	 101 89 113 
189 781 	 1.52404 781 0 	 135 114 155 
190 730 	 1.42321 730 0 	 205 156 254 
191 715 	 1.39613 715 0 	 255 255 255 
192 512 	 1 512 0 	 0 0 0   # compresses ieta bin 12, pt 0
193 2047 	 2 1023 1 	 17 15 19 
194 2047 	 2 1023 1 	 20 20 20 
195 2047 	 2 1023 1 	 21 21 21 
196 2047 	 2 1023 1 	 24 22 25 
197 2047 	 2 1023 1 	 28 26 29 
198 2047 	 2 1023 1 	 32 30 34 
199 2047 	 2 1023 1 	 38 35 40 
200 2047 	 2 1023 1 	 45 41 48 
201 985 	 1.92056 985 0 	 54 49 58 
202 932 	 1.81871 932 0 	 65 59 71 
203 888 	 1.73116 888 0 	 80 72 88 
204 838 	 1.63539 838 0 	 101 89 113 
205 790 	 1.54228 790 0 	 135 114 155 
206 738 	 1.43935 738 0 	 205 156 254 
207 723 	 1.4121 723 0 	 255 255 255 
208 512 	 1 512 0 	 0 0 0   # compresses ieta bin 13, pt 0
209 958 	 1.85963 958 0 	 17 15 19 
210 902 	 1.73758 902 0 	 20 20 20 
211 872 	 1.69228 872 0 	 21 21 21 
212 839 	 1.63215 839 0 	 24 22 25 
213 809 	 1.56635 809 0 	 28 26 29 
214 780 	 1.51661 780 0 	 32 30 34 
215 765 	 1.48104 765 0 	 38 35 40 
216 743 	 1.43927 743 0 	 45 41 48 
217 728 	 1.41317 728 0 	 54 49 58 
218 703 	 1.36657 703 0 	 65 59 71 
219 674 	 1.31309 674 0 	 80 72 88 
220 653 	 1.27429 653 0 	 101 89 113 
221 627 	 1.22264 627 0 	 135 114 155 
222 613 	 1.19598 613 0 	 205 156 254 
223 611 	 1.19304 611 0 	 255 255 255 
224 512 	 1 512 0 	 0 0 0   # compresses ieta bin 14, pt 0
225 779 	 1.51339 779 0 	 17 15 19 
226 736 	 1.41701 736 0 	 20 20 20 
227 714 	 1.37 714 0 	 21 21 21 
228 688 	 1.32484 688 0 	 24 22 25 
229 646 	 1.25667 646 0 	 28 26 29 
230 621 	 1.20833 621 0 	 32 30 34 
231 604 	 1.17434 604 0 	 38 35 40 
232 601 	 1.16172 601 0 	 45 41 48 
233 591 	 1.15149 591 0 	 54 49 58 
234 577 	 1.11991 577 0 	 65 59 71 
235 565 	 1.10285 565 0 	 80 72 88 
236 559 	 1.08927 559 0 	 101 89 113 
237 542 	 1.0552 542 0 	 135 114 155 
238 535 	 1.04416 535 0 	 205 156 254 
239 534 	 1.04139 534 0 	 255 255 255 
240 512 	 1 512 0 	 0 0 0   # compresses ieta bin 15, pt 0
241 823 	 1.59612 823 0 	 17 15 19 
242 774 	 1.50171 774 0 	 20 20 20 
243 738 	 1.43144 738 0 	 21 21 21 
244 709 	 1.37066 709 0 	 24 22 25 
245 663 	 1.28188 663 0 	 28 26 29 
246 629 	 1.22472 629 0 	 32 30 34 
247 610 	 1.18098 610 0 	 38 35 40 
248 601 	 1.16436 601 0 	 45 41 48 
249 590 	 1.14727 590 0 	 54 49 58 
250 570 	 1.10557 570 0 	 65 59 71 
251 558 	 1.08873 558 0 	 80 72 88 
252 552 	 1.07507 552 0 	 101 89 113 
253 534 	 1.03935 534 0 	 135 114 155 
254 529 	 1.03127 529 0 	 205 156 254 
255 527 	 1.02757 527 0 	 255 255 255 
