# address to addend+multiplicative factor LUT
# maps 12 bits to 18 bits
# 18 bits = (addend<<10) + multiplier)
# addend is signed 8 bits, multiplier is 10 bits
# anything after # is ignored with the exception of the header
# the header is first valid line starting with #<header> versionStr nrBitsAddress nrBitsData </header>
#<header> v1 12 18 </header>
0 512  # compresses ieta bin 0, pt 0
1 13311
2 11263
3 11263
4 9215
5 6143
6 6143
7 5119
8 4095
9 3071
10 1019
11 1009
12 1010
13 993
14 994
15 976
16 969
17 955
18 943
19 933
20 911
21 903
22 890
23 867
24 851
25 847
26 828
27 821
28 809
29 808
30 797
31 792
32 787
33 779
34 770
35 763
36 752
37 746
38 737
39 732
40 724
41 719
42 713
43 709
44 700
45 697
46 692
47 686
48 679
49 673
50 667
51 660
52 655
53 653
54 647
55 644
56 640
57 636
58 634
59 632
60 631
61 628
62 619
63 613
64 512  # compresses ieta bin 1, pt 0
65 9215
66 7167
67 7167
68 5119
69 2046
70 2041
71 1008
72 997
73 996
74 976
75 960
76 961
77 953
78 955
79 941
80 935
81 913
82 896
83 890
84 884
85 871
86 859
87 843
88 835
89 831
90 813
91 806
92 799
93 794
94 788
95 784
96 779
97 770
98 759
99 752
100 742
101 736
102 727
103 722
104 715
105 711
106 704
107 701
108 692
109 689
110 684
111 679
112 672
113 666
114 661
115 654
116 650
117 646
118 642
119 639
120 636
121 631
122 628
123 627
124 625
125 623
126 615
127 609
128 512  # compresses ieta bin 2, pt 0
129 14335
130 13311
131 13311
132 11263
133 8191
134 8191
135 7167
136 7167
137 5119
138 4095
139 2047
140 2047
141 1019
142 1019
143 1002
144 986
145 979
146 959
147 947
148 924
149 910
150 896
151 885
152 868
153 864
154 844
155 836
156 828
157 826
158 816
159 810
160 804
161 795
162 782
163 774
164 766
165 760
166 750
167 744
168 736
169 734
170 727
171 725
172 719
173 713
174 707
175 703
176 695
177 690
178 683
179 676
180 670
181 667
182 661
183 658
184 655
185 651
186 648
187 645
188 642
189 640
190 629
191 624
192 512  # compresses ieta bin 3, pt 0
193 14335
194 13311
195 13311
196 11263
197 8191
198 8191
199 7167
200 7167
201 6143
202 4095
203 3071
204 3071
205 2045
206 2044
207 1011
208 994
209 980
210 967
211 956
212 938
213 922
214 909
215 896
216 879
217 875
218 860
219 851
220 838
221 836
222 824
223 818
224 812
225 803
226 790
227 785
228 777
229 770
230 760
231 754
232 748
233 743
234 738
235 736
236 727
237 723
238 719
239 714
240 706
241 701
242 694
243 685
244 682
245 678
246 671
247 668
248 666
249 660
250 658
251 655
252 651
253 650
254 638
255 633
256 512  # compresses ieta bin 4, pt 0
257 15359
258 14335
259 14335
260 12287
261 9215
262 9215
263 8191
264 8191
265 7167
266 6143
267 5119
268 5119
269 3071
270 4095
271 1020
272 1004
273 995
274 982
275 962
276 944
277 923
278 915
279 897
280 885
281 885
282 866
283 857
284 848
285 840
286 829
287 823
288 817
289 807
290 798
291 789
292 781
293 773
294 766
295 760
296 751
297 746
298 741
299 739
300 732
301 728
302 722
303 717
304 711
305 705
306 698
307 689
308 685
309 682
310 676
311 673
312 672
313 666
314 664
315 662
316 660
317 658
318 646
319 640
320 512  # compresses ieta bin 5, pt 0
321 14335
322 13311
323 13311
324 11263
325 9215
326 8191
327 8191
328 7167
329 7167
330 5119
331 4095
332 4095
333 2047
334 2047
335 1011
336 996
337 987
338 974
339 962
340 939
341 929
342 915
343 902
344 885
345 880
346 865
347 856
348 848
349 840
350 829
351 823
352 817
353 807
354 794
355 789
356 781
357 773
358 763
359 757
360 751
361 746
362 741
363 739
364 732
365 728
366 722
367 717
368 708
369 703
370 698
371 689
372 685
373 682
374 675
375 673
376 671
377 666
378 664
379 660
380 658
381 658
382 646
383 640
384 512  # compresses ieta bin 6, pt 0
385 13311
386 12287
387 13311
388 11263
389 8191
390 8191
391 7167
392 7167
393 6143
394 5119
395 3071
396 4095
397 2047
398 2047
399 1011
400 995
401 987
402 974
403 962
404 938
405 929
406 915
407 902
408 885
409 880
410 865
411 856
412 844
413 840
414 829
415 823
416 817
417 807
418 794
419 789
420 781
421 773
422 763
423 757
424 748
425 746
426 741
427 739
428 732
429 728
430 722
431 717
432 708
433 703
434 698
435 689
436 685
437 680
438 675
439 673
440 671
441 666
442 664
443 660
444 658
445 658
446 646
447 641
448 512  # compresses ieta bin 7, pt 0
449 13311
450 12287
451 12287
452 10239
453 8191
454 8191
455 7167
456 6143
457 6143
458 4095
459 3071
460 3071
461 2043
462 1020
463 1003
464 994
465 979
466 967
467 955
468 938
469 923
470 909
471 896
472 879
473 880
474 865
475 856
476 843
477 836
478 825
479 818
480 812
481 803
482 794
483 785
484 777
485 770
486 763
487 757
488 748
489 743
490 741
491 736
492 729
493 726
494 722
495 717
496 708
497 703
498 696
499 687
500 683
501 680
502 675
503 672
504 669
505 665
506 662
507 659
508 658
509 656
510 645
511 640
512 512  # compresses ieta bin 8, pt 0
513 12287
514 11263
515 12287
516 10239
517 8191
518 7167
519 7167
520 6143
521 6143
522 4095
523 3071
524 3071
525 1020
526 1019
527 1002
528 987
529 979
530 966
531 955
532 938
533 922
534 909
535 896
536 879
537 874
538 860
539 852
540 843
541 836
542 825
543 818
544 812
545 803
546 794
547 785
548 777
549 770
550 763
551 757
552 748
553 743
554 741
555 736
556 729
557 726
558 722
559 717
560 708
561 703
562 696
563 689
564 685
565 682
566 678
567 675
568 672
569 668
570 665
571 663
572 661
573 660
574 651
575 646
576 512  # compresses ieta bin 9, pt 0
577 14335
578 13311
579 14335
580 12287
581 9215
582 9215
583 8191
584 8191
585 7167
586 6143
587 5119
588 5119
589 3071
590 3071
591 1020
592 1004
593 995
594 982
595 969
596 951
597 937
598 928
599 914
600 891
601 891
602 875
603 866
604 857
605 850
606 838
607 831
608 825
609 819
610 805
611 796
612 791
613 784
614 773
615 770
616 760
617 755
618 750
619 747
620 740
621 736
622 732
623 726
624 720
625 716
626 710
627 705
628 702
629 698
630 692
631 688
632 686
633 682
634 679
635 676
636 675
637 672
638 662
639 657
640 512  # compresses ieta bin 10, pt 0
641 14335
642 13311
643 13311
644 12287
645 9215
646 9215
647 8191
648 8191
649 7167
650 6143
651 5119
652 5119
653 3071
654 3071
655 1020
656 1004
657 995
658 982
659 969
660 951
661 937
662 928
663 914
664 891
665 891
666 875
667 866
668 857
669 854
670 847
671 840
672 833
673 823
674 813
675 804
676 798
677 790
678 783
679 776
680 767
681 761
682 755
683 750
684 743
685 738
686 735
687 731
688 724
689 720
690 714
691 707
692 704
693 701
694 697
695 693
696 691
697 686
698 685
699 682
700 679
701 678
702 668
703 663
704 512  # compresses ieta bin 11, pt 0
705 13311
706 12287
707 13311
708 11263
709 8191
710 8191
711 7167
712 7167
713 7167
714 5119
715 4095
716 4095
717 2047
718 2047
719 1012
720 1003
721 987
722 974
723 963
724 944
725 930
726 915
727 903
728 891
729 885
730 870
731 866
732 857
733 850
734 843
735 836
736 829
737 823
738 809
739 804
740 795
741 787
742 780
743 773
744 766
745 758
746 752
747 750
748 740
749 738
750 734
751 729
752 722
753 718
754 712
755 705
756 702
757 699
758 694
759 692
760 690
761 685
762 682
763 679
764 678
765 676
766 666
767 663
768 512  # compresses ieta bin 12, pt 0
769 14335
770 13311
771 13311
772 11263
773 9215
774 9215
775 8191
776 8191
777 7167
778 6143
779 4095
780 4095
781 3071
782 3071
783 1020
784 1003
785 995
786 982
787 969
788 951
789 936
790 921
791 908
792 896
793 891
794 875
795 871
796 862
797 859
798 847
799 844
800 838
801 827
802 817
803 807
804 802
805 797
806 786
807 782
808 773
809 767
810 761
811 758
812 748
813 746
814 742
815 736
816 731
817 724
818 718
819 713
820 710
821 705
822 699
823 696
824 694
825 689
826 686
827 683
828 682
829 680
830 669
831 666
832 512  # compresses ieta bin 13, pt 0
833 14335
834 13311
835 13311
836 11263
837 9215
838 9215
839 8191
840 8191
841 7167
842 6143
843 4095
844 5119
845 3071
846 3071
847 1020
848 1004
849 995
850 982
851 969
852 951
853 936
854 922
855 909
856 896
857 891
858 876
859 871
860 862
861 859
862 851
863 844
864 838
865 827
866 817
867 811
868 802
869 797
870 786
871 782
872 773
873 767
874 761
875 758
876 751
877 746
878 742
879 738
880 731
881 724
882 720
883 713
884 710
885 707
886 700
887 698
888 696
889 691
890 688
891 685
892 683
893 682
894 671
895 667
896 512  # compresses ieta bin 14, pt 0
897 10239
898 9215
899 10239
900 8191
901 6143
902 6143
903 6143
904 5119
905 5119
906 3071
907 2047
908 2046
909 1019
910 1019
911 1002
912 987
913 979
914 966
915 955
916 938
917 929
918 915
919 902
920 885
921 885
922 875
923 867
924 858
925 855
926 847
927 840
928 834
929 827
930 817
931 811
932 802
933 797
934 786
935 782
936 776
937 772
938 767
939 764
940 756
941 751
942 747
943 743
944 738
945 733
946 726
947 721
948 717
949 714
950 707
951 705
952 701
953 697
954 694
955 690
956 689
957 686
958 677
959 668
960 512  # compresses ieta bin 15, pt 0
961 19455
962 19455
963 19455
964 18431
965 17407
966 16383
967 16383
968 16383
969 16383
970 14335
971 13311
972 14335
973 12287
974 11263
975 9215
976 9215
977 8191
978 6143
979 5119
980 3071
981 1022
982 1003
983 986
984 970
985 962
986 938
987 926
988 920
989 915
990 905
991 896
992 892
993 880
994 871
995 863
996 852
997 845
998 835
999 830
1000 824
1001 820
1002 812
1003 808
1004 799
1005 795
1006 792
1007 786
1008 781
1009 774
1010 767
1011 758
1012 753
1013 750
1014 745
1015 743
1016 739
1017 734
1018 731
1019 727
1020 725
1021 722
1022 715
1023 705
1024 512  # compresses ieta bin 16, pt 0
1025 15359
1026 13311
1027 13311
1028 12287
1029 10239
1030 10239
1031 10239
1032 9215
1033 9215
1034 7167
1035 6143
1036 6143
1037 5119
1038 5119
1039 3071
1040 2046
1041 1020
1042 1005
1043 999
1044 980
1045 968
1046 947
1047 938
1048 919
1049 918
1050 897
1051 891
1052 882
1053 878
1054 869
1055 862
1056 855
1057 848
1058 836
1059 826
1060 820
1061 811
1062 803
1063 798
1064 791
1065 787
1066 781
1067 775
1068 769
1069 764
1070 760
1071 755
1072 749
1073 744
1074 737
1075 728
1076 725
1077 721
1078 718
1079 713
1080 710
1081 705
1082 702
1083 699
1084 697
1085 694
1086 686
1087 676
1088 512  # compresses ieta bin 17, pt 0
1089 7167
1090 6143
1091 6143
1092 3071
1093 1017
1094 1005
1095 994
1096 985
1097 974
1098 956
1099 958
1100 960
1101 945
1102 946
1103 931
1104 918
1105 913
1106 904
1107 896
1108 875
1109 863
1110 847
1111 837
1112 828
1113 825
1114 813
1115 802
1116 795
1117 789
1118 779
1119 775
1120 770
1121 762
1122 751
1123 744
1124 735
1125 732
1126 724
1127 719
1128 712
1129 708
1130 704
1131 703
1132 695
1133 689
1134 687
1135 684
1136 679
1137 675
1138 671
1139 666
1140 663
1141 660
1142 654
1143 652
1144 650
1145 645
1146 643
1147 642
1148 640
1149 640
1150 630
1151 620
1152 512  # compresses ieta bin 18, pt 0
1153 3071
1154 2047
1155 2047
1156 1003
1157 966
1158 956
1159 957
1160 960
1161 954
1162 944
1163 948
1164 941
1165 934
1166 928
1167 914
1168 900
1169 896
1170 889
1171 889
1172 862
1173 857
1174 840
1175 831
1176 817
1177 820
1178 807
1179 801
1180 790
1181 784
1182 775
1183 770
1184 766
1185 758
1186 747
1187 741
1188 734
1189 729
1190 724
1191 716
1192 712
1193 708
1194 702
1195 701
1196 692
1197 689
1198 687
1199 683
1200 679
1201 675
1202 669
1203 664
1204 661
1205 658
1206 652
1207 650
1208 648
1209 643
1210 642
1211 639
1212 639
1213 637
1214 627
1215 620
1216 512  # compresses ieta bin 19, pt 0
1217 12287
1218 10239
1219 10239
1220 8191
1221 5119
1222 5119
1223 4095
1224 3071
1225 3071
1226 1021
1227 1010
1228 1011
1229 1001
1230 993
1231 976
1232 960
1233 946
1234 935
1235 925
1236 904
1237 896
1238 878
1239 867
1240 851
1241 847
1242 828
1243 821
1244 809
1245 804
1246 797
1247 788
1248 783
1249 775
1250 763
1251 755
1252 749
1253 746
1254 737
1255 732
1256 724
1257 720
1258 716
1259 714
1260 706
1261 702
1262 699
1263 695
1264 690
1265 686
1266 679
1267 676
1268 672
1269 669
1270 664
1271 660
1272 658
1273 654
1274 652
1275 650
1276 648
1277 648
1278 637
1279 629
1280 512  # compresses ieta bin 20, pt 0
1281 16383
1282 14335
1283 14335
1284 12287
1285 9215
1286 8191
1287 7167
1288 6143
1289 5119
1290 3071
1291 2047
1292 2047
1293 1011
1294 1010
1295 993
1296 969
1297 954
1298 943
1299 933
1300 917
1301 903
1302 884
1303 873
1304 857
1305 854
1306 839
1307 826
1308 815
1309 812
1310 802
1311 797
1312 791
1313 783
1314 770
1315 763
1316 756
1317 753
1318 744
1319 738
1320 730
1321 728
1322 724
1323 720
1324 713
1325 707
1326 704
1327 703
1328 697
1329 690
1330 686
1331 680
1332 678
1333 674
1334 668
1335 665
1336 663
1337 659
1338 655
1339 653
1340 653
1341 651
1342 641
1343 632
1344 512  # compresses ieta bin 21, pt 0
1345 16383
1346 14335
1347 14335
1348 12287
1349 9215
1350 8191
1351 7167
1352 6143
1353 5119
1354 3071
1355 2047
1356 2047
1357 1012
1358 1010
1359 993
1360 969
1361 954
1362 943
1363 933
1364 917
1365 903
1366 885
1367 873
1368 857
1369 854
1370 839
1371 826
1372 815
1373 812
1374 802
1375 797
1376 791
1377 783
1378 770
1379 763
1380 756
1381 753
1382 744
1383 738
1384 730
1385 728
1386 724
1387 720
1388 713
1389 707
1390 704
1391 703
1392 697
1393 690
1394 686
1395 680
1396 678
1397 674
1398 668
1399 665
1400 663
1401 659
1402 657
1403 655
1404 653
1405 652
1406 641
1407 633
1408 512  # compresses ieta bin 22, pt 0
1409 16383
1410 14335
1411 14335
1412 12287
1413 9215
1414 8191
1415 7167
1416 6143
1417 5119
1418 3071
1419 2045
1420 2045
1421 1010
1422 1010
1423 985
1424 969
1425 954
1426 936
1427 933
1428 911
1429 903
1430 884
1431 873
1432 857
1433 853
1434 833
1435 826
1436 814
1437 808
1438 802
1439 792
1440 787
1441 779
1442 770
1443 763
1444 756
1445 749
1446 740
1447 735
1448 730
1449 725
1450 721
1451 718
1452 711
1453 705
1454 702
1455 700
1456 695
1457 688
1458 683
1459 678
1460 674
1461 671
1462 666
1463 663
1464 661
1465 656
1466 654
1467 650
1468 650
1469 648
1470 635
1471 626
1472 512  # compresses ieta bin 23, pt 0
1473 16383
1474 14335
1475 14335
1476 11263
1477 9215
1478 7167
1479 6143
1480 5119
1481 4095
1482 2047
1483 1019
1484 1019
1485 1002
1486 1001
1487 977
1488 961
1489 954
1490 935
1491 925
1492 910
1493 897
1494 884
1495 867
1496 852
1497 853
1498 833
1499 821
1500 810
1501 808
1502 797
1503 788
1504 783
1505 775
1506 763
1507 755
1508 749
1509 743
1510 737
1511 732
1512 724
1513 719
1514 715
1515 714
1516 705
1517 702
1518 697
1519 695
1520 688
1521 683
1522 677
1523 674
1524 670
1525 667
1526 661
1527 658
1528 656
1529 651
1530 649
1531 647
1532 646
1533 644
1534 633
1535 624
1536 512  # compresses ieta bin 24, pt 0
1537 11263
1538 9215
1539 10239
1540 7167
1541 4095
1542 3071
1543 2045
1544 1020
1545 1009
1546 989
1547 980
1548 980
1549 972
1550 965
1551 949
1552 935
1553 921
1554 912
1555 897
1556 875
1557 863
1558 846
1559 831
1560 817
1561 815
1562 802
1563 796
1564 785
1565 780
1566 770
1567 762
1568 758
1569 750
1570 739
1571 733
1572 727
1573 719
1574 711
1575 706
1576 699
1577 693
1578 690
1579 690
1580 682
1581 682
1582 677
1583 674
1584 665
1585 660
1586 653
1587 644
1588 640
1589 637
1590 632
1591 627
1592 624
1593 623
1594 621
1595 619
1596 618
1597 619
1598 607
1599 599
1600 512  # compresses ieta bin 25, pt 0
1601 17407
1602 14335
1603 14335
1604 12287
1605 9215
1606 8191
1607 6143
1608 5119
1609 4095
1610 2044
1611 1019
1612 1019
1613 991
1614 984
1615 967
1616 952
1617 938
1618 927
1619 918
1620 889
1621 877
1622 859
1623 844
1624 828
1625 825
1626 807
1627 796
1628 786
1629 780
1630 771
1631 766
1632 758
1633 750
1634 739
1635 729
1636 724
1637 715
1638 707
1639 701
1640 694
1641 690
1642 685
1643 684
1644 676
1645 676
1646 669
1647 664
1648 656
1649 651
1650 643
1651 637
1652 631
1653 626
1654 621
1655 617
1656 615
1657 611
1658 608
1659 604
1660 603
1661 600
1662 583
1663 572
1664 512  # compresses ieta bin 26, pt 0
1665 32767
1666 31743
1667 33791
1668 29695
1669 27647
1670 27647
1671 24575
1672 24575
1673 24575
1674 22527
1675 20479
1676 21503
1677 17407
1678 17407
1679 14335
1680 12287
1681 9215
1682 7167
1683 6143
1684 2046
1685 1014
1686 996
1687 986
1688 965
1689 957
1690 934
1691 916
1692 906
1693 896
1694 887
1695 875
1696 863
1697 852
1698 836
1699 822
1700 813
1701 804
1702 793
1703 785
1704 776
1705 770
1706 764
1707 761
1708 748
1709 738
1710 732
1711 726
1712 717
1713 709
1714 702
1715 693
1716 687
1717 682
1718 675
1719 670
1720 666
1721 660
1722 657
1723 655
1724 653
1725 648
1726 630
1727 619
1728 512  # compresses ieta bin 27, pt 0
1729 26623
1730 25599
1731 26623
1732 21503
1733 20479
1734 20479
1735 18431
1736 17407
1737 17407
1738 16383
1739 14335
1740 15359
1741 12287
1742 12287
1743 9215
1744 7167
1745 5119
1746 2047
1747 1020
1748 993
1749 982
1750 965
1751 950
1752 936
1753 930
1754 912
1755 902
1756 891
1757 887
1758 874
1759 866
1760 855
1761 844
1762 829
1763 818
1764 806
1765 797
1766 789
1767 782
1768 773
1769 767
1770 758
1771 758
1772 745
1773 736
1774 727
1775 722
1776 713
1777 707
1778 698
1779 689
1780 685
1781 680
1782 673
1783 668
1784 664
1785 657
1786 657
1787 653
1788 653
1789 650
1790 630
1791 627
1792 512  # compresses ieta bin 28, pt 0
1793 5119
1794 3071
1795 3071
1796 2046
1797 979
1798 966
1799 933
1800 914
1801 896
1802 904
1803 887
1804 891
1805 878
1806 874
1807 861
1808 858
1809 847
1810 827
1811 816
1812 792
1813 785
1814 778
1815 765
1816 755
1817 749
1818 739
1819 731
1820 722
1821 724
1822 708
1823 692
1824 691
1825 689
1826 681
1827 670
1828 667
1829 664
1830 652
1831 646
1832 642
1833 637
1834 633
1835 632
1836 625
1837 622
1838 619
1839 616
1840 613
1841 606
1842 606
1843 603
1844 603
1845 596
1846 591
1847 587
1848 586
1849 584
1850 580
1851 577
1852 575
1853 574
1854 569
1855 566
1856 512  # compresses ieta bin 29, pt 0
1857 933
1858 888
1859 866
1860 861
1861 816
1862 787
1863 774
1864 762
1865 762
1866 742
1867 733
1868 726
1869 716
1870 710
1871 695
1872 696
1873 690
1874 680
1875 677
1876 662
1877 666
1878 659
1879 647
1880 652
1881 646
1882 640
1883 635
1884 626
1885 622
1886 622
1887 614
1888 611
1889 604
1890 596
1891 596
1892 592
1893 592
1894 576
1895 571
1896 568
1897 567
1898 565
1899 560
1900 559
1901 555
1902 546
1903 542
1904 543
1905 535
1906 528
1907 525
1908 525
1909 519
1910 517
1911 516
1912 516
1913 513
1914 511
1915 510
1916 510
1917 507
1918 506
1919 504
1920 512  # compresses ieta bin 30, pt 0
1921 880
1922 824
1923 794
1924 791
1925 761
1926 736
1927 726
1928 716
1929 718
1930 701
1931 692
1932 685
1933 678
1934 672
1935 650
1936 644
1937 632
1938 633
1939 626
1940 612
1941 614
1942 609
1943 599
1944 595
1945 597
1946 593
1947 585
1948 582
1949 580
1950 577
1951 575
1952 573
1953 567
1954 565
1955 562
1956 564
1957 565
1958 550
1959 548
1960 547
1961 546
1962 545
1963 538
1964 537
1965 534
1966 526
1967 523
1968 523
1969 518
1970 513
1971 511
1972 506
1973 503
1974 501
1975 502
1976 500
1977 498
1978 497
1979 494
1980 494
1981 491
1982 490
1983 488
1984 512  # compresses ieta bin 31, pt 0
1985 794
1986 746
1987 717
1988 705
1989 694
1990 659
1991 653
1992 646
1993 641
1994 624
1995 610
1996 616
1997 593
1998 590
1999 578
2000 576
2001 566
2002 563
2003 560
2004 550
2005 548
2006 534
2007 533
2008 527
2009 526
2010 520
2011 520
2012 519
2013 515
2014 506
2015 501
2016 498
2017 494
2018 491
2019 485
2020 486
2021 487
2022 484
2023 485
2024 483
2025 482
2026 482
2027 480
2028 479
2029 480
2030 481
2031 480
2032 477
2033 477
2034 475
2035 470
2036 467
2037 465
2038 462
2039 462
2040 462
2041 459
2042 458
2043 457
2044 456
2045 454
2046 453
2047 453
2048 512  # compresses ieta bin 32, pt 0
2049 779
2050 745
2051 715
2052 704
2053 683
2054 659
2055 642
2056 646
2057 640
2058 613
2059 601
2060 606
2061 583
2062 581
2063 553
2064 551
2065 541
2066 540
2067 530
2068 529
2069 523
2070 509
2071 509
2072 499
2073 499
2074 494
2075 490
2076 490
2077 487
2078 479
2079 475
2080 473
2081 474
2082 472
2083 470
2084 468
2085 470
2086 468
2087 467
2088 468
2089 466
2090 465
2091 464
2092 463
2093 464
2094 463
2095 463
2096 461
2097 460
2098 458
2099 457
2100 450
2101 447
2102 446
2103 444
2104 443
2105 441
2106 440
2107 440
2108 438
2109 436
2110 436
2111 435
2112 512  # compresses ieta bin 33, pt 0
2113 657
2114 632
2115 595
2116 579
2117 573
2118 557
2119 532
2120 530
2121 529
2122 507
2123 497
2124 498
2125 480
2126 480
2127 464
2128 457
2129 450
2130 446
2131 443
2132 439
2133 437
2134 428
2135 426
2136 424
2137 422
2138 415
2139 414
2140 413
2141 417
2142 416
2143 415
2144 414
2145 413
2146 414
2147 414
2148 411
2149 412
2150 412
2151 413
2152 410
2153 411
2154 409
2155 409
2156 409
2157 410
2158 411
2159 408
2160 409
2161 408
2162 409
2163 408
2164 405
2165 404
2166 402
2167 401
2168 400
2169 400
2170 399
2171 397
2172 397
2173 395
2174 394
2175 394
2176 512  # compresses ieta bin 34, pt 0
2177 606
2178 584
2179 553
2180 536
2181 532
2182 518
2183 494
2184 495
2185 495
2186 475
2187 466
2188 460
2189 442
2190 444
2191 428
2192 424
2193 418
2194 416
2195 413
2196 412
2197 410
2198 403
2199 402
2200 401
2201 396
2202 395
2203 394
2204 394
2205 394
2206 394
2207 393
2208 397
2209 397
2210 394
2211 395
2212 393
2213 394
2214 396
2215 394
2216 395
2217 396
2218 397
2219 395
2220 396
2221 395
2222 396
2223 396
2224 396
2225 397
2226 397
2227 396
2228 394
2229 393
2230 391
2231 391
2232 389
2233 389
2234 387
2235 387
2236 387
2237 386
2238 385
2239 384
2240 512  # compresses ieta bin 35, pt 0
2241 607
2242 585
2243 565
2244 548
2245 532
2246 518
2247 495
2248 495
2249 495
2250 475
2251 466
2252 468
2253 451
2254 453
2255 430
2256 431
2257 426
2258 423
2259 421
2260 413
2261 417
2262 403
2263 403
2264 401
2265 401
2266 400
2267 399
2268 399
2269 399
2270 402
2271 402
2272 401
2273 401
2274 398
2275 399
2276 400
2277 398
2278 399
2279 400
2280 398
2281 399
2282 400
2283 398
2284 399
2285 400
2286 398
2287 399
2288 398
2289 397
2290 397
2291 398
2292 394
2293 393
2294 391
2295 391
2296 391
2297 390
2298 389
2299 389
2300 388
2301 386
2302 385
2303 385
2304 512  # compresses ieta bin 36, pt 0
2305 640
2306 616
2307 595
2308 576
2309 560
2310 557
2311 531
2312 530
2313 520
2314 507
2315 497
2316 498
2317 479
2318 480
2319 464
2320 457
2321 450
2322 447
2323 444
2324 440
2325 437
2326 428
2327 426
2328 424
2329 422
2330 415
2331 414
2332 418
2333 417
2334 416
2335 415
2336 414
2337 413
2338 414
2339 410
2340 411
2341 412
2342 412
2343 410
2344 410
2345 411
2346 411
2347 409
2348 409
2349 410
2350 411
2351 411
2352 409
2353 408
2354 409
2355 410
2356 405
2357 406
2358 403
2359 402
2360 402
2361 401
2362 401
2363 400
2364 399
2365 398
2366 396
2367 396
2368 512  # compresses ieta bin 37, pt 0
2369 691
2370 664
2371 612
2372 605
2373 586
2374 582
2375 555
2376 553
2377 551
2378 528
2379 517
2380 517
2381 498
2382 499
2383 481
2384 475
2385 475
2386 477
2387 472
2388 467
2389 463
2390 447
2391 444
2392 441
2393 439
2394 431
2395 429
2396 428
2397 426
2398 425
2399 424
2400 422
2401 417
2402 410
2403 410
2404 411
2405 412
2406 412
2407 409
2408 410
2409 411
2410 408
2411 409
2412 407
2413 407
2414 408
2415 408
2416 407
2417 406
2418 407
2419 406
2420 403
2421 402
2422 400
2423 401
2424 402
2425 401
2426 401
2427 400
2428 399
2429 399
2430 398
2431 398
2432 512  # compresses ieta bin 38, pt 0
2433 830
2434 808
2435 745
2436 719
2437 708
2438 675
2439 640
2440 634
2441 608
2442 581
2443 539
2444 538
2445 526
2446 527
2447 516
2448 508
2449 508
2450 508
2451 488
2452 482
2453 483
2454 466
2455 456
2456 453
2457 450
2458 437
2459 434
2460 432
2461 435
2462 434
2463 432
2464 431
2465 425
2466 417
2467 421
2468 418
2469 418
2470 419
2471 419
2472 419
2473 419
2474 417
2475 415
2476 415
2477 415
2478 416
2479 415
2480 414
2481 415
2482 415
2483 414
2484 411
2485 411
2486 408
2487 409
2488 410
2489 410
2490 409
2491 409
2492 408
2493 407
2494 406
2495 406
2496 512  # compresses ieta bin 39, pt 0
2497 862
2498 840
2499 806
2500 804
2501 775
2502 739
2503 704
2504 704
2505 686
2506 656
2507 632
2508 635
2509 612
2510 609
2511 578
2512 576
2513 566
2514 563
2515 539
2516 536
2517 529
2518 515
2519 509
2520 498
2521 493
2522 478
2523 474
2524 471
2525 473
2526 474
2527 471
2528 464
2529 462
2530 452
2531 455
2532 457
2533 456
2534 455
2535 454
2536 453
2537 452
2538 448
2539 447
2540 447
2541 446
2542 448
2543 447
2544 446
2545 445
2546 444
2547 445
2548 440
2549 442
2550 438
2551 439
2552 438
2553 438
2554 436
2555 436
2556 435
2557 435
2558 434
2559 434
2560 0 # dummy
2561 0 # dummy
2562 0 # dummy
2563 0 # dummy
2564 0 # dummy
2565 0 # dummy
2566 0 # dummy
2567 0 # dummy
2568 0 # dummy
2569 0 # dummy
2570 0 # dummy
2571 0 # dummy
2572 0 # dummy
2573 0 # dummy
2574 0 # dummy
2575 0 # dummy
2576 0 # dummy
2577 0 # dummy
2578 0 # dummy
2579 0 # dummy
2580 0 # dummy
2581 0 # dummy
2582 0 # dummy
2583 0 # dummy
2584 0 # dummy
2585 0 # dummy
2586 0 # dummy
2587 0 # dummy
2588 0 # dummy
2589 0 # dummy
2590 0 # dummy
2591 0 # dummy
2592 0 # dummy
2593 0 # dummy
2594 0 # dummy
2595 0 # dummy
2596 0 # dummy
2597 0 # dummy
2598 0 # dummy
2599 0 # dummy
2600 0 # dummy
2601 0 # dummy
2602 0 # dummy
2603 0 # dummy
2604 0 # dummy
2605 0 # dummy
2606 0 # dummy
2607 0 # dummy
2608 0 # dummy
2609 0 # dummy
2610 0 # dummy
2611 0 # dummy
2612 0 # dummy
2613 0 # dummy
2614 0 # dummy
2615 0 # dummy
2616 0 # dummy
2617 0 # dummy
2618 0 # dummy
2619 0 # dummy
2620 0 # dummy
2621 0 # dummy
2622 0 # dummy
2623 0 # dummy
2624 0 # dummy
2625 0 # dummy
2626 0 # dummy
2627 0 # dummy
2628 0 # dummy
2629 0 # dummy
2630 0 # dummy
2631 0 # dummy
2632 0 # dummy
2633 0 # dummy
2634 0 # dummy
2635 0 # dummy
2636 0 # dummy
2637 0 # dummy
2638 0 # dummy
2639 0 # dummy
2640 0 # dummy
2641 0 # dummy
2642 0 # dummy
2643 0 # dummy
2644 0 # dummy
2645 0 # dummy
2646 0 # dummy
2647 0 # dummy
2648 0 # dummy
2649 0 # dummy
2650 0 # dummy
2651 0 # dummy
2652 0 # dummy
2653 0 # dummy
2654 0 # dummy
2655 0 # dummy
2656 0 # dummy
2657 0 # dummy
2658 0 # dummy
2659 0 # dummy
2660 0 # dummy
2661 0 # dummy
2662 0 # dummy
2663 0 # dummy
2664 0 # dummy
2665 0 # dummy
2666 0 # dummy
2667 0 # dummy
2668 0 # dummy
2669 0 # dummy
2670 0 # dummy
2671 0 # dummy
2672 0 # dummy
2673 0 # dummy
2674 0 # dummy
2675 0 # dummy
2676 0 # dummy
2677 0 # dummy
2678 0 # dummy
2679 0 # dummy
2680 0 # dummy
2681 0 # dummy
2682 0 # dummy
2683 0 # dummy
2684 0 # dummy
2685 0 # dummy
2686 0 # dummy
2687 0 # dummy
2688 0 # dummy
2689 0 # dummy
2690 0 # dummy
2691 0 # dummy
2692 0 # dummy
2693 0 # dummy
2694 0 # dummy
2695 0 # dummy
2696 0 # dummy
2697 0 # dummy
2698 0 # dummy
2699 0 # dummy
2700 0 # dummy
2701 0 # dummy
2702 0 # dummy
2703 0 # dummy
2704 0 # dummy
2705 0 # dummy
2706 0 # dummy
2707 0 # dummy
2708 0 # dummy
2709 0 # dummy
2710 0 # dummy
2711 0 # dummy
2712 0 # dummy
2713 0 # dummy
2714 0 # dummy
2715 0 # dummy
2716 0 # dummy
2717 0 # dummy
2718 0 # dummy
2719 0 # dummy
2720 0 # dummy
2721 0 # dummy
2722 0 # dummy
2723 0 # dummy
2724 0 # dummy
2725 0 # dummy
2726 0 # dummy
2727 0 # dummy
2728 0 # dummy
2729 0 # dummy
2730 0 # dummy
2731 0 # dummy
2732 0 # dummy
2733 0 # dummy
2734 0 # dummy
2735 0 # dummy
2736 0 # dummy
2737 0 # dummy
2738 0 # dummy
2739 0 # dummy
2740 0 # dummy
2741 0 # dummy
2742 0 # dummy
2743 0 # dummy
2744 0 # dummy
2745 0 # dummy
2746 0 # dummy
2747 0 # dummy
2748 0 # dummy
2749 0 # dummy
2750 0 # dummy
2751 0 # dummy
2752 0 # dummy
2753 0 # dummy
2754 0 # dummy
2755 0 # dummy
2756 0 # dummy
2757 0 # dummy
2758 0 # dummy
2759 0 # dummy
2760 0 # dummy
2761 0 # dummy
2762 0 # dummy
2763 0 # dummy
2764 0 # dummy
2765 0 # dummy
2766 0 # dummy
2767 0 # dummy
2768 0 # dummy
2769 0 # dummy
2770 0 # dummy
2771 0 # dummy
2772 0 # dummy
2773 0 # dummy
2774 0 # dummy
2775 0 # dummy
2776 0 # dummy
2777 0 # dummy
2778 0 # dummy
2779 0 # dummy
2780 0 # dummy
2781 0 # dummy
2782 0 # dummy
2783 0 # dummy
2784 0 # dummy
2785 0 # dummy
2786 0 # dummy
2787 0 # dummy
2788 0 # dummy
2789 0 # dummy
2790 0 # dummy
2791 0 # dummy
2792 0 # dummy
2793 0 # dummy
2794 0 # dummy
2795 0 # dummy
2796 0 # dummy
2797 0 # dummy
2798 0 # dummy
2799 0 # dummy
2800 0 # dummy
2801 0 # dummy
2802 0 # dummy
2803 0 # dummy
2804 0 # dummy
2805 0 # dummy
2806 0 # dummy
2807 0 # dummy
2808 0 # dummy
2809 0 # dummy
2810 0 # dummy
2811 0 # dummy
2812 0 # dummy
2813 0 # dummy
2814 0 # dummy
2815 0 # dummy
2816 0 # dummy
2817 0 # dummy
2818 0 # dummy
2819 0 # dummy
2820 0 # dummy
2821 0 # dummy
2822 0 # dummy
2823 0 # dummy
2824 0 # dummy
2825 0 # dummy
2826 0 # dummy
2827 0 # dummy
2828 0 # dummy
2829 0 # dummy
2830 0 # dummy
2831 0 # dummy
2832 0 # dummy
2833 0 # dummy
2834 0 # dummy
2835 0 # dummy
2836 0 # dummy
2837 0 # dummy
2838 0 # dummy
2839 0 # dummy
2840 0 # dummy
2841 0 # dummy
2842 0 # dummy
2843 0 # dummy
2844 0 # dummy
2845 0 # dummy
2846 0 # dummy
2847 0 # dummy
2848 0 # dummy
2849 0 # dummy
2850 0 # dummy
2851 0 # dummy
2852 0 # dummy
2853 0 # dummy
2854 0 # dummy
2855 0 # dummy
2856 0 # dummy
2857 0 # dummy
2858 0 # dummy
2859 0 # dummy
2860 0 # dummy
2861 0 # dummy
2862 0 # dummy
2863 0 # dummy
2864 0 # dummy
2865 0 # dummy
2866 0 # dummy
2867 0 # dummy
2868 0 # dummy
2869 0 # dummy
2870 0 # dummy
2871 0 # dummy
2872 0 # dummy
2873 0 # dummy
2874 0 # dummy
2875 0 # dummy
2876 0 # dummy
2877 0 # dummy
2878 0 # dummy
2879 0 # dummy
2880 0 # dummy
2881 0 # dummy
2882 0 # dummy
2883 0 # dummy
2884 0 # dummy
2885 0 # dummy
2886 0 # dummy
2887 0 # dummy
2888 0 # dummy
2889 0 # dummy
2890 0 # dummy
2891 0 # dummy
2892 0 # dummy
2893 0 # dummy
2894 0 # dummy
2895 0 # dummy
2896 0 # dummy
2897 0 # dummy
2898 0 # dummy
2899 0 # dummy
2900 0 # dummy
2901 0 # dummy
2902 0 # dummy
2903 0 # dummy
2904 0 # dummy
2905 0 # dummy
2906 0 # dummy
2907 0 # dummy
2908 0 # dummy
2909 0 # dummy
2910 0 # dummy
2911 0 # dummy
2912 0 # dummy
2913 0 # dummy
2914 0 # dummy
2915 0 # dummy
2916 0 # dummy
2917 0 # dummy
2918 0 # dummy
2919 0 # dummy
2920 0 # dummy
2921 0 # dummy
2922 0 # dummy
2923 0 # dummy
2924 0 # dummy
2925 0 # dummy
2926 0 # dummy
2927 0 # dummy
2928 0 # dummy
2929 0 # dummy
2930 0 # dummy
2931 0 # dummy
2932 0 # dummy
2933 0 # dummy
2934 0 # dummy
2935 0 # dummy
2936 0 # dummy
2937 0 # dummy
2938 0 # dummy
2939 0 # dummy
2940 0 # dummy
2941 0 # dummy
2942 0 # dummy
2943 0 # dummy
2944 0 # dummy
2945 0 # dummy
2946 0 # dummy
2947 0 # dummy
2948 0 # dummy
2949 0 # dummy
2950 0 # dummy
2951 0 # dummy
2952 0 # dummy
2953 0 # dummy
2954 0 # dummy
2955 0 # dummy
2956 0 # dummy
2957 0 # dummy
2958 0 # dummy
2959 0 # dummy
2960 0 # dummy
2961 0 # dummy
2962 0 # dummy
2963 0 # dummy
2964 0 # dummy
2965 0 # dummy
2966 0 # dummy
2967 0 # dummy
2968 0 # dummy
2969 0 # dummy
2970 0 # dummy
2971 0 # dummy
2972 0 # dummy
2973 0 # dummy
2974 0 # dummy
2975 0 # dummy
2976 0 # dummy
2977 0 # dummy
2978 0 # dummy
2979 0 # dummy
2980 0 # dummy
2981 0 # dummy
2982 0 # dummy
2983 0 # dummy
2984 0 # dummy
2985 0 # dummy
2986 0 # dummy
2987 0 # dummy
2988 0 # dummy
2989 0 # dummy
2990 0 # dummy
2991 0 # dummy
2992 0 # dummy
2993 0 # dummy
2994 0 # dummy
2995 0 # dummy
2996 0 # dummy
2997 0 # dummy
2998 0 # dummy
2999 0 # dummy
3000 0 # dummy
3001 0 # dummy
3002 0 # dummy
3003 0 # dummy
3004 0 # dummy
3005 0 # dummy
3006 0 # dummy
3007 0 # dummy
3008 0 # dummy
3009 0 # dummy
3010 0 # dummy
3011 0 # dummy
3012 0 # dummy
3013 0 # dummy
3014 0 # dummy
3015 0 # dummy
3016 0 # dummy
3017 0 # dummy
3018 0 # dummy
3019 0 # dummy
3020 0 # dummy
3021 0 # dummy
3022 0 # dummy
3023 0 # dummy
3024 0 # dummy
3025 0 # dummy
3026 0 # dummy
3027 0 # dummy
3028 0 # dummy
3029 0 # dummy
3030 0 # dummy
3031 0 # dummy
3032 0 # dummy
3033 0 # dummy
3034 0 # dummy
3035 0 # dummy
3036 0 # dummy
3037 0 # dummy
3038 0 # dummy
3039 0 # dummy
3040 0 # dummy
3041 0 # dummy
3042 0 # dummy
3043 0 # dummy
3044 0 # dummy
3045 0 # dummy
3046 0 # dummy
3047 0 # dummy
3048 0 # dummy
3049 0 # dummy
3050 0 # dummy
3051 0 # dummy
3052 0 # dummy
3053 0 # dummy
3054 0 # dummy
3055 0 # dummy
3056 0 # dummy
3057 0 # dummy
3058 0 # dummy
3059 0 # dummy
3060 0 # dummy
3061 0 # dummy
3062 0 # dummy
3063 0 # dummy
3064 0 # dummy
3065 0 # dummy
3066 0 # dummy
3067 0 # dummy
3068 0 # dummy
3069 0 # dummy
3070 0 # dummy
3071 0 # dummy
3072 0 # dummy
3073 0 # dummy
3074 0 # dummy
3075 0 # dummy
3076 0 # dummy
3077 0 # dummy
3078 0 # dummy
3079 0 # dummy
3080 0 # dummy
3081 0 # dummy
3082 0 # dummy
3083 0 # dummy
3084 0 # dummy
3085 0 # dummy
3086 0 # dummy
3087 0 # dummy
3088 0 # dummy
3089 0 # dummy
3090 0 # dummy
3091 0 # dummy
3092 0 # dummy
3093 0 # dummy
3094 0 # dummy
3095 0 # dummy
3096 0 # dummy
3097 0 # dummy
3098 0 # dummy
3099 0 # dummy
3100 0 # dummy
3101 0 # dummy
3102 0 # dummy
3103 0 # dummy
3104 0 # dummy
3105 0 # dummy
3106 0 # dummy
3107 0 # dummy
3108 0 # dummy
3109 0 # dummy
3110 0 # dummy
3111 0 # dummy
3112 0 # dummy
3113 0 # dummy
3114 0 # dummy
3115 0 # dummy
3116 0 # dummy
3117 0 # dummy
3118 0 # dummy
3119 0 # dummy
3120 0 # dummy
3121 0 # dummy
3122 0 # dummy
3123 0 # dummy
3124 0 # dummy
3125 0 # dummy
3126 0 # dummy
3127 0 # dummy
3128 0 # dummy
3129 0 # dummy
3130 0 # dummy
3131 0 # dummy
3132 0 # dummy
3133 0 # dummy
3134 0 # dummy
3135 0 # dummy
3136 0 # dummy
3137 0 # dummy
3138 0 # dummy
3139 0 # dummy
3140 0 # dummy
3141 0 # dummy
3142 0 # dummy
3143 0 # dummy
3144 0 # dummy
3145 0 # dummy
3146 0 # dummy
3147 0 # dummy
3148 0 # dummy
3149 0 # dummy
3150 0 # dummy
3151 0 # dummy
3152 0 # dummy
3153 0 # dummy
3154 0 # dummy
3155 0 # dummy
3156 0 # dummy
3157 0 # dummy
3158 0 # dummy
3159 0 # dummy
3160 0 # dummy
3161 0 # dummy
3162 0 # dummy
3163 0 # dummy
3164 0 # dummy
3165 0 # dummy
3166 0 # dummy
3167 0 # dummy
3168 0 # dummy
3169 0 # dummy
3170 0 # dummy
3171 0 # dummy
3172 0 # dummy
3173 0 # dummy
3174 0 # dummy
3175 0 # dummy
3176 0 # dummy
3177 0 # dummy
3178 0 # dummy
3179 0 # dummy
3180 0 # dummy
3181 0 # dummy
3182 0 # dummy
3183 0 # dummy
3184 0 # dummy
3185 0 # dummy
3186 0 # dummy
3187 0 # dummy
3188 0 # dummy
3189 0 # dummy
3190 0 # dummy
3191 0 # dummy
3192 0 # dummy
3193 0 # dummy
3194 0 # dummy
3195 0 # dummy
3196 0 # dummy
3197 0 # dummy
3198 0 # dummy
3199 0 # dummy
3200 0 # dummy
3201 0 # dummy
3202 0 # dummy
3203 0 # dummy
3204 0 # dummy
3205 0 # dummy
3206 0 # dummy
3207 0 # dummy
3208 0 # dummy
3209 0 # dummy
3210 0 # dummy
3211 0 # dummy
3212 0 # dummy
3213 0 # dummy
3214 0 # dummy
3215 0 # dummy
3216 0 # dummy
3217 0 # dummy
3218 0 # dummy
3219 0 # dummy
3220 0 # dummy
3221 0 # dummy
3222 0 # dummy
3223 0 # dummy
3224 0 # dummy
3225 0 # dummy
3226 0 # dummy
3227 0 # dummy
3228 0 # dummy
3229 0 # dummy
3230 0 # dummy
3231 0 # dummy
3232 0 # dummy
3233 0 # dummy
3234 0 # dummy
3235 0 # dummy
3236 0 # dummy
3237 0 # dummy
3238 0 # dummy
3239 0 # dummy
3240 0 # dummy
3241 0 # dummy
3242 0 # dummy
3243 0 # dummy
3244 0 # dummy
3245 0 # dummy
3246 0 # dummy
3247 0 # dummy
3248 0 # dummy
3249 0 # dummy
3250 0 # dummy
3251 0 # dummy
3252 0 # dummy
3253 0 # dummy
3254 0 # dummy
3255 0 # dummy
3256 0 # dummy
3257 0 # dummy
3258 0 # dummy
3259 0 # dummy
3260 0 # dummy
3261 0 # dummy
3262 0 # dummy
3263 0 # dummy
3264 0 # dummy
3265 0 # dummy
3266 0 # dummy
3267 0 # dummy
3268 0 # dummy
3269 0 # dummy
3270 0 # dummy
3271 0 # dummy
3272 0 # dummy
3273 0 # dummy
3274 0 # dummy
3275 0 # dummy
3276 0 # dummy
3277 0 # dummy
3278 0 # dummy
3279 0 # dummy
3280 0 # dummy
3281 0 # dummy
3282 0 # dummy
3283 0 # dummy
3284 0 # dummy
3285 0 # dummy
3286 0 # dummy
3287 0 # dummy
3288 0 # dummy
3289 0 # dummy
3290 0 # dummy
3291 0 # dummy
3292 0 # dummy
3293 0 # dummy
3294 0 # dummy
3295 0 # dummy
3296 0 # dummy
3297 0 # dummy
3298 0 # dummy
3299 0 # dummy
3300 0 # dummy
3301 0 # dummy
3302 0 # dummy
3303 0 # dummy
3304 0 # dummy
3305 0 # dummy
3306 0 # dummy
3307 0 # dummy
3308 0 # dummy
3309 0 # dummy
3310 0 # dummy
3311 0 # dummy
3312 0 # dummy
3313 0 # dummy
3314 0 # dummy
3315 0 # dummy
3316 0 # dummy
3317 0 # dummy
3318 0 # dummy
3319 0 # dummy
3320 0 # dummy
3321 0 # dummy
3322 0 # dummy
3323 0 # dummy
3324 0 # dummy
3325 0 # dummy
3326 0 # dummy
3327 0 # dummy
3328 0 # dummy
3329 0 # dummy
3330 0 # dummy
3331 0 # dummy
3332 0 # dummy
3333 0 # dummy
3334 0 # dummy
3335 0 # dummy
3336 0 # dummy
3337 0 # dummy
3338 0 # dummy
3339 0 # dummy
3340 0 # dummy
3341 0 # dummy
3342 0 # dummy
3343 0 # dummy
3344 0 # dummy
3345 0 # dummy
3346 0 # dummy
3347 0 # dummy
3348 0 # dummy
3349 0 # dummy
3350 0 # dummy
3351 0 # dummy
3352 0 # dummy
3353 0 # dummy
3354 0 # dummy
3355 0 # dummy
3356 0 # dummy
3357 0 # dummy
3358 0 # dummy
3359 0 # dummy
3360 0 # dummy
3361 0 # dummy
3362 0 # dummy
3363 0 # dummy
3364 0 # dummy
3365 0 # dummy
3366 0 # dummy
3367 0 # dummy
3368 0 # dummy
3369 0 # dummy
3370 0 # dummy
3371 0 # dummy
3372 0 # dummy
3373 0 # dummy
3374 0 # dummy
3375 0 # dummy
3376 0 # dummy
3377 0 # dummy
3378 0 # dummy
3379 0 # dummy
3380 0 # dummy
3381 0 # dummy
3382 0 # dummy
3383 0 # dummy
3384 0 # dummy
3385 0 # dummy
3386 0 # dummy
3387 0 # dummy
3388 0 # dummy
3389 0 # dummy
3390 0 # dummy
3391 0 # dummy
3392 0 # dummy
3393 0 # dummy
3394 0 # dummy
3395 0 # dummy
3396 0 # dummy
3397 0 # dummy
3398 0 # dummy
3399 0 # dummy
3400 0 # dummy
3401 0 # dummy
3402 0 # dummy
3403 0 # dummy
3404 0 # dummy
3405 0 # dummy
3406 0 # dummy
3407 0 # dummy
3408 0 # dummy
3409 0 # dummy
3410 0 # dummy
3411 0 # dummy
3412 0 # dummy
3413 0 # dummy
3414 0 # dummy
3415 0 # dummy
3416 0 # dummy
3417 0 # dummy
3418 0 # dummy
3419 0 # dummy
3420 0 # dummy
3421 0 # dummy
3422 0 # dummy
3423 0 # dummy
3424 0 # dummy
3425 0 # dummy
3426 0 # dummy
3427 0 # dummy
3428 0 # dummy
3429 0 # dummy
3430 0 # dummy
3431 0 # dummy
3432 0 # dummy
3433 0 # dummy
3434 0 # dummy
3435 0 # dummy
3436 0 # dummy
3437 0 # dummy
3438 0 # dummy
3439 0 # dummy
3440 0 # dummy
3441 0 # dummy
3442 0 # dummy
3443 0 # dummy
3444 0 # dummy
3445 0 # dummy
3446 0 # dummy
3447 0 # dummy
3448 0 # dummy
3449 0 # dummy
3450 0 # dummy
3451 0 # dummy
3452 0 # dummy
3453 0 # dummy
3454 0 # dummy
3455 0 # dummy
3456 0 # dummy
3457 0 # dummy
3458 0 # dummy
3459 0 # dummy
3460 0 # dummy
3461 0 # dummy
3462 0 # dummy
3463 0 # dummy
3464 0 # dummy
3465 0 # dummy
3466 0 # dummy
3467 0 # dummy
3468 0 # dummy
3469 0 # dummy
3470 0 # dummy
3471 0 # dummy
3472 0 # dummy
3473 0 # dummy
3474 0 # dummy
3475 0 # dummy
3476 0 # dummy
3477 0 # dummy
3478 0 # dummy
3479 0 # dummy
3480 0 # dummy
3481 0 # dummy
3482 0 # dummy
3483 0 # dummy
3484 0 # dummy
3485 0 # dummy
3486 0 # dummy
3487 0 # dummy
3488 0 # dummy
3489 0 # dummy
3490 0 # dummy
3491 0 # dummy
3492 0 # dummy
3493 0 # dummy
3494 0 # dummy
3495 0 # dummy
3496 0 # dummy
3497 0 # dummy
3498 0 # dummy
3499 0 # dummy
3500 0 # dummy
3501 0 # dummy
3502 0 # dummy
3503 0 # dummy
3504 0 # dummy
3505 0 # dummy
3506 0 # dummy
3507 0 # dummy
3508 0 # dummy
3509 0 # dummy
3510 0 # dummy
3511 0 # dummy
3512 0 # dummy
3513 0 # dummy
3514 0 # dummy
3515 0 # dummy
3516 0 # dummy
3517 0 # dummy
3518 0 # dummy
3519 0 # dummy
3520 0 # dummy
3521 0 # dummy
3522 0 # dummy
3523 0 # dummy
3524 0 # dummy
3525 0 # dummy
3526 0 # dummy
3527 0 # dummy
3528 0 # dummy
3529 0 # dummy
3530 0 # dummy
3531 0 # dummy
3532 0 # dummy
3533 0 # dummy
3534 0 # dummy
3535 0 # dummy
3536 0 # dummy
3537 0 # dummy
3538 0 # dummy
3539 0 # dummy
3540 0 # dummy
3541 0 # dummy
3542 0 # dummy
3543 0 # dummy
3544 0 # dummy
3545 0 # dummy
3546 0 # dummy
3547 0 # dummy
3548 0 # dummy
3549 0 # dummy
3550 0 # dummy
3551 0 # dummy
3552 0 # dummy
3553 0 # dummy
3554 0 # dummy
3555 0 # dummy
3556 0 # dummy
3557 0 # dummy
3558 0 # dummy
3559 0 # dummy
3560 0 # dummy
3561 0 # dummy
3562 0 # dummy
3563 0 # dummy
3564 0 # dummy
3565 0 # dummy
3566 0 # dummy
3567 0 # dummy
3568 0 # dummy
3569 0 # dummy
3570 0 # dummy
3571 0 # dummy
3572 0 # dummy
3573 0 # dummy
3574 0 # dummy
3575 0 # dummy
3576 0 # dummy
3577 0 # dummy
3578 0 # dummy
3579 0 # dummy
3580 0 # dummy
3581 0 # dummy
3582 0 # dummy
3583 0 # dummy
3584 0 # dummy
3585 0 # dummy
3586 0 # dummy
3587 0 # dummy
3588 0 # dummy
3589 0 # dummy
3590 0 # dummy
3591 0 # dummy
3592 0 # dummy
3593 0 # dummy
3594 0 # dummy
3595 0 # dummy
3596 0 # dummy
3597 0 # dummy
3598 0 # dummy
3599 0 # dummy
3600 0 # dummy
3601 0 # dummy
3602 0 # dummy
3603 0 # dummy
3604 0 # dummy
3605 0 # dummy
3606 0 # dummy
3607 0 # dummy
3608 0 # dummy
3609 0 # dummy
3610 0 # dummy
3611 0 # dummy
3612 0 # dummy
3613 0 # dummy
3614 0 # dummy
3615 0 # dummy
3616 0 # dummy
3617 0 # dummy
3618 0 # dummy
3619 0 # dummy
3620 0 # dummy
3621 0 # dummy
3622 0 # dummy
3623 0 # dummy
3624 0 # dummy
3625 0 # dummy
3626 0 # dummy
3627 0 # dummy
3628 0 # dummy
3629 0 # dummy
3630 0 # dummy
3631 0 # dummy
3632 0 # dummy
3633 0 # dummy
3634 0 # dummy
3635 0 # dummy
3636 0 # dummy
3637 0 # dummy
3638 0 # dummy
3639 0 # dummy
3640 0 # dummy
3641 0 # dummy
3642 0 # dummy
3643 0 # dummy
3644 0 # dummy
3645 0 # dummy
3646 0 # dummy
3647 0 # dummy
3648 0 # dummy
3649 0 # dummy
3650 0 # dummy
3651 0 # dummy
3652 0 # dummy
3653 0 # dummy
3654 0 # dummy
3655 0 # dummy
3656 0 # dummy
3657 0 # dummy
3658 0 # dummy
3659 0 # dummy
3660 0 # dummy
3661 0 # dummy
3662 0 # dummy
3663 0 # dummy
3664 0 # dummy
3665 0 # dummy
3666 0 # dummy
3667 0 # dummy
3668 0 # dummy
3669 0 # dummy
3670 0 # dummy
3671 0 # dummy
3672 0 # dummy
3673 0 # dummy
3674 0 # dummy
3675 0 # dummy
3676 0 # dummy
3677 0 # dummy
3678 0 # dummy
3679 0 # dummy
3680 0 # dummy
3681 0 # dummy
3682 0 # dummy
3683 0 # dummy
3684 0 # dummy
3685 0 # dummy
3686 0 # dummy
3687 0 # dummy
3688 0 # dummy
3689 0 # dummy
3690 0 # dummy
3691 0 # dummy
3692 0 # dummy
3693 0 # dummy
3694 0 # dummy
3695 0 # dummy
3696 0 # dummy
3697 0 # dummy
3698 0 # dummy
3699 0 # dummy
3700 0 # dummy
3701 0 # dummy
3702 0 # dummy
3703 0 # dummy
3704 0 # dummy
3705 0 # dummy
3706 0 # dummy
3707 0 # dummy
3708 0 # dummy
3709 0 # dummy
3710 0 # dummy
3711 0 # dummy
3712 0 # dummy
3713 0 # dummy
3714 0 # dummy
3715 0 # dummy
3716 0 # dummy
3717 0 # dummy
3718 0 # dummy
3719 0 # dummy
3720 0 # dummy
3721 0 # dummy
3722 0 # dummy
3723 0 # dummy
3724 0 # dummy
3725 0 # dummy
3726 0 # dummy
3727 0 # dummy
3728 0 # dummy
3729 0 # dummy
3730 0 # dummy
3731 0 # dummy
3732 0 # dummy
3733 0 # dummy
3734 0 # dummy
3735 0 # dummy
3736 0 # dummy
3737 0 # dummy
3738 0 # dummy
3739 0 # dummy
3740 0 # dummy
3741 0 # dummy
3742 0 # dummy
3743 0 # dummy
3744 0 # dummy
3745 0 # dummy
3746 0 # dummy
3747 0 # dummy
3748 0 # dummy
3749 0 # dummy
3750 0 # dummy
3751 0 # dummy
3752 0 # dummy
3753 0 # dummy
3754 0 # dummy
3755 0 # dummy
3756 0 # dummy
3757 0 # dummy
3758 0 # dummy
3759 0 # dummy
3760 0 # dummy
3761 0 # dummy
3762 0 # dummy
3763 0 # dummy
3764 0 # dummy
3765 0 # dummy
3766 0 # dummy
3767 0 # dummy
3768 0 # dummy
3769 0 # dummy
3770 0 # dummy
3771 0 # dummy
3772 0 # dummy
3773 0 # dummy
3774 0 # dummy
3775 0 # dummy
3776 0 # dummy
3777 0 # dummy
3778 0 # dummy
3779 0 # dummy
3780 0 # dummy
3781 0 # dummy
3782 0 # dummy
3783 0 # dummy
3784 0 # dummy
3785 0 # dummy
3786 0 # dummy
3787 0 # dummy
3788 0 # dummy
3789 0 # dummy
3790 0 # dummy
3791 0 # dummy
3792 0 # dummy
3793 0 # dummy
3794 0 # dummy
3795 0 # dummy
3796 0 # dummy
3797 0 # dummy
3798 0 # dummy
3799 0 # dummy
3800 0 # dummy
3801 0 # dummy
3802 0 # dummy
3803 0 # dummy
3804 0 # dummy
3805 0 # dummy
3806 0 # dummy
3807 0 # dummy
3808 0 # dummy
3809 0 # dummy
3810 0 # dummy
3811 0 # dummy
3812 0 # dummy
3813 0 # dummy
3814 0 # dummy
3815 0 # dummy
3816 0 # dummy
3817 0 # dummy
3818 0 # dummy
3819 0 # dummy
3820 0 # dummy
3821 0 # dummy
3822 0 # dummy
3823 0 # dummy
3824 0 # dummy
3825 0 # dummy
3826 0 # dummy
3827 0 # dummy
3828 0 # dummy
3829 0 # dummy
3830 0 # dummy
3831 0 # dummy
3832 0 # dummy
3833 0 # dummy
3834 0 # dummy
3835 0 # dummy
3836 0 # dummy
3837 0 # dummy
3838 0 # dummy
3839 0 # dummy
3840 0 # dummy
3841 0 # dummy
3842 0 # dummy
3843 0 # dummy
3844 0 # dummy
3845 0 # dummy
3846 0 # dummy
3847 0 # dummy
3848 0 # dummy
3849 0 # dummy
3850 0 # dummy
3851 0 # dummy
3852 0 # dummy
3853 0 # dummy
3854 0 # dummy
3855 0 # dummy
3856 0 # dummy
3857 0 # dummy
3858 0 # dummy
3859 0 # dummy
3860 0 # dummy
3861 0 # dummy
3862 0 # dummy
3863 0 # dummy
3864 0 # dummy
3865 0 # dummy
3866 0 # dummy
3867 0 # dummy
3868 0 # dummy
3869 0 # dummy
3870 0 # dummy
3871 0 # dummy
3872 0 # dummy
3873 0 # dummy
3874 0 # dummy
3875 0 # dummy
3876 0 # dummy
3877 0 # dummy
3878 0 # dummy
3879 0 # dummy
3880 0 # dummy
3881 0 # dummy
3882 0 # dummy
3883 0 # dummy
3884 0 # dummy
3885 0 # dummy
3886 0 # dummy
3887 0 # dummy
3888 0 # dummy
3889 0 # dummy
3890 0 # dummy
3891 0 # dummy
3892 0 # dummy
3893 0 # dummy
3894 0 # dummy
3895 0 # dummy
3896 0 # dummy
3897 0 # dummy
3898 0 # dummy
3899 0 # dummy
3900 0 # dummy
3901 0 # dummy
3902 0 # dummy
3903 0 # dummy
3904 0 # dummy
3905 0 # dummy
3906 0 # dummy
3907 0 # dummy
3908 0 # dummy
3909 0 # dummy
3910 0 # dummy
3911 0 # dummy
3912 0 # dummy
3913 0 # dummy
3914 0 # dummy
3915 0 # dummy
3916 0 # dummy
3917 0 # dummy
3918 0 # dummy
3919 0 # dummy
3920 0 # dummy
3921 0 # dummy
3922 0 # dummy
3923 0 # dummy
3924 0 # dummy
3925 0 # dummy
3926 0 # dummy
3927 0 # dummy
3928 0 # dummy
3929 0 # dummy
3930 0 # dummy
3931 0 # dummy
3932 0 # dummy
3933 0 # dummy
3934 0 # dummy
3935 0 # dummy
3936 0 # dummy
3937 0 # dummy
3938 0 # dummy
3939 0 # dummy
3940 0 # dummy
3941 0 # dummy
3942 0 # dummy
3943 0 # dummy
3944 0 # dummy
3945 0 # dummy
3946 0 # dummy
3947 0 # dummy
3948 0 # dummy
3949 0 # dummy
3950 0 # dummy
3951 0 # dummy
3952 0 # dummy
3953 0 # dummy
3954 0 # dummy
3955 0 # dummy
3956 0 # dummy
3957 0 # dummy
3958 0 # dummy
3959 0 # dummy
3960 0 # dummy
3961 0 # dummy
3962 0 # dummy
3963 0 # dummy
3964 0 # dummy
3965 0 # dummy
3966 0 # dummy
3967 0 # dummy
3968 0 # dummy
3969 0 # dummy
3970 0 # dummy
3971 0 # dummy
3972 0 # dummy
3973 0 # dummy
3974 0 # dummy
3975 0 # dummy
3976 0 # dummy
3977 0 # dummy
3978 0 # dummy
3979 0 # dummy
3980 0 # dummy
3981 0 # dummy
3982 0 # dummy
3983 0 # dummy
3984 0 # dummy
3985 0 # dummy
3986 0 # dummy
3987 0 # dummy
3988 0 # dummy
3989 0 # dummy
3990 0 # dummy
3991 0 # dummy
3992 0 # dummy
3993 0 # dummy
3994 0 # dummy
3995 0 # dummy
3996 0 # dummy
3997 0 # dummy
3998 0 # dummy
3999 0 # dummy
4000 0 # dummy
4001 0 # dummy
4002 0 # dummy
4003 0 # dummy
4004 0 # dummy
4005 0 # dummy
4006 0 # dummy
4007 0 # dummy
4008 0 # dummy
4009 0 # dummy
4010 0 # dummy
4011 0 # dummy
4012 0 # dummy
4013 0 # dummy
4014 0 # dummy
4015 0 # dummy
4016 0 # dummy
4017 0 # dummy
4018 0 # dummy
4019 0 # dummy
4020 0 # dummy
4021 0 # dummy
4022 0 # dummy
4023 0 # dummy
4024 0 # dummy
4025 0 # dummy
4026 0 # dummy
4027 0 # dummy
4028 0 # dummy
4029 0 # dummy
4030 0 # dummy
4031 0 # dummy
4032 0 # dummy
4033 0 # dummy
4034 0 # dummy
4035 0 # dummy
4036 0 # dummy
4037 0 # dummy
4038 0 # dummy
4039 0 # dummy
4040 0 # dummy
4041 0 # dummy
4042 0 # dummy
4043 0 # dummy
4044 0 # dummy
4045 0 # dummy
4046 0 # dummy
4047 0 # dummy
4048 0 # dummy
4049 0 # dummy
4050 0 # dummy
4051 0 # dummy
4052 0 # dummy
4053 0 # dummy
4054 0 # dummy
4055 0 # dummy
4056 0 # dummy
4057 0 # dummy
4058 0 # dummy
4059 0 # dummy
4060 0 # dummy
4061 0 # dummy
4062 0 # dummy
4063 0 # dummy
4064 0 # dummy
4065 0 # dummy
4066 0 # dummy
4067 0 # dummy
4068 0 # dummy
4069 0 # dummy
4070 0 # dummy
4071 0 # dummy
4072 0 # dummy
4073 0 # dummy
4074 0 # dummy
4075 0 # dummy
4076 0 # dummy
4077 0 # dummy
4078 0 # dummy
4079 0 # dummy
4080 0 # dummy
4081 0 # dummy
4082 0 # dummy
4083 0 # dummy
4084 0 # dummy
4085 0 # dummy
4086 0 # dummy
4087 0 # dummy
4088 0 # dummy
4089 0 # dummy
4090 0 # dummy
4091 0 # dummy
4092 0 # dummy
4093 0 # dummy
4094 0 # dummy
4095 0 # dummy
