# columns 
# CaloToolMPEtaBin PtMin PtMax avgPt IEtaBin_forLUT_col1 PtBin_forLUT SF
0 0 15 15 0 0 2.689833   # ieta [1], pt 0
0 16 16 16 0 1 2.627731
0 17 17 17 0 2 2.593225
0 18 18 18 0 3 2.550014
0 19 19 19 0 4 2.503399
0 20 20 20 0 5 2.473886
0 21 21 21 0 6 2.437698
0 22 22 22 0 7 2.400457
0 23 23 23 0 8 2.365935
0 24 24 24 0 9 2.335743
0 25 25 25 0 10 2.315071
0 26 26 26 0 11 2.289341
0 27 27 27 0 12 2.271764
0 28 28 28 0 13 2.239626
0 29 29 29 0 14 2.218289
0 30 30 30 0 15 2.209636
0 31 31 31 0 16 2.195381
0 32 32 32 0 17 2.176292
0 33 33 33 0 18 2.154703
0 34 34 34 0 19 2.142050
0 35 35 35 0 20 2.101340
0 36 36 36 0 21 2.103420
0 37 37 37 0 22 2.082265
0 38 38 38 0 23 2.062350
0 39 39 39 0 24 2.059370
0 40 40 40 0 25 2.044393
0 41 41 41 0 26 2.031217
0 42 42 42 0 27 2.020661
0 43 43 43 0 28 2.007022
0 44 44 44 0 29 1.996790
0 45 45 45 0 30 1.989744
0 46 46 46 0 31 1.970108
0 47 47 47 0 32 1.960869
0 48 48 48 0 33 1.945270
0 49 49 49 0 34 1.939463
0 50 50 50 0 35 1.928632
0 51 51 51 0 36 1.927459
0 52 52 52 0 37 1.917985
0 53 53 53 0 38 1.908706
0 54 54 54 0 39 1.899624
0 55 55 55 0 40 1.898324
0 56 56 56 0 41 1.880739
0 57 57 57 0 42 1.872944
0 58 58 58 0 43 1.868362
0 59 59 59 0 44 1.860632
0 60 62 61 0 45 1.846333
0 63 66 65 0 46 1.821188
0 67 70 69 0 47 1.794734
0 71 73 72 0 48 1.775304
0 74 77 76 0 49 1.761339
0 78 82 80 0 50 1.742208
0 83 88 86 0 51 1.717513
0 89 94 92 0 52 1.695338
0 95 100 98 0 53 1.675157
0 101 106 104 0 54 1.653910
0 107 115 111 0 55 1.632687
0 116 123 120 0 56 1.609845
0 124 133 129 0 57 1.590653
0 134 143 139 0 58 1.572040
0 144 156 150 0 59 1.551076
0 157 175 166 0 60 1.528537
0 176 194 185 0 61 1.505181
0 195 219 207 0 62 1.484363
0 220 255 238 0 63 1.460111
1 0 15 15 1 0 2.688817   # ieta [2], pt 0
1 16 16 16 1 1 2.626739
1 17 17 17 1 2 2.592246
1 18 18 18 1 3 2.549051
1 19 19 19 1 4 2.502454
1 20 20 20 1 5 2.474280
1 21 21 21 1 6 2.438086
1 22 22 22 1 7 2.400839
1 23 23 23 1 8 2.366514
1 24 24 24 1 9 2.336315
1 25 25 25 1 10 2.315637
1 26 26 26 1 11 2.289901
1 27 27 27 1 12 2.272321
1 28 28 28 1 13 2.240175
1 29 29 29 1 14 2.218832
1 30 30 30 1 15 2.210177
1 31 31 31 1 16 2.195919
1 32 32 32 1 17 2.176825
1 33 33 33 1 18 2.155230
1 34 34 34 1 19 2.142574
1 35 35 35 1 20 2.101855
1 36 36 36 1 21 2.099401
1 37 37 37 1 22 2.082882
1 38 38 38 1 23 2.062962
1 39 39 39 1 24 2.059980
1 40 40 40 1 25 2.044999
1 41 41 41 1 26 2.031560
1 42 42 42 1 27 2.021003
1 43 43 43 1 28 2.007361
1 44 44 44 1 29 1.997128
1 45 45 45 1 30 1.990080
1 46 46 46 1 31 1.970815
1 47 47 47 1 32 1.963006
1 48 48 48 1 33 1.947390
1 49 49 49 1 34 1.940313
1 50 50 50 1 35 1.929476
1 51 51 51 1 36 1.928303
1 52 52 52 1 37 1.918825
1 53 53 53 1 38 1.909542
1 54 54 54 1 39 1.900456
1 55 55 55 1 40 1.899308
1 56 56 56 1 41 1.881714
1 57 57 57 1 42 1.873915
1 58 58 58 1 43 1.869331
1 59 59 59 1 44 1.861596
1 60 62 61 1 45 1.847290
1 63 66 65 1 46 1.822185
1 67 70 69 1 47 1.795768
1 71 73 72 1 48 1.776327
1 74 77 76 1 49 1.762354
1 78 82 80 1 50 1.743174
1 83 88 86 1 51 1.718576
1 89 94 92 1 52 1.696564
1 95 100 98 1 53 1.676539
1 101 106 104 1 54 1.655181
1 107 115 111 1 55 1.633894
1 116 123 120 1 56 1.611958
1 124 133 129 1 57 1.593423
1 134 143 139 1 58 1.574783
1 144 156 150 1 59 1.553889
1 157 175 166 1 60 1.531864
1 176 194 185 1 61 1.508832
1 195 219 207 1 62 1.487903
1 220 255 238 1 63 1.465200
2 0 15 15 2 0 2.698120   # ieta [3], pt 0
2 16 16 16 2 1 2.635700
2 17 17 17 2 2 2.598139
2 18 18 18 2 3 2.559449
2 19 19 19 2 4 2.513874
2 20 20 20 2 5 2.487209
2 21 21 21 2 6 2.450295
2 22 22 22 2 7 2.415896
2 23 23 23 2 8 2.384519
2 24 24 24 2 9 2.356915
2 25 25 25 2 10 2.333968
2 26 26 26 2 11 2.308028
2 27 27 27 2 12 2.290308
2 28 28 28 2 13 2.257908
2 29 29 29 2 14 2.236396
2 30 30 30 2 15 2.227673
2 31 31 31 2 16 2.212972
2 32 32 32 2 17 2.193862
2 33 33 33 2 18 2.171051
2 34 34 34 2 19 2.159618
2 35 35 35 2 20 2.118577
2 36 36 36 2 21 2.113550
2 37 37 37 2 22 2.096620
2 38 38 38 2 23 2.076568
2 39 39 39 2 24 2.073041
2 40 40 40 2 25 2.056688
2 41 41 41 2 26 2.038343
2 42 42 42 2 27 2.025864
2 43 43 43 2 28 2.012190
2 44 44 44 2 29 2.001931
2 45 45 45 2 30 1.996555
2 46 46 46 2 31 1.977663
2 47 47 47 2 32 1.971372
2 48 48 48 2 33 1.956326
2 49 49 49 2 34 1.949217
2 50 50 50 2 35 1.937794
2 51 51 51 2 36 1.935717
2 52 52 52 2 37 1.926202
2 53 53 53 2 38 1.916883
2 54 54 54 2 39 1.907918
2 55 55 55 2 40 1.905526
2 56 56 56 2 41 1.889698
2 57 57 57 2 42 1.881864
2 58 58 58 2 43 1.877409
2 59 59 59 2 44 1.869641
2 60 62 61 2 45 1.855547
2 63 66 65 2 46 1.830873
2 67 70 69 2 47 1.803751
2 71 73 72 2 48 1.784209
2 74 77 76 2 49 1.770175
2 78 82 80 2 50 1.750430
2 83 88 86 2 51 1.724077
2 89 94 92 2 52 1.701368
2 95 100 98 2 53 1.681195
2 101 106 104 2 54 1.659468
2 107 115 111 2 55 1.638344
2 116 123 120 2 56 1.616761
2 124 133 129 2 57 1.598803
2 134 143 139 2 58 1.580269
2 144 156 150 2 59 1.558989
2 157 175 166 2 60 1.537085
2 176 194 185 2 61 1.514114
2 195 219 207 2 62 1.492413
2 220 255 238 2 63 1.466278
3 0 15 15 3 0 2.712124   # ieta [4], pt 0
3 16 16 16 3 1 2.650914
3 17 17 17 3 2 2.617286
3 18 18 18 3 3 2.580469
3 19 19 19 3 4 2.537380
3 20 20 20 3 5 2.511572
3 21 21 21 3 6 2.475534
3 22 22 22 3 7 2.442226
3 23 23 23 3 8 2.415253
3 24 24 24 3 9 2.387062
3 25 25 25 3 10 2.362532
3 26 26 26 3 11 2.334889
3 27 27 27 3 12 2.310722
3 28 28 28 3 13 2.278033
3 29 29 29 3 14 2.253981
3 30 30 30 3 15 2.245332
3 31 31 31 3 16 2.230514
3 32 32 32 3 17 2.207991
3 33 33 33 3 18 2.186022
3 34 34 34 3 19 2.175219
3 35 35 35 3 20 2.135304
3 36 36 36 3 21 2.131043
3 37 37 37 3 22 2.112297
3 38 38 38 3 23 2.092095
3 39 39 39 3 24 2.087540
3 40 40 40 3 25 2.070918
3 41 41 41 3 26 2.055423
3 42 42 42 3 27 2.042406
3 43 43 43 3 28 2.028620
3 44 44 44 3 29 2.018278
3 45 45 45 3 30 2.012796
3 46 46 46 3 31 1.993750
3 47 47 47 3 32 1.985591
3 48 48 48 3 33 1.970437
3 49 49 49 3 34 1.963276
3 50 50 50 3 35 1.948144
3 51 51 51 3 36 1.945849
3 52 52 52 3 37 1.936181
3 53 53 53 3 38 1.926813
3 54 54 54 3 39 1.917247
3 55 55 55 3 40 1.915066
3 56 56 56 3 41 1.896658
3 57 57 57 3 42 1.888797
3 58 58 58 3 43 1.884325
3 59 59 59 3 44 1.876528
3 60 62 61 3 45 1.862980
3 63 66 65 3 46 1.837929
3 67 70 69 3 47 1.811385
3 71 73 72 3 48 1.791495
3 74 77 76 3 49 1.776873
3 78 82 80 3 50 1.756727
3 83 88 86 3 51 1.730210
3 89 94 92 3 52 1.707836
3 95 100 98 3 53 1.687682
3 101 106 104 3 54 1.665881
3 107 115 111 3 55 1.644324
3 116 123 120 3 56 1.621887
3 124 133 129 3 57 1.603776
3 134 143 139 3 58 1.585125
3 144 156 150 3 59 1.563107
3 157 175 166 3 60 1.540915
3 176 194 185 3 61 1.516736
3 195 219 207 3 62 1.493703
3 220 255 238 3 63 1.467395
4 0 15 15 4 0 2.739420   # ieta [5], pt 0
4 16 16 16 4 1 2.667746
4 17 17 17 4 2 2.632020
4 18 18 18 4 3 2.589964
4 19 19 19 4 4 2.546716
4 20 20 20 4 5 2.520813
4 21 21 21 4 6 2.484642
4 22 22 22 4 7 2.451211
4 23 23 23 4 8 2.422138
4 24 24 24 4 9 2.389970
4 25 25 25 4 10 2.367267
4 26 26 26 4 11 2.344679
4 27 27 27 4 12 2.320411
4 28 28 28 4 13 2.286800
4 29 29 29 4 14 2.262656
4 30 30 30 4 15 2.253974
4 31 31 31 4 16 2.239099
4 32 32 32 4 17 2.216055
4 33 33 33 4 18 2.194005
4 34 34 34 4 19 2.183163
4 35 35 35 4 20 2.146310
4 36 36 36 4 21 2.143068
4 37 37 37 4 22 2.127168
4 38 38 38 4 23 2.106823
4 39 39 39 4 24 2.102236
4 40 40 40 4 25 2.085354
4 41 41 41 4 26 2.063180
4 42 42 42 4 27 2.050113
4 43 43 43 4 28 2.036275
4 44 44 44 4 29 2.025894
4 45 45 45 4 30 2.020742
4 46 46 46 4 31 2.002499
4 47 47 47 4 32 1.994305
4 48 48 48 4 33 1.981478
4 49 49 49 4 34 1.974277
4 50 50 50 4 35 1.958733
4 51 51 51 4 36 1.957652
4 52 52 52 4 37 1.947924
4 53 53 53 4 38 1.938500
4 54 54 54 4 39 1.926080
4 55 55 55 4 40 1.924594
4 56 56 56 4 41 1.906094
4 57 57 57 4 42 1.898193
4 58 58 58 4 43 1.893700
4 59 59 59 4 44 1.882853
4 60 62 61 4 45 1.869259
4 63 66 65 4 46 1.844124
4 67 70 69 4 47 1.817753
4 71 73 72 4 48 1.798348
4 74 77 76 4 49 1.784426
4 78 82 80 4 50 1.762492
4 83 88 86 4 51 1.735236
4 89 94 92 4 52 1.712971
4 95 100 98 4 53 1.692634
4 101 106 104 4 54 1.671678
4 107 115 111 4 55 1.650755
4 116 123 120 4 56 1.628219
4 124 133 129 4 57 1.608643
4 134 143 139 4 58 1.590122
4 144 156 150 4 59 1.568163
4 157 175 166 4 60 1.545561
4 176 194 185 4 61 1.524050
4 195 219 207 4 62 1.500922
4 220 255 238 4 63 1.477121
5 0 15 15 5 0 2.746324   # ieta [6], pt 0
5 16 16 16 5 1 2.674469
5 17 17 17 5 2 2.639681
5 18 18 18 5 3 2.597502
5 19 19 19 5 4 2.550403
5 20 20 20 5 5 2.524462
5 21 21 21 5 6 2.490416
5 22 22 22 5 7 2.457052
5 23 23 23 5 8 2.426146
5 24 24 24 5 9 2.393291
5 25 25 25 5 10 2.370182
5 26 26 26 5 11 2.347566
5 27 27 27 5 12 2.323268
5 28 28 28 5 13 2.289616
5 29 29 29 5 14 2.265441
5 30 30 30 5 15 2.256749
5 31 31 31 5 16 2.241856
5 32 32 32 5 17 2.220375
5 33 33 33 5 18 2.198721
5 34 34 34 5 19 2.190685
5 35 35 35 5 20 2.153705
5 36 36 36 5 21 2.150198
5 37 37 37 5 22 2.132216
5 38 38 38 5 23 2.111823
5 39 39 39 5 24 2.107225
5 40 40 40 5 25 2.092111
5 41 41 41 5 26 2.071635
5 42 42 42 5 27 2.058515
5 43 43 43 5 28 2.044620
5 44 44 44 5 29 2.034197
5 45 45 45 5 30 2.029023
5 46 46 46 5 31 2.010706
5 47 47 47 5 32 2.003460
5 48 48 48 5 33 1.990575
5 49 49 49 5 34 1.983341
5 50 50 50 5 35 1.967726
5 51 51 51 5 36 1.965463
5 52 52 52 5 37 1.954296
5 53 53 53 5 38 1.944841
5 54 54 54 5 39 1.932379
5 55 55 55 5 40 1.930375
5 56 56 56 5 41 1.914304
5 57 57 57 5 42 1.906369
5 58 58 58 5 43 1.901856
5 59 59 59 5 44 1.890963
5 60 62 61 5 45 1.876852
5 63 66 65 5 46 1.850527
5 67 70 69 5 47 1.822315
5 71 73 72 5 48 1.802349
5 74 77 76 5 49 1.787377
5 78 82 80 5 50 1.767064
5 83 88 86 5 51 1.740930
5 89 94 92 5 52 1.718591
5 95 100 98 5 53 1.698188
5 101 106 104 5 54 1.676728
5 107 115 111 5 55 1.653831
5 116 123 120 5 56 1.632359
5 124 133 129 5 57 1.612733
5 134 143 139 5 58 1.594371
5 144 156 150 5 59 1.572660
5 157 175 166 5 60 1.548085
5 176 194 185 5 61 1.525134
5 195 219 207 5 62 1.502752
5 220 255 238 5 63 1.478567
6 0 15 15 6 0 2.747649   # ieta [7], pt 0
6 16 16 16 6 1 2.675760
6 17 17 17 6 2 2.640956
6 18 18 18 6 3 2.598756
6 19 19 19 6 4 2.551634
6 20 20 20 6 5 2.525681
6 21 21 21 6 6 2.491619
6 22 22 22 6 7 2.458238
6 23 23 23 6 8 2.427317
6 24 24 24 6 9 2.394446
6 25 25 25 6 10 2.370182
6 26 26 26 6 11 2.347566
6 27 27 27 6 12 2.323268
6 28 28 28 6 13 2.289616
6 29 29 29 6 14 2.265441
6 30 30 30 6 15 2.256749
6 31 31 31 6 16 2.241856
6 32 32 32 6 17 2.218680
6 33 33 33 6 18 2.198721
6 34 34 34 6 19 2.190685
6 35 35 35 6 20 2.153705
6 36 36 36 6 21 2.150198
6 37 37 37 6 22 2.132216
6 38 38 38 6 23 2.111823
6 39 39 39 6 24 2.107225
6 40 40 40 6 25 2.092111
6 41 41 41 6 26 2.071635
6 42 42 42 6 27 2.058515
6 43 43 43 6 28 2.044620
6 44 44 44 6 29 2.034197
6 45 45 45 6 30 2.029023
6 46 46 46 6 31 2.010706
6 47 47 47 6 32 2.003460
6 48 48 48 6 33 1.990575
6 49 49 49 6 34 1.983341
6 50 50 50 6 35 1.967726
6 51 51 51 6 36 1.965463
6 52 52 52 6 37 1.954296
6 53 53 53 6 38 1.944841
6 54 54 54 6 39 1.932379
6 55 55 55 6 40 1.930375
6 56 56 56 6 41 1.914304
6 57 57 57 6 42 1.906369
6 58 58 58 6 43 1.901856
6 59 59 59 6 44 1.890963
6 60 62 61 6 45 1.876852
6 63 66 65 6 46 1.850527
6 67 70 69 6 47 1.822315
6 71 73 72 6 48 1.802349
6 74 77 76 6 49 1.787377
6 78 82 80 6 50 1.767064
6 83 88 86 6 51 1.740930
6 89 94 92 6 52 1.718591
6 95 100 98 6 53 1.698188
6 101 106 104 6 54 1.676728
6 107 115 111 6 55 1.653831
6 116 123 120 6 56 1.632359
6 124 133 129 6 57 1.612733
6 134 143 139 6 58 1.594371
6 144 156 150 6 59 1.572660
6 157 175 166 6 60 1.548085
6 176 194 185 6 61 1.525134
6 195 219 207 6 62 1.502752
6 220 255 238 6 63 1.478567
7 0 15 15 7 0 2.754353   # ieta [8], pt 0
7 16 16 16 7 1 2.694851
7 17 17 17 7 2 2.656990
7 18 18 18 7 3 2.614534
7 19 19 19 7 4 2.570126
7 20 20 20 7 5 2.543985
7 21 21 21 7 6 2.508026
7 22 22 22 7 7 2.474426
7 23 23 23 7 8 2.440895
7 24 24 24 7 9 2.407055
7 25 25 25 7 10 2.381186
7 26 26 26 7 11 2.352368
7 27 27 27 7 12 2.328813
7 28 28 28 7 13 2.297134
7 29 29 29 7 14 2.272880
7 30 30 30 7 15 2.264159
7 31 31 31 7 16 2.249217
7 32 32 32 7 17 2.225965
7 33 33 33 7 18 2.205941
7 34 34 34 7 19 2.195173
7 35 35 35 7 20 2.157240
7 36 36 36 7 21 2.153925
7 37 37 37 7 22 2.135912
7 38 38 38 7 23 2.115484
7 39 39 39 7 24 2.110878
7 40 40 40 7 25 2.095737
7 41 41 41 7 26 2.078114
7 42 42 42 7 27 2.064303
7 43 43 43 7 28 2.050369
7 44 44 44 7 29 2.039917
7 45 45 45 7 30 2.032120
7 46 46 46 7 31 2.013775
7 47 47 47 7 32 2.006519
7 48 48 48 7 33 1.993613
7 49 49 49 7 34 1.986368
7 50 50 50 7 35 1.970729
7 51 51 51 7 36 1.968463
7 52 52 52 7 37 1.958433
7 53 53 53 7 38 1.948958
7 54 54 54 7 39 1.936470
7 55 55 55 7 40 1.934462
7 56 56 56 7 41 1.918356
7 57 57 57 7 42 1.910405
7 58 58 58 7 43 1.905938
7 59 59 59 7 44 1.895021
7 60 62 61 7 45 1.880879
7 63 66 65 7 46 1.853709
7 67 70 69 7 47 1.824666
7 71 73 72 7 48 1.804673
7 74 77 76 7 49 1.789682
7 78 82 80 7 50 1.769343
7 83 88 86 7 51 1.742939
7 89 94 92 7 52 1.720979
7 95 100 98 7 53 1.699927
7 101 106 104 7 54 1.678446
7 107 115 111 7 55 1.655524
7 116 123 120 7 56 1.634030
7 124 133 129 7 57 1.614384
7 134 143 139 7 58 1.596004
7 144 156 150 7 59 1.574271
7 157 175 166 7 60 1.549956
7 176 194 185 7 61 1.526327
7 195 219 207 7 62 1.504941
7 220 255 238 7 63 1.480419
8 0 15 15 8 0 2.754712   # ieta [9], pt 0
8 16 16 16 8 1 2.695201
8 17 17 17 8 2 2.657337
8 18 18 18 8 3 2.614875
8 19 19 19 8 4 2.570461
8 20 20 20 8 5 2.544316
8 21 21 21 8 6 2.508132
8 22 22 22 8 7 2.475705
8 23 23 23 8 8 2.442989
8 24 24 24 8 9 2.409213
8 25 25 25 8 10 2.383443
8 26 26 26 8 11 2.354598
8 27 27 27 8 12 2.331020
8 28 28 28 8 13 2.299311
8 29 29 29 8 14 2.275034
8 30 30 30 8 15 2.266305
8 31 31 31 8 16 2.251349
8 32 32 32 8 17 2.228075
8 33 33 33 8 18 2.208235
8 34 34 34 8 19 2.198011
8 35 35 35 8 20 2.160941
8 36 36 36 8 21 2.157904
8 37 37 37 8 22 2.140027
8 38 38 38 8 23 2.119560
8 39 39 39 8 24 2.114945
8 40 40 40 8 25 2.100162
8 41 41 41 8 26 2.082965
8 42 42 42 8 27 2.069122
8 43 43 43 8 28 2.055155
8 44 44 44 8 29 2.044678
8 45 45 45 8 30 2.036864
8 46 46 46 8 31 2.018476
8 47 47 47 8 32 2.010009
8 48 48 48 8 33 1.999122
8 49 49 49 8 34 1.991856
8 50 50 50 8 35 1.977733
8 51 51 51 8 36 1.975459
8 52 52 52 8 37 1.965393
8 53 53 53 8 38 1.955884
8 54 54 54 8 39 1.943352
8 55 55 55 8 40 1.941027
8 56 56 56 8 41 1.925592
8 57 57 57 8 42 1.917611
8 58 58 58 8 43 1.913127
8 59 59 59 8 44 1.902169
8 60 62 61 8 45 1.887532
8 63 66 65 8 46 1.859436
8 67 70 69 8 47 1.832596
8 71 73 72 8 48 1.812475
8 74 77 76 8 49 1.797418
8 78 82 80 8 50 1.775178
8 83 88 86 8 51 1.748618
8 89 94 92 8 52 1.726518
8 95 100 98 8 53 1.705112
8 101 106 104 8 54 1.682144
8 107 115 111 8 55 1.658450
8 116 123 120 8 56 1.636713
8 124 133 129 8 57 1.616177
8 134 143 139 8 58 1.597090
8 144 156 150 8 59 1.574350
8 157 175 166 8 60 1.551012
8 176 194 185 8 61 1.527724
8 195 219 207 8 62 1.506453
8 220 255 238 8 63 1.481039
9 0 15 15 9 0 2.774404   # ieta [10], pt 0
9 16 16 16 9 1 2.722470
9 17 17 17 9 2 2.679492
9 18 18 18 9 3 2.633015
9 19 19 19 9 4 2.588292
9 20 20 20 9 5 2.561966
9 21 21 21 9 6 2.522544
9 22 22 22 9 7 2.489754
9 23 23 23 9 8 2.452585
9 24 24 24 9 9 2.419033
9 25 25 25 9 10 2.393158
9 26 26 26 9 11 2.366752
9 27 27 27 9 12 2.348324
9 28 28 28 9 13 2.313783
9 29 29 29 9 14 2.289354
9 30 30 30 9 15 2.280931
9 31 31 31 9 16 2.265878
9 32 32 32 9 17 2.246336
9 33 33 33 9 18 2.226333
9 34 34 34 9 19 2.216026
9 35 35 35 9 20 2.183311
9 36 36 36 9 21 2.180242
9 37 37 37 9 22 2.162180
9 38 38 38 9 23 2.137985
9 39 39 39 9 24 2.133330
9 40 40 40 9 25 2.118418
9 41 41 41 9 26 2.095592
9 42 42 42 9 27 2.081665
9 43 43 43 9 28 2.067614
9 44 44 44 9 29 2.057073
9 45 45 45 9 30 2.049561
9 46 46 46 9 31 2.034261
9 47 47 47 9 32 2.022227
9 48 48 48 9 33 2.010279
9 49 49 49 9 34 2.002973
9 50 50 50 9 35 1.989374
9 51 51 51 9 36 1.987086
9 52 52 52 9 37 1.976960
9 53 53 53 9 38 1.967396
9 54 54 54 9 39 1.952918
9 55 55 55 9 40 1.950582
9 56 56 56 9 41 1.935071
9 57 57 57 9 42 1.927051
9 58 58 58 9 43 1.922463
9 59 59 59 9 44 1.911452
9 60 62 61 9 45 1.896743
9 63 66 65 9 46 1.872196
9 67 70 69 9 47 1.845313
9 71 73 72 9 48 1.826239
9 74 77 76 9 49 1.810547
9 78 82 80 9 50 1.785263
9 83 88 86 9 51 1.758767
9 89 94 92 9 52 1.736538
9 95 100 98 9 53 1.713942
9 101 106 104 9 54 1.689926
9 107 115 111 9 55 1.665806
9 116 123 120 9 56 1.643169
9 124 133 129 9 57 1.621892
9 134 143 139 9 58 1.602457
9 144 156 150 9 59 1.579631
9 157 175 166 9 60 1.555826
9 176 194 185 9 61 1.531000
9 195 219 207 9 62 1.509593
9 220 255 238 9 63 1.483826
10 0 15 15 10 0 2.802605   # ieta [11], pt 0
10 16 16 16 10 1 2.744744
10 17 17 17 10 2 2.697271
10 18 18 18 10 3 2.654578
10 19 19 19 10 4 2.609489
10 20 20 20 10 5 2.577299
10 21 21 21 10 6 2.544645
10 22 22 22 10 7 2.517572
10 23 23 23 10 8 2.488460
10 24 24 24 10 9 2.460790
10 25 25 25 10 10 2.437835
10 26 26 26 10 11 2.408270
10 27 27 27 10 12 2.385384
10 28 28 28 10 13 2.354792
10 29 29 29 10 14 2.324372
10 30 30 30 10 15 2.315820
10 31 31 31 10 16 2.301407
10 32 32 32 10 17 2.275506
10 33 33 33 10 18 2.250459
10 34 34 34 10 19 2.240716
10 35 35 35 10 20 2.205397
10 36 36 36 10 21 2.202297
10 37 37 37 10 22 2.188917
10 38 38 38 10 23 2.160795
10 39 39 39 10 24 2.156393
10 40 40 40 10 25 2.141320
10 41 41 41 10 26 2.117922
10 42 42 42 10 27 2.101652
10 43 43 43 10 28 2.087466
10 44 44 44 10 29 2.074342
10 45 45 45 10 30 2.068685
10 46 46 46 10 31 2.053242
10 47 47 47 10 32 2.042517
10 48 48 48 10 33 2.030449
10 49 49 49 10 34 2.023070
10 50 50 50 10 35 2.011141
10 51 51 51 10 36 2.006806
10 52 52 52 10 37 1.996580
10 53 53 53 10 38 1.986920
10 54 54 54 10 39 1.971187
10 55 55 55 10 40 1.967874
10 56 56 56 10 41 1.952225
10 57 57 57 10 42 1.944134
10 58 58 58 10 43 1.938444
10 59 59 59 10 44 1.927341
10 60 62 61 10 45 1.912103
10 63 66 65 10 46 1.887154
10 67 70 69 10 47 1.862780
10 71 73 72 10 48 1.839879
10 74 77 76 10 49 1.823092
10 78 82 80 10 50 1.798182
10 83 88 86 10 51 1.774847
10 89 94 92 10 52 1.752571
10 95 100 98 10 53 1.729835
10 101 106 104 10 54 1.705313
10 107 115 111 10 55 1.684299
10 116 123 120 10 56 1.658195
10 124 133 129 10 57 1.638367
10 134 143 139 10 58 1.619293
10 144 156 150 10 59 1.595395
10 157 175 166 10 60 1.567155
10 176 194 185 10 61 1.540454
10 195 219 207 10 62 1.516940
10 220 255 238 10 63 1.491482
11 0 15 15 11 0 2.846281   # ieta [12], pt 0
11 16 16 16 11 1 2.779477
11 17 17 17 11 2 2.751692
11 18 18 18 11 3 2.717624
11 19 19 19 11 4 2.672098
11 20 20 20 11 5 2.638795
11 21 21 21 11 6 2.606384
11 22 22 22 11 7 2.571860
11 23 23 23 11 8 2.539852
11 24 24 24 11 9 2.505138
11 25 25 25 11 10 2.472012
11 26 26 26 11 11 2.441860
11 27 27 27 11 12 2.416053
11 28 28 28 11 13 2.385068
11 29 29 29 11 14 2.360763
11 30 30 30 11 15 2.348630
11 31 31 31 11 16 2.326793
11 32 32 32 11 17 2.308738
11 33 33 33 11 18 2.283326
11 34 34 34 11 19 2.273958
11 35 35 35 11 20 2.231703
11 36 36 36 11 21 2.228760
11 37 37 37 11 22 2.215220
11 38 38 38 11 23 2.186760
11 39 39 39 11 24 2.182305
11 40 40 40 11 25 2.167050
11 41 41 41 11 26 2.143371
11 42 42 42 11 27 2.132032
11 43 43 43 11 28 2.116642
11 44 44 44 11 29 2.103334
11 45 45 45 11 30 2.097888
11 46 46 46 11 31 2.078828
11 47 47 47 11 32 2.067969
11 48 48 48 11 33 2.055751
11 49 49 49 11 34 2.051474
11 50 50 50 11 35 2.039377
11 51 51 51 11 36 2.034183
11 52 52 52 11 37 2.023818
11 53 53 53 11 38 2.007588
11 54 54 54 11 39 1.991690
11 55 55 55 11 40 1.988739
11 56 56 56 11 41 1.978134
11 57 57 57 11 42 1.969935
11 58 58 58 11 43 1.964169
11 59 59 59 11 44 1.952919
11 60 62 61 11 45 1.937478
11 63 66 65 11 46 1.912199
11 67 70 69 11 47 1.884387
11 71 73 72 11 48 1.854685
11 74 77 76 11 49 1.837140
11 78 82 80 11 50 1.813302
11 83 88 86 11 51 1.787335
11 89 94 92 11 52 1.765173
11 95 100 98 11 53 1.744184
11 101 106 104 11 54 1.719935
11 107 115 111 11 55 1.699514
11 116 123 120 11 56 1.674512
11 124 133 129 11 57 1.650900
11 134 143 139 11 58 1.630401
11 144 156 150 11 59 1.608797
11 157 175 166 11 60 1.579880
11 176 194 185 11 61 1.554313
11 195 219 207 11 62 1.530701
11 220 255 238 11 63 1.505935
12 0 15 15 12 0 2.925271   # ieta [13], pt 0
12 16 16 16 12 1 2.850921
12 17 17 17 12 2 2.798039
12 18 18 18 12 3 2.756209
12 19 19 19 12 4 2.710738
12 20 20 20 12 5 2.676775
12 21 21 21 12 6 2.649460
12 22 22 22 12 7 2.614365
12 23 23 23 12 8 2.581828
12 24 24 24 12 9 2.553208
12 25 25 25 12 10 2.504018
12 26 26 26 12 11 2.480888
12 27 27 27 12 12 2.465891
12 28 28 28 12 13 2.438070
12 29 29 29 12 14 2.413225
12 30 30 30 12 15 2.400823
12 31 31 31 12 16 2.378836
12 32 32 32 12 17 2.360377
12 33 33 33 12 18 2.340512
12 34 34 34 12 19 2.331147
12 35 35 35 12 20 2.284098
12 36 36 36 12 21 2.281365
12 37 37 37 12 22 2.258983
12 38 38 38 12 23 2.229961
12 39 39 39 12 24 2.225417
12 40 40 40 12 25 2.209862
12 41 41 41 12 26 2.185821
12 42 42 42 12 27 2.169031
12 43 43 43 12 28 2.153374
12 44 44 44 12 29 2.144205
12 45 45 45 12 30 2.138653
12 46 46 46 12 31 2.119222
12 47 47 47 12 32 2.108153
12 48 48 48 12 33 2.095697
12 49 49 49 12 34 2.091337
12 50 50 50 12 35 2.072518
12 51 51 51 12 36 2.068305
12 52 52 52 12 37 2.057237
12 53 53 53 12 38 2.046594
12 54 54 54 12 39 2.030552
12 55 55 55 12 40 2.027272
12 56 56 56 12 41 2.010593
12 57 57 57 12 42 2.007311
12 58 58 58 12 43 2.001436
12 59 59 59 12 44 1.989211
12 60 62 61 12 45 1.973723
12 63 66 65 12 46 1.948659
12 67 70 69 12 47 1.916656
12 71 73 72 12 48 1.890754
12 74 77 76 12 49 1.872868
12 78 82 80 12 50 1.848627
12 83 88 86 12 51 1.816641
12 89 94 92 12 52 1.791773
12 95 100 98 12 53 1.767894
12 101 106 104 12 54 1.743916
12 107 115 111 12 55 1.723117
12 116 123 120 12 56 1.696882
12 124 133 129 12 57 1.672497
12 134 143 139 12 58 1.651279
12 144 156 150 12 59 1.626149
12 157 175 166 12 60 1.595694
12 176 194 185 12 61 1.568596
12 195 219 207 12 62 1.544374
12 220 255 238 12 63 1.520614
13 0 15 15 13 0 2.976543   # ieta [14], pt 0
13 16 16 16 13 1 2.916722
13 17 17 17 13 2 2.873978
13 18 18 18 13 3 2.825503
13 19 19 19 13 4 2.786901
13 20 20 20 13 5 2.759319
13 21 21 21 13 6 2.713992
13 22 22 22 13 7 2.684386
13 23 23 23 13 8 2.649394
13 24 24 24 13 9 2.616324
13 25 25 25 13 10 2.565918
13 26 26 26 13 11 2.540984
13 27 27 27 13 12 2.527531
13 28 28 28 13 13 2.482051
13 29 29 29 13 14 2.456758
13 30 30 30 13 15 2.435916
13 31 31 31 13 16 2.413609
13 32 32 32 13 17 2.385347
13 33 33 33 13 18 2.365272
13 34 34 34 13 19 2.360762
13 35 35 35 13 20 2.315722
13 36 36 36 13 21 2.312951
13 37 37 37 13 22 2.287043
13 38 38 38 13 23 2.259308
13 39 39 39 13 24 2.254705
13 40 40 40 13 25 2.238944
13 41 41 41 13 26 2.224410
13 42 42 42 13 27 2.207324
13 43 43 43 13 28 2.191391
13 44 44 44 13 29 2.177418
13 45 45 45 13 30 2.171382
13 46 46 46 13 31 2.151654
13 47 47 47 13 32 2.145834
13 48 48 48 13 33 2.132689
13 49 49 49 13 34 2.128252
13 50 50 50 13 35 2.109632
13 51 51 51 13 36 2.105344
13 52 52 52 13 37 2.094077
13 53 53 53 13 38 2.081862
13 54 54 54 13 39 2.065826
13 55 55 55 13 40 2.063099
13 56 56 56 13 41 2.045719
13 57 57 57 13 42 2.042380
13 58 58 58 13 43 2.036252
13 59 59 59 13 44 2.023815
13 60 62 61 13 45 2.008057
13 63 66 65 13 46 1.975279
13 67 70 69 13 47 1.940488
13 71 73 72 13 48 1.918632
13 74 77 76 13 49 1.900926
13 78 82 80 13 50 1.878855
13 83 88 86 13 51 1.846755
13 89 94 92 13 52 1.818431
13 95 100 98 13 53 1.793484
13 101 106 104 13 54 1.771424
13 107 115 111 13 55 1.749675
13 116 123 120 13 56 1.720150
13 124 133 129 13 57 1.696864
13 134 143 139 13 58 1.673441
13 144 156 150 13 59 1.647941
13 157 175 166 13 60 1.616189
13 176 194 185 13 61 1.588756
13 195 219 207 13 62 1.564357
13 220 255 238 13 63 1.539557
14 0 15 15 14 0 3.013681   # ieta [15], pt 0
14 16 16 16 14 1 2.942081
14 17 17 17 14 2 2.917095
14 18 18 18 14 3 2.867746
14 19 19 19 14 4 2.826046
14 20 20 20 14 5 2.797489
14 21 21 21 14 6 2.764137
14 22 22 22 14 7 2.733984
14 23 23 23 14 8 2.706781
14 24 24 24 14 9 2.667916
14 25 25 25 14 10 2.623599
14 26 26 26 14 11 2.597894
14 27 27 27 14 12 2.585120
14 28 28 28 14 13 2.541600
14 29 29 29 14 14 2.517677
14 30 30 30 14 15 2.496972
14 31 31 31 14 16 2.474105
14 32 32 32 14 17 2.440652
14 33 33 33 14 18 2.417416
14 34 34 34 14 19 2.412806
14 35 35 35 14 20 2.359432
14 36 36 36 14 21 2.357000
14 37 37 37 14 22 2.332041
14 38 38 38 14 23 2.309098
14 39 39 39 14 24 2.304302
14 40 40 40 14 25 2.286793
14 41 41 41 14 26 2.269552
14 42 42 42 14 27 2.251107
14 43 43 43 14 28 2.234857
14 44 44 44 14 29 2.226773
14 45 45 45 14 30 2.220093
14 46 46 46 14 31 2.202992
14 47 47 47 14 32 2.197033
14 48 48 48 14 33 2.179759
14 49 49 49 14 34 2.170904
14 50 50 50 14 35 2.152044
14 51 51 51 14 36 2.147832
14 52 52 52 14 37 2.136518
14 53 53 53 14 38 2.124281
14 54 54 54 14 39 2.116959
14 55 55 55 14 40 2.114058
14 56 56 56 14 41 2.096249
14 57 57 57 14 42 2.086037
14 58 58 58 14 43 2.079093
14 59 59 59 14 44 2.061510
14 60 62 61 14 45 2.048312
14 63 66 65 14 46 2.017197
14 67 70 69 14 47 1.975551
14 71 73 72 14 48 1.950353
14 74 77 76 14 49 1.929865
14 78 82 80 14 50 1.907494
14 83 88 86 14 51 1.874923
14 89 94 92 14 52 1.842731
14 95 100 98 14 53 1.819089
14 101 106 104 14 54 1.796251
14 107 115 111 14 55 1.772538
14 116 123 120 14 56 1.745527
14 124 133 129 14 57 1.721365
14 134 143 139 14 58 1.697251
14 144 156 150 14 59 1.671388
14 157 175 166 14 60 1.641198
14 176 194 185 14 61 1.610467
14 195 219 207 14 62 1.582912
14 220 255 238 14 63 1.557514
15 0 15 15 15 0 3.131583   # ieta [16], pt 0
15 16 16 16 15 1 3.059389
15 17 17 17 15 2 3.029999
15 18 18 18 15 3 2.978751
15 19 19 19 15 4 2.952257
15 20 20 20 15 5 2.915822
15 21 21 21 15 6 2.876277
15 22 22 22 15 7 2.843170
15 23 23 23 15 8 2.805450
15 24 24 24 15 9 2.759803
15 25 25 25 15 10 2.718207
15 26 26 26 15 11 2.695846
15 27 27 27 15 12 2.681661
15 28 28 28 15 13 2.643260
15 29 29 29 15 14 2.620912
15 30 30 30 15 15 2.601203
15 31 31 31 15 16 2.577382
15 32 32 32 15 17 2.543787
15 33 33 33 15 18 2.518800
15 34 34 34 15 19 2.521065
15 35 35 35 15 20 2.465296
15 36 36 36 15 21 2.461827
15 37 37 37 15 22 2.434887
15 38 38 38 15 23 2.410933
15 39 39 39 15 24 2.404775
15 40 40 40 15 25 2.386883
15 41 41 41 15 26 2.376475
15 42 42 42 15 27 2.359156
15 43 43 43 15 28 2.342127
15 44 44 44 15 29 2.333654
15 45 45 45 15 30 2.324274
15 46 46 46 15 31 2.306371
15 47 47 47 15 32 2.298169
15 48 48 48 15 33 2.277010
15 49 49 49 15 34 2.269994
15 50 50 50 15 35 2.250273
15 51 51 51 15 36 2.247943
15 52 52 52 15 37 2.234837
15 53 53 53 15 38 2.221527
15 54 54 54 15 39 2.216411
15 55 55 55 15 40 2.210349
15 56 56 56 15 41 2.191729
15 57 57 57 15 42 2.180710
15 58 58 58 15 43 2.173256
15 59 59 59 15 44 2.167186
15 60 62 61 15 45 2.150231
15 63 66 65 15 46 2.117968
15 67 70 69 15 47 2.079530
15 71 73 72 15 48 2.056991
15 74 77 76 15 49 2.038757
15 78 82 80 15 50 2.017440
15 83 88 86 15 51 1.979308
15 89 94 92 15 52 1.953175
15 95 100 98 15 53 1.930582
15 101 106 104 15 54 1.904332
15 107 115 111 15 55 1.875173
15 116 123 120 15 56 1.846213
15 124 133 129 15 57 1.819527
15 134 143 139 15 58 1.793109
15 144 156 150 15 59 1.768341
15 157 175 166 15 60 1.745077
15 176 194 185 15 61 1.714944
15 195 219 207 15 62 1.686814
15 220 255 238 15 63 1.661883
16 0 15 15 16 0 3.158228   # ieta [17], pt 0
16 16 16 16 16 1 3.069868
16 17 17 17 16 2 3.040377
16 18 18 18 16 3 2.987403
16 19 19 19 16 4 2.960832
16 20 20 20 16 5 2.924975
16 21 21 21 16 6 2.885307
16 22 22 22 16 7 2.857506
16 23 23 23 16 8 2.819595
16 24 24 24 16 9 2.766425
16 25 25 25 16 10 2.724729
16 26 26 26 16 11 2.702314
16 27 27 27 16 12 2.688095
16 28 28 28 16 13 2.649602
16 29 29 29 16 14 2.627199
16 30 30 30 16 15 2.607444
16 31 31 31 16 16 2.583565
16 32 32 32 16 17 2.549890
16 33 33 33 16 18 2.524843
16 34 34 34 16 19 2.527113
16 35 35 35 16 20 2.471210
16 36 36 36 16 21 2.467733
16 37 37 37 16 22 2.440729
16 38 38 38 16 23 2.416718
16 39 39 39 16 24 2.410545
16 40 40 40 16 25 2.392609
16 41 41 41 16 26 2.380883
16 42 42 42 16 27 2.363532
16 43 43 43 16 28 2.346471
16 44 44 44 16 29 2.337983
16 45 45 45 16 30 2.328585
16 46 46 46 16 31 2.310649
16 47 47 47 16 32 2.302432
16 48 48 48 16 33 2.281233
16 49 49 49 16 34 2.274204
16 50 50 50 16 35 2.254447
16 51 51 51 16 36 2.252112
16 52 52 52 16 37 2.238982
16 53 53 53 16 38 2.225648
16 54 54 54 16 39 2.220522
16 55 55 55 16 40 2.212738
16 56 56 56 16 41 2.194098
16 57 57 57 16 42 2.181881
16 58 58 58 16 43 2.173848
16 59 59 59 16 44 2.167776
16 60 62 61 16 45 2.150817
16 63 66 65 16 46 2.118545
16 67 70 69 16 47 2.079736
16 71 73 72 16 48 2.056123
16 74 77 76 16 49 2.037897
16 78 82 80 16 50 2.016589
16 83 88 86 16 51 1.978473
16 89 94 92 16 52 1.952351
16 95 100 98 16 53 1.929768
16 101 106 104 16 54 1.903529
16 107 115 111 16 55 1.874382
16 116 123 120 16 56 1.845435
16 124 133 129 16 57 1.818760
16 134 143 139 16 58 1.792353
16 144 156 150 16 59 1.767595
16 157 175 166 16 60 1.744341
16 176 194 185 16 61 1.713932
16 195 219 207 16 62 1.685188
16 220 255 238 16 63 1.659785
17 0 15 15 17 0 2.992177   # ieta [18], pt 0
17 16 16 16 17 1 2.922767
17 17 17 17 17 2 2.869845
17 18 18 18 17 3 2.815847
17 19 19 19 17 4 2.763938
17 20 20 20 17 5 2.727158
17 21 21 21 17 6 2.684938
17 22 22 22 17 7 2.655780
17 23 23 23 17 8 2.611916
17 24 24 24 17 9 2.575921
17 25 25 25 17 10 2.543270
17 26 26 26 17 11 2.526155
17 27 27 27 17 12 2.506369
17 28 28 28 17 13 2.473147
17 29 29 29 17 14 2.452486
17 30 30 30 17 15 2.434167
17 31 31 31 17 16 2.411875
17 32 32 32 17 17 2.395329
17 33 33 33 17 18 2.376132
17 34 34 34 17 19 2.371418
17 35 35 35 17 20 2.322554
17 36 36 36 17 21 2.319227
17 37 37 37 17 22 2.306507
17 38 38 38 17 23 2.289278
17 39 39 39 17 24 2.289348
17 40 40 40 17 25 2.272010
17 41 41 41 17 26 2.240450
17 42 42 42 17 27 2.222789
17 43 43 43 17 28 2.206744
17 44 44 44 17 29 2.198761
17 45 45 45 17 30 2.187597
17 46 46 46 17 31 2.170746
17 47 47 47 17 32 2.165171
17 48 48 48 17 33 2.145352
17 49 49 49 17 34 2.127291
17 50 50 50 17 35 2.108810
17 51 51 51 17 36 2.105221
17 52 52 52 17 37 2.094026
17 53 53 53 17 38 2.083193
17 54 54 54 17 39 2.068843
17 55 55 55 17 40 2.065489
17 56 56 56 17 41 2.048089
17 57 57 57 17 42 2.043071
17 58 58 58 17 43 2.037317
17 59 59 59 17 44 2.019604
17 60 62 61 17 45 2.003369
17 63 66 65 17 46 1.972990
17 67 70 69 17 47 1.942279
17 71 73 72 17 48 1.919092
17 74 77 76 17 49 1.898127
17 78 82 80 17 50 1.879036
17 83 88 86 17 51 1.843973
17 89 94 92 17 52 1.810105
17 95 100 98 17 53 1.781789
17 101 106 104 17 54 1.757275
17 107 115 111 17 55 1.730492
17 116 123 120 17 56 1.701731
17 124 133 129 17 57 1.677008
17 134 143 139 17 58 1.656489
17 144 156 150 17 59 1.628085
17 157 175 166 17 60 1.599333
17 176 194 185 17 61 1.573834
17 195 219 207 17 62 1.549317
17 220 255 238 17 63 1.520635
18 0 15 15 18 0 2.973019   # ieta [19], pt 0
18 16 16 16 18 1 2.901811
18 17 17 17 18 2 2.846538
18 18 18 18 18 3 2.804152
18 19 19 19 18 4 2.752458
18 20 20 20 18 5 2.700283
18 21 21 21 18 6 2.658478
18 22 22 22 18 7 2.629608
18 23 23 23 18 8 2.589471
18 24 24 24 18 9 2.551426
18 25 25 25 18 10 2.512432
18 26 26 26 18 11 2.498243
18 27 27 27 18 12 2.478676
18 28 28 28 18 13 2.445821
18 29 29 29 18 14 2.425388
18 30 30 30 18 15 2.407272
18 31 31 31 18 16 2.385226
18 32 32 32 18 17 2.359622
18 33 33 33 18 18 2.340711
18 34 34 34 18 19 2.336067
18 35 35 35 18 20 2.301105
18 36 36 36 18 21 2.297810
18 37 37 37 18 22 2.279959
18 38 38 38 18 23 2.262927
18 39 39 39 18 24 2.256796
18 40 40 40 18 25 2.232565
18 41 41 41 18 26 2.204250
18 42 42 42 18 27 2.186873
18 43 43 43 18 28 2.171088
18 44 44 44 18 29 2.151334
18 45 45 45 18 30 2.144332
18 46 46 46 18 31 2.127815
18 47 47 47 18 32 2.122350
18 48 48 48 18 33 2.102923
18 49 49 49 18 34 2.093789
18 50 50 50 18 35 2.075599
18 51 51 51 18 36 2.072067
18 52 52 52 18 37 2.061048
18 53 53 53 18 38 2.050385
18 54 54 54 18 39 2.035191
18 55 55 55 18 40 2.031891
18 56 56 56 18 41 2.014775
18 57 57 57 18 42 2.009839
18 58 58 58 18 43 2.004178
18 59 59 59 18 44 1.992212
18 60 62 61 18 45 1.976198
18 63 66 65 18 46 1.936410
18 67 70 69 18 47 1.901345
18 71 73 72 18 48 1.880118
18 74 77 76 18 49 1.862698
18 78 82 80 18 50 1.838717
18 83 88 86 18 51 1.804406
18 89 94 92 18 52 1.773953
18 95 100 98 18 53 1.746962
18 101 106 104 18 54 1.723553
18 107 115 111 18 55 1.698960
18 116 123 120 18 56 1.667465
18 124 133 129 18 57 1.641326
18 134 143 139 18 58 1.617405
18 144 156 150 18 59 1.591754
18 157 175 166 18 60 1.562733
18 176 194 185 18 61 1.533810
18 195 219 207 18 62 1.507864
18 220 255 238 18 63 1.478405
19 0 15 15 19 0 2.974385   # ieta [20], pt 0
19 16 16 16 19 1 2.891447
19 17 17 17 19 2 2.834991
19 18 18 18 19 3 2.789489
19 19 19 19 19 4 2.738065
19 20 20 20 19 5 2.686163
19 21 21 21 19 6 2.634294
19 22 22 22 19 7 2.604690
19 23 23 23 19 8 2.565942
19 24 24 24 19 9 2.525640
19 25 25 25 19 10 2.487041
19 26 26 26 19 11 2.470753
19 27 27 27 19 12 2.455108
19 28 28 28 19 13 2.426567
19 29 29 29 19 14 2.400924
19 30 30 30 19 15 2.383694
19 31 31 31 19 16 2.361864
19 32 32 32 19 17 2.336511
19 33 33 33 19 18 2.312318
19 34 34 34 19 19 2.307731
19 35 35 35 19 20 2.275193
19 36 36 36 19 21 2.271934
19 37 37 37 19 22 2.256827
19 38 38 38 19 23 2.231019
19 39 39 39 19 24 2.225082
19 40 40 40 19 25 2.202593
19 41 41 41 19 26 2.176922
19 42 42 42 19 27 2.159761
19 43 43 43 19 28 2.144171
19 44 44 44 19 29 2.124662
19 45 45 45 19 30 2.117747
19 46 46 46 19 31 2.101434
19 47 47 47 19 32 2.096037
19 48 48 48 19 33 2.083469
19 49 49 49 19 34 2.075332
19 50 50 50 19 35 2.057303
19 51 51 51 19 36 2.054587
19 52 52 52 19 37 2.043661
19 53 53 53 19 38 2.033088
19 54 54 54 19 39 2.012116
19 55 55 55 19 40 2.008854
19 56 56 56 19 41 1.991931
19 57 57 57 19 42 1.987051
19 58 58 58 19 43 1.981454
19 59 59 59 19 44 1.969625
19 60 62 61 19 45 1.953642
19 63 66 65 19 46 1.922479
19 67 70 69 19 47 1.892636
19 71 73 72 19 48 1.871506
19 74 77 76 19 49 1.852807
19 78 82 80 19 50 1.825689
19 83 88 86 19 51 1.794684
19 89 94 92 19 52 1.768704
19 95 100 98 19 53 1.742650
19 101 106 104 19 54 1.719299
19 107 115 111 19 55 1.694767
19 116 123 120 19 56 1.663350
19 124 133 129 19 57 1.639196
19 134 143 139 19 58 1.618170
19 144 156 150 19 59 1.592507
19 157 175 166 19 60 1.563472
19 176 194 185 19 61 1.534536
19 195 219 207 19 62 1.508577
19 220 255 238 19 63 1.478628
20 0 15 15 20 0 2.961034   # ieta [21], pt 0
20 16 16 16 20 1 2.876493
20 17 17 17 20 2 2.820329
20 18 18 18 20 3 2.774263
20 19 19 19 20 4 2.724327
20 20 20 20 20 5 2.671495
20 21 21 21 20 6 2.628445
20 22 22 22 20 7 2.598170
20 23 23 23 20 8 2.560334
20 24 24 24 20 9 2.518081
20 25 25 25 20 10 2.476645
20 26 26 26 20 11 2.457815
20 27 27 27 20 12 2.438670
20 28 28 28 20 13 2.396831
20 29 29 29 20 14 2.371502
20 30 30 30 20 15 2.347735
20 31 31 31 20 16 2.326234
20 32 32 32 20 17 2.305017
20 33 33 33 20 18 2.282111
20 34 34 34 20 19 2.271158
20 35 35 35 20 20 2.239136
20 36 36 36 20 21 2.236925
20 37 37 37 20 22 2.214993
20 38 38 38 20 23 2.181858
20 39 39 39 20 24 2.178694
20 40 40 40 20 25 2.155988
20 41 41 41 20 26 2.124929
20 42 42 42 20 27 2.108178
20 43 43 43 20 28 2.092961
20 44 44 44 20 29 2.083442
20 45 45 45 20 30 2.071652
20 46 46 46 20 31 2.061603
20 47 47 47 20 32 2.048654
20 48 48 48 20 33 2.036371
20 49 49 49 20 34 2.028417
20 50 50 50 20 35 2.010795
20 51 51 51 20 36 2.008141
20 52 52 52 20 37 1.997462
20 53 53 53 20 38 1.987128
20 54 54 54 20 39 1.972193
20 55 55 55 20 40 1.968996
20 56 56 56 20 41 1.952409
20 57 57 57 20 42 1.947626
20 58 58 58 20 43 1.946933
20 59 59 59 20 44 1.935309
20 60 62 61 20 45 1.919605
20 63 66 65 20 46 1.891510
20 67 70 69 20 47 1.862971
20 71 73 72 20 48 1.838003
20 74 77 76 20 49 1.821499
20 78 82 80 20 50 1.794556
20 83 88 86 20 51 1.761425
20 89 94 92 20 52 1.735927
20 95 100 98 20 53 1.711374
20 101 106 104 20 54 1.687519
20 107 115 111 20 55 1.664745
20 116 123 120 20 56 1.640856
20 124 133 129 20 57 1.616770
20 134 143 139 20 58 1.596031
20 144 156 150 20 59 1.571398
20 157 175 166 20 60 1.545307
20 176 194 185 20 61 1.516766
20 195 219 207 20 62 1.490796
20 220 255 238 20 63 1.461281
21 0 15 15 21 0 2.912415   # ieta [22], pt 0
21 16 16 16 21 1 2.810462
21 17 17 17 21 2 2.753120
21 18 18 18 21 3 2.718196
21 19 19 19 21 4 2.677735
21 20 20 20 21 5 2.629991
21 21 21 21 21 6 2.584146
21 22 22 22 21 7 2.554381
21 23 23 23 21 8 2.508037
21 24 24 24 21 9 2.456877
21 25 25 25 21 10 2.411568
21 26 26 26 21 11 2.388723
21 27 27 27 21 12 2.366144
21 28 28 28 21 13 2.326711
21 29 29 29 21 14 2.305030
21 30 30 30 21 15 2.288855
21 31 31 31 21 16 2.267894
21 32 32 32 21 17 2.255962
21 33 33 33 21 18 2.228867
21 34 34 34 21 19 2.218170
21 35 35 35 21 20 2.172645
21 36 36 36 21 21 2.170500
21 37 37 37 21 22 2.158295
21 38 38 38 21 23 2.138645
21 39 39 39 21 24 2.135544
21 40 40 40 21 25 2.113287
21 41 41 41 21 26 2.082844
21 42 42 42 21 27 2.075434
21 43 43 43 21 28 2.060452
21 44 44 44 21 29 2.051082
21 45 45 45 21 30 2.039475
21 46 46 46 21 31 2.024766
21 47 47 47 21 32 2.012048
21 48 48 48 21 33 1.999984
21 49 49 49 21 34 1.992173
21 50 50 50 21 35 1.974866
21 51 51 51 21 36 1.972259
21 52 52 52 21 37 1.961720
21 53 53 53 21 38 1.951570
21 54 54 54 21 39 1.936903
21 55 55 55 21 40 1.933763
21 56 56 56 21 41 1.909039
21 57 57 57 21 42 1.904362
21 58 58 58 21 43 1.903405
21 59 59 59 21 44 1.893767
21 60 62 61 21 45 1.878613
21 63 66 65 21 46 1.850854
21 67 70 69 21 47 1.822929
21 71 73 72 21 48 1.798497
21 74 77 76 21 49 1.783403
21 78 82 80 21 50 1.760162
21 83 88 86 21 51 1.727579
21 89 94 92 21 52 1.702991
21 95 100 98 21 53 1.684936
21 101 106 104 21 54 1.661395
21 107 115 111 21 55 1.638973
21 116 123 120 21 56 1.615454
21 124 133 129 21 57 1.591740
21 134 143 139 21 58 1.574528
21 144 156 150 21 59 1.553332
21 157 175 166 21 60 1.527758
21 176 194 185 21 61 1.494365
21 195 219 207 21 62 1.468824
21 220 255 238 21 63 1.439744
22 0 15 15 22 0 2.774856   # ieta [23], pt 0
22 16 16 16 22 1 2.718704
22 17 17 17 22 2 2.669709
22 18 18 18 22 3 2.631747
22 19 19 19 22 4 2.575149
22 20 20 20 22 5 2.541351
22 21 21 21 22 6 2.489395
22 22 22 22 22 7 2.466005
22 23 23 23 22 8 2.421574
22 24 24 24 22 9 2.363168
22 25 25 25 22 10 2.334378
22 26 26 26 22 11 2.296916
22 27 27 27 22 12 2.269993
22 28 28 28 22 13 2.246154
22 29 29 29 22 14 2.213007
22 30 30 30 22 15 2.197478
22 31 31 31 22 16 2.177370
22 32 32 32 22 17 2.151775
22 33 33 33 22 18 2.136756
22 34 34 34 22 19 2.126501
22 35 35 35 22 20 2.102418
22 36 36 36 22 21 2.100342
22 37 37 37 22 22 2.089486
22 38 38 38 22 23 2.070463
22 39 39 39 22 24 2.067205
22 40 40 40 22 25 2.045660
22 41 41 41 22 26 2.023451
22 42 42 42 22 27 2.007809
22 43 43 43 22 28 2.004320
22 44 44 44 22 29 1.995205
22 45 45 45 22 30 1.983914
22 46 46 46 22 31 1.956741
22 47 47 47 22 32 1.944451
22 48 48 48 22 33 1.932792
22 49 49 49 22 34 1.925243
22 50 50 50 22 35 1.920874
22 51 51 51 22 36 1.918339
22 52 52 52 22 37 1.908087
22 53 53 53 22 38 1.899328
22 54 54 54 22 39 1.885053
22 55 55 55 22 40 1.882785
22 56 56 56 22 41 1.869458
22 57 57 57 22 42 1.855321
22 58 58 58 22 43 1.854631
22 59 59 59 22 44 1.845052
22 60 62 61 22 45 1.829922
22 63 66 65 22 46 1.802586
22 67 70 69 22 47 1.778995
22 71 73 72 22 48 1.750224
22 74 77 76 22 49 1.737140
22 78 82 80 22 50 1.711034
22 83 88 86 22 51 1.690497
22 89 94 92 22 52 1.669868
22 95 100 98 22 53 1.651862
22 101 106 104 22 54 1.628313
22 107 115 111 22 55 1.606273
22 116 123 120 22 56 1.583790
22 124 133 129 22 57 1.558776
22 134 143 139 22 58 1.539467
22 144 156 150 22 59 1.517282
22 157 175 166 22 60 1.492429
22 176 194 185 22 61 1.465146
22 195 219 207 22 62 1.441564
22 220 255 238 22 63 1.413330
23 0 15 15 23 0 2.673667   # ieta [24], pt 0
23 16 16 16 23 1 2.603225
23 17 17 17 23 2 2.552574
23 18 18 18 23 3 2.511409
23 19 19 19 23 4 2.466372
23 20 20 20 23 5 2.431577
23 21 21 21 23 6 2.377887
23 22 22 22 23 7 2.355684
23 23 23 23 23 8 2.307128
23 24 24 24 23 9 2.266001
23 25 25 25 23 10 2.239578
23 26 26 26 23 11 2.199906
23 27 27 27 23 12 2.174814
23 28 28 28 23 13 2.152230
23 29 29 29 23 14 2.131168
23 30 30 30 23 15 2.116188
23 31 31 31 23 16 2.096717
23 32 32 32 23 17 2.078326
23 33 33 33 23 18 2.063820
23 34 34 34 23 19 2.053915
23 35 35 35 23 20 2.023158
23 36 36 36 23 21 2.021161
23 37 37 37 23 22 2.010715
23 38 38 38 23 23 2.000870
23 39 39 39 23 24 1.997722
23 40 40 40 23 25 1.983104
23 41 41 41 23 26 1.960587
23 42 42 42 23 27 1.947360
23 43 43 43 23 28 1.938928
23 44 44 44 23 29 1.930110
23 45 45 45 23 30 1.919187
23 46 46 46 23 31 1.906023
23 47 47 47 23 32 1.900072
23 48 48 48 23 33 1.879636
23 49 49 49 23 34 1.872295
23 50 50 50 23 35 1.852448
23 51 51 51 23 36 1.849444
23 52 52 52 23 37 1.839560
23 53 53 53 23 38 1.831115
23 54 54 54 23 39 1.821421
23 55 55 55 23 40 1.819230
23 56 56 56 23 41 1.806353
23 57 57 57 23 42 1.798488
23 58 58 58 23 43 1.797819
23 59 59 59 23 44 1.788532
23 60 62 61 23 45 1.777405
23 63 66 65 23 46 1.758654
23 67 70 69 23 47 1.730904
23 71 73 72 23 48 1.714832
23 74 77 76 23 49 1.702012
23 78 82 80 23 50 1.675100
23 83 88 86 23 51 1.643937
23 89 94 92 23 52 1.621013
23 95 100 98 23 53 1.603534
23 101 106 104 23 54 1.586896
23 107 115 111 23 55 1.572291
23 116 123 120 23 56 1.551095
23 124 133 129 23 57 1.526916
23 134 143 139 23 58 1.506830
23 144 156 150 23 59 1.489146
23 157 175 166 23 60 1.462407
23 176 194 185 23 61 1.440467
23 195 219 207 23 62 1.420254
23 220 255 238 23 63 1.392657
24 0 15 15 24 0 2.634952   # ieta [25], pt 0
24 16 16 16 24 1 2.560078
24 17 17 17 24 2 2.512362
24 18 18 18 24 3 2.463758
24 19 19 19 24 4 2.417069
24 20 20 20 24 5 2.382176
24 21 21 21 24 6 2.334344
24 22 22 22 24 7 2.314538
24 23 23 23 24 8 2.274318
24 24 24 24 24 9 2.244926
24 25 25 25 24 10 2.217982
24 26 26 26 24 11 2.179908
24 27 27 27 24 12 2.155461
24 28 28 28 24 13 2.131000
24 29 29 29 24 14 2.110351
24 30 30 30 24 15 2.096773
24 31 31 31 24 16 2.077689
24 32 32 32 24 17 2.061149
24 33 33 33 24 18 2.039448
24 34 34 34 24 19 2.031321
24 35 35 35 24 20 2.001036
24 36 36 36 24 21 1.999221
24 37 37 37 24 22 1.982296
24 38 38 38 24 23 1.968449
24 39 39 39 24 24 1.965293
24 40 40 40 24 25 1.952108
24 41 41 41 24 26 1.925706
24 42 42 42 24 27 1.911745
24 43 43 43 24 28 1.903466
24 44 44 44 24 29 1.892632
24 45 45 45 24 30 1.885712
24 46 46 46 24 31 1.872777
24 47 47 47 24 32 1.867769
24 48 48 48 24 33 1.849572
24 49 49 49 24 34 1.844340
24 50 50 50 24 35 1.824789
24 51 51 51 24 36 1.822246
24 52 52 52 24 37 1.816715
24 53 53 53 24 38 1.808375
24 54 54 54 24 39 1.799050
24 55 55 55 24 40 1.797389
24 56 56 56 24 41 1.784667
24 57 57 57 24 42 1.776896
24 58 58 58 24 43 1.776160
24 59 59 59 24 44 1.765696
24 60 62 61 24 45 1.754824
24 63 66 65 24 46 1.732492
24 67 70 69 24 47 1.708702
24 71 73 72 24 48 1.690926
24 74 77 76 24 49 1.677066
24 78 82 80 24 50 1.651161
24 83 88 86 24 51 1.620829
24 89 94 92 24 52 1.601115
24 95 100 98 24 53 1.581349
24 101 106 104 24 54 1.566637
24 107 115 111 24 55 1.549637
24 116 123 120 24 56 1.527498
24 124 133 129 24 57 1.504877
24 134 143 139 24 58 1.484247
24 144 156 150 24 59 1.469194
24 157 175 166 24 60 1.444704
24 176 194 185 24 61 1.421388
24 195 219 207 24 62 1.401873
24 220 255 238 24 63 1.377056
25 0 15 15 25 0 2.664853   # ieta [26], pt 0
25 16 16 16 25 1 2.586334
25 17 17 17 25 2 2.538129
25 18 18 18 25 3 2.489026
25 19 19 19 25 4 2.441859
25 20 20 20 25 5 2.405171
25 21 21 21 25 6 2.356877
25 22 22 22 25 7 2.338245
25 23 23 23 25 8 2.292119
25 24 24 24 25 9 2.245062
25 25 25 25 25 10 2.217769
25 26 26 26 25 11 2.180646
25 27 27 27 25 12 2.155700
25 28 28 28 25 13 2.130305
25 29 29 29 25 14 2.109663
25 30 30 30 25 15 2.096514
25 31 31 31 25 16 2.077432
25 32 32 32 25 17 2.062211
25 33 33 33 25 18 2.041215
25 34 34 34 25 19 2.033081
25 35 35 35 25 20 1.998667
25 36 36 36 25 21 1.997848
25 37 37 37 25 22 1.980649
25 38 38 38 25 23 1.963607
25 39 39 39 25 24 1.960700
25 40 40 40 25 25 1.947243
25 41 41 41 25 26 1.921502
25 42 42 42 25 27 1.903345
25 43 43 43 25 28 1.895104
25 44 44 44 25 29 1.884317
25 45 45 45 25 30 1.877072
25 46 46 46 25 31 1.864197
25 47 47 47 25 32 1.855644
25 48 48 48 25 33 1.838192
25 49 49 49 25 34 1.832992
25 50 50 50 25 35 1.813562
25 51 51 51 25 36 1.810669
25 52 52 52 25 37 1.800936
25 53 53 53 25 38 1.792669
25 54 54 54 25 39 1.781818
25 55 55 55 25 40 1.781540
25 56 56 56 25 41 1.761868
25 57 57 57 25 42 1.755633
25 58 58 58 25 43 1.754906
25 59 59 59 25 44 1.740806
25 60 62 61 25 45 1.729813
25 63 66 65 25 46 1.706110
25 67 70 69 25 47 1.679747
25 71 73 72 25 48 1.663044
25 74 77 76 25 49 1.648997
25 78 82 80 25 50 1.624520
25 83 88 86 25 51 1.598058
25 89 94 92 25 52 1.575949
25 95 100 98 25 53 1.555965
25 101 106 104 25 54 1.537220
25 107 115 111 25 55 1.518843
25 116 123 120 25 56 1.495810
25 124 133 129 25 57 1.477105
25 134 143 139 25 58 1.456929
25 144 156 150 25 59 1.439127
25 157 175 166 25 60 1.413120
25 176 194 185 25 61 1.390311
25 195 219 207 25 62 1.368029
25 220 255 238 25 63 1.345055
26 0 15 15 26 0 2.873421   # ieta [27], pt 0
26 16 16 16 26 1 2.725075
26 17 17 17 26 2 2.669115
26 18 18 18 26 3 2.634709
26 19 19 19 26 4 2.563100
26 20 20 20 26 5 2.520944
26 21 21 21 26 6 2.458123
26 22 22 22 26 7 2.431547
26 23 23 23 26 8 2.380785
26 24 24 24 26 9 2.291571
26 25 25 25 26 10 2.258365
26 26 26 26 26 11 2.220091
26 27 27 27 26 12 2.194693
26 28 28 28 26 13 2.137652
26 29 29 29 26 14 2.114983
26 30 30 30 26 15 2.094513
26 31 31 31 26 16 2.078753
26 32 32 32 26 17 2.064771
26 33 33 33 26 18 2.043175
26 34 34 34 26 19 2.035033
26 35 35 35 26 20 2.000587
26 36 36 36 26 21 1.999817
26 37 37 37 26 22 1.982427
26 38 38 38 26 23 1.961961
26 39 39 39 26 24 1.959057
26 40 40 40 26 25 1.944683
26 41 41 41 26 26 1.919172
26 42 42 42 26 27 1.901038
26 43 43 43 26 28 1.892124
26 44 44 44 26 29 1.876084
26 45 45 45 26 30 1.867701
26 46 46 46 26 31 1.853120
26 47 47 47 26 32 1.844414
26 48 48 48 26 33 1.827068
26 49 49 49 26 34 1.819586
26 50 50 50 26 35 1.800297
26 51 51 51 26 36 1.795676
26 52 52 52 26 37 1.786024
26 53 53 53 26 38 1.771936
26 54 54 54 26 39 1.760704
26 55 55 55 26 40 1.758911
26 56 56 56 26 41 1.739488
26 57 57 57 26 42 1.728350
26 58 58 58 26 43 1.726672
26 59 59 59 26 44 1.712337
26 60 62 61 26 45 1.702078
26 63 66 65 26 46 1.680014
26 67 70 69 26 47 1.654088
26 71 73 72 26 48 1.633577
26 74 77 76 26 49 1.614972
26 78 82 80 26 50 1.584612
26 83 88 86 26 51 1.552830
26 89 94 92 26 52 1.528416
26 95 100 98 26 53 1.508455
26 101 106 104 26 54 1.489143
26 107 115 111 26 55 1.469971
26 116 123 120 26 56 1.447888
26 124 133 129 26 57 1.423220
26 134 143 139 26 58 1.396551
26 144 156 150 26 59 1.380842
26 157 175 166 26 60 1.361350
26 176 194 185 26 61 1.340123
26 195 219 207 26 62 1.318283
26 220 255 238 26 63 1.297208
27 0 15 15 27 0 2.450959   # ieta [28], pt 0
27 16 16 16 27 1 2.397027
27 17 17 17 27 2 2.347284
27 18 18 18 27 3 2.308047
27 19 19 19 27 4 2.255331
27 20 20 20 27 5 2.217876
27 21 21 21 27 6 2.165792
27 22 22 22 27 7 2.133493
27 23 23 23 27 8 2.085382
27 24 24 24 27 9 2.069234
27 25 25 25 27 10 2.047832
27 26 26 26 27 11 2.013019
27 27 27 27 27 12 2.000349
27 28 28 28 27 13 1.975154
27 29 29 29 27 14 1.956109
27 30 30 30 27 15 1.945901
27 31 31 31 27 16 1.931421
27 32 32 32 27 17 1.912222
27 33 33 33 27 18 1.901825
27 34 34 34 27 19 1.891384
27 35 35 35 27 20 1.856777
27 36 36 36 27 21 1.856343
27 37 37 37 27 22 1.841831
27 38 38 38 27 23 1.827744
27 39 39 39 27 24 1.821978
27 40 40 40 27 25 1.806109
27 41 41 41 27 26 1.783887
27 42 42 42 27 27 1.772431
27 43 43 43 27 28 1.764006
27 44 44 44 27 29 1.754802
27 45 45 45 27 30 1.745989
27 46 46 46 27 31 1.735679
27 47 47 47 27 32 1.731601
27 48 48 48 27 33 1.716478
27 49 49 49 27 34 1.713243
27 50 50 50 27 35 1.696338
27 51 51 51 27 36 1.691895
27 52 52 52 27 37 1.685439
27 53 53 53 27 38 1.678348
27 54 54 54 27 39 1.672967
27 55 55 55 27 40 1.667253
27 56 56 56 27 41 1.651097
27 57 57 57 27 42 1.636901
27 58 58 58 27 43 1.634511
27 59 59 59 27 44 1.629397
27 60 62 61 27 45 1.617160
27 63 66 65 27 46 1.592492
27 67 70 69 27 47 1.563523
27 71 73 72 27 48 1.544815
27 74 77 76 27 49 1.531486
27 78 82 80 27 50 1.507400
27 83 88 86 27 51 1.481290
27 89 94 92 27 52 1.460209
27 95 100 98 27 53 1.437585
27 101 106 104 27 54 1.414866
27 107 115 111 27 55 1.396310
27 116 123 120 27 56 1.377040
27 124 133 129 27 57 1.352236
27 134 143 139 27 58 1.331464
27 144 156 150 27 59 1.316623
27 157 175 166 27 60 1.294170
27 176 194 185 27 61 1.270252
27 195 219 207 27 62 1.246821
27 220 255 238 27 63 1.227385
28 0 15 15 28 0 2.163991   # ieta [29], pt 0
28 16 16 16 28 1 2.074547
28 17 17 17 28 2 1.991679
28 18 18 18 28 3 1.943071
28 19 19 19 28 4 1.893304
28 20 20 20 28 5 1.862209
28 21 21 21 28 6 1.813975
28 22 22 22 28 7 1.815940
28 23 23 23 28 8 1.788749
28 24 24 24 28 9 1.754049
28 25 25 25 28 10 1.738119
28 26 26 26 28 11 1.715162
28 27 27 27 28 12 1.707229
28 28 28 28 28 13 1.686767
28 29 29 29 28 14 1.672177
28 30 30 30 28 15 1.664543
28 31 31 31 28 16 1.651050
28 32 32 32 28 17 1.635635
28 33 33 33 28 18 1.620648
28 34 34 34 28 19 1.617467
28 35 35 35 28 20 1.588418
28 36 36 36 28 21 1.588019
28 37 37 37 28 22 1.588928
28 38 38 38 28 23 1.589487
28 39 39 39 28 24 1.587488
28 40 40 40 28 25 1.586079
28 41 41 41 28 26 1.564505
28 42 42 42 28 27 1.554284
28 43 43 43 28 28 1.552793
28 44 44 44 28 29 1.552957
28 45 45 45 28 30 1.547713
28 46 46 46 28 31 1.536818
28 47 47 47 28 32 1.527899
28 48 48 48 28 33 1.522723
28 49 49 49 28 34 1.522135
28 50 50 50 28 35 1.515153
28 51 51 51 28 36 1.506616
28 52 52 52 28 37 1.506616
28 53 53 53 28 38 1.506401
28 54 54 54 28 39 1.492378
28 55 55 55 28 40 1.492739
28 56 56 56 28 41 1.481200
28 57 57 57 28 42 1.478975
28 58 58 58 28 43 1.478378
28 59 59 59 28 44 1.476065
28 60 62 61 28 45 1.473284
28 63 66 65 28 46 1.462594
28 67 70 69 28 47 1.447606
28 71 73 72 28 48 1.441338
28 74 77 76 28 49 1.423295
28 78 82 80 28 50 1.414782
28 83 88 86 28 51 1.395163
28 89 94 92 28 52 1.381184
28 95 100 98 28 53 1.363132
28 101 106 104 28 54 1.341546
28 107 115 111 28 55 1.332158
28 116 123 120 28 56 1.319038
28 124 133 129 28 57 1.308355
28 134 143 139 28 58 1.296893
28 144 156 150 28 59 1.283649
28 157 175 166 28 60 1.265332
28 176 194 185 28 61 1.249746
28 195 219 207 28 62 1.230098
28 220 255 238 28 63 1.211122
29 0 15 15 29 0 1.887062   # ieta [30], pt 0
29 16 16 16 29 1 1.795960
29 17 17 17 29 2 1.734318
29 18 18 18 29 3 1.699579
29 19 19 19 29 4 1.641850
29 20 20 20 29 5 1.613469
29 21 21 21 29 6 1.579228
29 22 22 22 29 7 1.557220
29 23 23 23 29 8 1.537736
29 24 24 24 29 9 1.520413
29 25 25 25 29 10 1.506070
29 26 26 26 29 11 1.484142
29 27 27 27 29 12 1.475137
29 28 28 28 29 13 1.459307
29 29 29 29 29 14 1.448707
29 30 30 30 29 15 1.441171
29 31 31 31 29 16 1.438393
29 32 32 32 29 17 1.428228
29 33 33 33 29 18 1.408957
29 34 34 34 29 19 1.402084
29 35 35 35 29 20 1.399804
29 36 36 36 29 21 1.395808
29 37 37 37 29 22 1.393554
29 38 38 38 29 23 1.394113
29 39 39 39 29 24 1.392114
29 40 40 40 29 25 1.381936
29 41 41 41 29 26 1.374443
29 42 42 42 29 27 1.370334
29 43 43 43 29 28 1.369522
29 44 44 44 29 29 1.369158
29 45 45 45 29 30 1.357112
29 46 46 46 29 31 1.356298
29 47 47 47 29 32 1.348488
29 48 48 48 29 33 1.345547
29 49 49 49 29 34 1.341308
29 50 50 50 29 35 1.340756
29 51 51 51 29 36 1.340470
29 52 52 52 29 37 1.340470
29 53 53 53 29 38 1.340255
29 54 54 54 29 39 1.331327
29 55 55 55 29 40 1.329477
29 56 56 56 29 41 1.313643
29 57 57 57 29 42 1.304954
29 58 58 58 29 43 1.301170
29 59 59 59 29 44 1.299123
29 60 62 61 29 45 1.296848
29 63 66 65 29 46 1.278673
29 67 70 69 29 47 1.270440
29 71 73 72 29 48 1.261975
29 74 77 76 29 49 1.258654
29 78 82 80 29 50 1.245799
29 83 88 86 29 51 1.228471
29 89 94 92 29 52 1.221028
29 95 100 98 29 53 1.211686
29 101 106 104 29 54 1.199512
29 107 115 111 29 55 1.191132
29 116 123 120 29 56 1.179608
29 124 133 129 29 57 1.163159
29 134 143 139 29 58 1.153218
29 144 156 150 29 59 1.145244
29 157 175 166 29 60 1.140261
29 176 194 185 29 61 1.133182
29 195 219 207 29 62 1.128606
29 220 255 238 29 63 1.120894
30 0 15 15 30 0 1.849402   # ieta [31], pt 0
30 16 16 16 30 1 1.764736
30 17 17 17 30 2 1.706263
30 18 18 18 30 3 1.680449
30 19 19 19 30 4 1.619590
30 20 20 20 30 5 1.594781
30 21 21 21 30 6 1.565104
30 22 22 22 30 7 1.540576
30 23 23 23 30 8 1.518175
30 24 24 24 30 9 1.498092
30 25 25 25 30 10 1.475705
30 26 26 26 30 11 1.452128
30 27 27 27 30 12 1.443728
30 28 28 28 30 13 1.427568
30 29 29 29 30 14 1.417627
30 30 30 30 30 15 1.410091
30 31 31 31 30 16 1.407519
30 32 32 32 30 17 1.397354
30 33 33 33 30 18 1.376470
30 34 34 34 30 19 1.369854
30 35 35 35 30 20 1.367000
30 36 36 36 30 21 1.361246
30 37 37 37 30 22 1.357331
30 38 38 38 30 23 1.356827
30 39 39 39 30 24 1.356255
30 40 40 40 30 25 1.347235
30 41 41 41 30 26 1.345262
30 42 42 42 30 27 1.339916
30 43 43 43 30 28 1.338399
30 44 44 44 30 29 1.338035
30 45 45 45 30 30 1.325134
30 46 46 46 30 31 1.325024
30 47 47 47 30 32 1.317057
30 48 48 48 30 33 1.314402
30 49 49 49 30 34 1.305657
30 50 50 50 30 35 1.305248
30 51 51 51 30 36 1.304962
30 52 52 52 30 37 1.304962
30 53 53 53 30 38 1.304747
30 54 54 54 30 39 1.295819
30 55 55 55 30 40 1.295311
30 56 56 56 30 41 1.287521
30 57 57 57 30 42 1.283025
30 58 58 58 30 43 1.280192
30 59 59 59 30 44 1.280449
30 60 62 61 30 45 1.277082
30 63 66 65 30 46 1.264201
30 67 70 69 30 47 1.260035
30 71 73 72 30 48 1.251935
30 74 77 76 30 49 1.250195
30 78 82 80 30 50 1.240160
30 83 88 86 30 51 1.223550
30 89 94 92 30 52 1.217292
30 95 100 98 30 53 1.208518
30 101 106 104 30 54 1.197703
30 107 115 111 30 55 1.188843
30 116 123 120 30 56 1.175832
30 124 133 129 30 57 1.161112
30 134 143 139 30 58 1.150631
30 144 156 150 30 59 1.139014
30 157 175 166 30 60 1.133573
30 176 194 185 30 61 1.128431
30 195 219 207 30 62 1.125288
30 220 255 238 30 63 1.117299
31 0 15 15 31 0 1.741283   # ieta [32], pt 0
31 16 16 16 31 1 1.654700
31 17 17 17 31 2 1.603547
31 18 18 18 31 3 1.559820
31 19 19 19 31 4 1.524771
31 20 20 20 31 5 1.479626
31 21 21 21 31 6 1.446731
31 22 22 22 31 7 1.431240
31 23 23 23 31 8 1.409983
31 24 24 24 31 9 1.377647
31 25 25 25 31 10 1.354620
31 26 26 26 31 11 1.330041
31 27 27 27 31 12 1.329013
31 28 28 28 31 13 1.324896
31 29 29 29 31 14 1.312866
31 30 30 30 31 15 1.309986
31 31 31 31 31 16 1.306084
31 32 32 32 31 17 1.301145
31 33 33 33 31 18 1.281670
31 34 34 34 31 19 1.277585
31 35 35 35 31 20 1.261597
31 36 36 36 31 21 1.259440
31 37 37 37 31 22 1.257655
31 38 38 38 31 23 1.253333
31 39 39 39 31 24 1.252760
31 40 40 40 31 25 1.244341
31 41 41 41 31 26 1.237182
31 42 42 42 31 27 1.234733
31 43 43 43 31 28 1.227250
31 44 44 44 31 29 1.225245
31 45 45 45 31 30 1.220095
31 46 46 46 31 31 1.219986
31 47 47 47 31 32 1.217867
31 48 48 48 31 33 1.217047
31 49 49 49 31 34 1.212541
31 50 50 50 31 35 1.210969
31 51 51 51 31 36 1.209690
31 52 52 52 31 37 1.209690
31 53 53 53 31 38 1.209011
31 54 54 54 31 39 1.207697
31 55 55 55 31 40 1.207649
31 56 56 56 31 41 1.199517
31 57 57 57 31 42 1.190147
31 58 58 58 31 43 1.190502
31 59 59 59 31 44 1.184088
31 60 62 61 31 45 1.178349
31 63 66 65 31 46 1.172906
31 67 70 69 31 47 1.169355
31 71 73 72 31 48 1.160157
31 74 77 76 31 49 1.159664
31 78 82 80 31 50 1.144806
31 83 88 86 31 51 1.140258
31 89 94 92 31 52 1.135490
31 95 100 98 31 53 1.126013
31 101 106 104 31 54 1.121837
31 107 115 111 31 55 1.114857
31 116 123 120 31 56 1.105758
31 124 133 129 31 57 1.095780
31 134 143 139 31 58 1.082374
31 144 156 150 31 59 1.077344
31 157 175 166 31 60 1.074401
31 176 194 185 31 61 1.065571
31 195 219 207 31 62 1.060055
31 220 255 238 31 63 1.054374
32 0 15 15 32 0 1.610197   # ieta [33], pt 0
32 16 16 16 32 1 1.533793
32 17 17 17 32 2 1.489323
32 18 18 18 32 3 1.444819
32 19 19 19 32 4 1.417475
32 20 20 20 32 5 1.385683
32 21 21 21 32 6 1.357988
32 22 22 22 32 7 1.340648
32 23 23 23 32 8 1.329983
32 24 24 24 32 9 1.301190
32 25 25 25 32 10 1.283370
32 26 26 26 32 11 1.266522
32 27 27 27 32 12 1.257929
32 28 28 28 32 13 1.247506
32 29 29 29 32 14 1.239011
32 30 30 30 32 15 1.232732
32 31 31 31 32 16 1.228144
32 32 32 32 32 17 1.225172
32 33 33 33 32 18 1.207832
32 34 34 34 32 19 1.203747
32 35 35 35 32 20 1.190006
32 36 36 36 32 21 1.189925
32 37 37 37 32 22 1.188140
32 38 38 38 32 23 1.184976
32 39 39 39 32 24 1.183437
32 40 40 40 32 25 1.176693
32 41 41 41 32 26 1.170002
32 42 42 42 32 27 1.165296
32 43 43 43 32 28 1.159678
32 44 44 44 32 29 1.157092
32 45 45 45 32 30 1.154828
32 46 46 46 32 31 1.154828
32 47 47 47 32 32 1.152072
32 48 48 48 32 33 1.151252
32 49 49 49 32 34 1.151252
32 50 50 50 32 35 1.146865
32 51 51 51 32 36 1.146879
32 52 52 52 32 37 1.146879
32 53 53 53 32 38 1.146199
32 54 54 54 32 39 1.143810
32 55 55 55 32 40 1.143763
32 56 56 56 32 41 1.136065
32 57 57 57 32 42 1.133227
32 58 58 58 32 43 1.133582
32 59 59 59 32 44 1.131327
32 60 62 61 32 45 1.127055
32 63 66 65 32 46 1.121630
32 67 70 69 32 47 1.117895
32 71 73 72 32 48 1.108411
32 74 77 76 32 49 1.107774
32 78 82 80 32 50 1.098527
32 83 88 86 32 51 1.094543
32 89 94 92 32 52 1.089947
32 95 100 98 32 53 1.082660
32 101 106 104 32 54 1.075044
32 107 115 111 32 55 1.068379
32 116 123 120 32 56 1.063602
32 124 133 129 32 57 1.056007
32 134 143 139 32 58 1.044575
32 144 156 150 32 59 1.039278
32 157 175 166 32 60 1.037063
32 176 194 185 32 61 1.028613
32 195 219 207 32 62 1.023097
32 220 255 238 32 63 1.017544
33 0 15 15 33 0 1.591008   # ieta [34], pt 0
33 16 16 16 33 1 1.516644
33 17 17 17 33 2 1.472175
33 18 18 18 33 3 1.431119
33 19 19 19 33 4 1.400419
33 20 20 20 33 5 1.368783
33 21 21 21 33 6 1.341941
33 22 22 22 33 7 1.324544
33 23 23 23 33 8 1.314922
33 24 24 24 33 9 1.288966
33 25 25 25 33 10 1.273557
33 26 26 26 33 11 1.255556
33 27 27 27 33 12 1.246963
33 28 28 28 33 13 1.234635
33 29 29 29 33 14 1.225061
33 30 30 30 33 15 1.218300
33 31 31 31 33 16 1.215301
33 32 32 32 33 17 1.211011
33 33 33 33 33 18 1.193090
33 34 34 34 33 19 1.187896
33 35 35 35 33 20 1.175604
33 36 36 36 33 21 1.175522
33 37 37 37 33 22 1.174720
33 38 38 38 33 23 1.171546
33 39 39 39 33 24 1.170007
33 40 40 40 33 25 1.163263
33 41 41 41 33 26 1.156572
33 42 42 42 33 27 1.153401
33 43 43 43 33 28 1.146841
33 44 44 44 33 29 1.144396
33 45 45 45 33 30 1.142132
33 46 46 46 33 31 1.142132
33 47 47 47 33 32 1.139376
33 48 48 48 33 33 1.139066
33 49 49 49 33 34 1.139066
33 50 50 50 33 35 1.134951
33 51 51 51 33 36 1.134966
33 52 52 52 33 37 1.134966
33 53 53 53 33 38 1.134946
33 54 54 54 33 39 1.132557
33 55 55 55 33 40 1.131500
33 56 56 56 33 41 1.122696
33 57 57 57 33 42 1.118497
33 58 58 58 33 43 1.118852
33 59 59 59 33 44 1.115043
33 60 62 61 33 45 1.111695
33 63 66 65 33 46 1.107730
33 67 70 69 33 47 1.104993
33 71 73 72 33 48 1.095509
33 74 77 76 33 49 1.094873
33 78 82 80 33 50 1.085047
33 83 88 86 33 51 1.081450
33 89 94 92 33 52 1.076904
33 95 100 98 33 53 1.072122
33 101 106 104 33 54 1.065278
33 107 115 111 33 55 1.059845
33 116 123 120 33 56 1.052802
33 124 133 129 33 57 1.046351
33 134 143 139 33 58 1.034722
33 144 156 150 33 59 1.029257
33 157 175 166 33 60 1.027251
33 176 194 185 33 61 1.019583
33 195 219 207 33 62 1.011487
33 220 255 238 33 63 1.004710
34 0 15 15 34 0 1.583108   # ieta [35], pt 0
34 16 16 16 34 1 1.513754
34 17 17 17 34 2 1.469284
34 18 18 18 34 3 1.428228
34 19 19 19 34 4 1.398318
34 20 20 20 34 5 1.366683
34 21 21 21 34 6 1.340751
34 22 22 22 34 7 1.323354
34 23 23 23 34 8 1.313504
34 24 24 24 34 9 1.287548
34 25 25 25 34 10 1.272139
34 26 26 26 34 11 1.254139
34 27 27 27 34 12 1.245545
34 28 28 28 34 13 1.233217
34 29 29 29 34 14 1.223644
34 30 30 30 34 15 1.216882
34 31 31 31 34 16 1.213883
34 32 32 32 34 17 1.209594
34 33 33 33 34 18 1.192080
34 34 34 34 34 19 1.186357
34 35 35 35 34 20 1.173577
34 36 36 36 34 21 1.173683
34 37 37 37 34 22 1.172881
34 38 38 38 34 23 1.168513
34 39 39 39 34 24 1.166974
34 40 40 40 34 25 1.159880
34 41 41 41 34 26 1.153834
34 42 42 42 34 27 1.150663
34 43 43 43 34 28 1.143674
34 44 44 44 34 29 1.141229
34 45 45 45 34 30 1.138387
34 46 46 46 34 31 1.138387
34 47 47 47 34 32 1.134956
34 48 48 48 34 33 1.133566
34 49 49 49 34 34 1.133566
34 50 50 50 34 35 1.129451
34 51 51 51 34 36 1.128729
34 52 52 52 34 37 1.128729
34 53 53 53 34 38 1.128710
34 54 54 54 34 39 1.125568
34 55 55 55 34 40 1.124511
34 56 56 56 34 41 1.114826
34 57 57 57 34 42 1.110627
34 58 58 58 34 43 1.110982
34 59 59 59 34 44 1.107173
34 60 62 61 34 45 1.103825
34 63 66 65 34 46 1.099860
34 67 70 69 34 47 1.097123
34 71 73 72 34 48 1.087639
34 74 77 76 34 49 1.087003
34 78 82 80 34 50 1.077177
34 83 88 86 34 51 1.073580
34 89 94 92 34 52 1.066138
34 95 100 98 34 53 1.060777
34 101 106 104 34 54 1.053933
34 107 115 111 34 55 1.048676
34 116 123 120 34 56 1.042366
34 124 133 129 34 57 1.037296
34 134 143 139 34 58 1.026280
34 144 156 150 34 59 1.022004
34 157 175 166 34 60 1.020166
34 176 194 185 34 61 1.013300
34 195 219 207 34 62 1.006578
34 220 255 238 34 63 0.999801
35 0 15 15 35 0 1.583427   # ieta [36], pt 0
35 16 16 16 35 1 1.514074
35 17 17 17 35 2 1.469604
35 18 18 18 35 3 1.428548
35 19 19 19 35 4 1.398638
35 20 20 20 35 5 1.367002
35 21 21 21 35 6 1.341071
35 22 22 22 35 7 1.323674
35 23 23 23 35 8 1.313824
35 24 24 24 35 9 1.287868
35 25 25 25 35 10 1.272459
35 26 26 26 35 11 1.254458
35 27 27 27 35 12 1.245865
35 28 28 28 35 13 1.233537
35 29 29 29 35 14 1.223963
35 30 30 30 35 15 1.217202
35 31 31 31 35 16 1.214203
35 32 32 32 35 17 1.209913
35 33 33 33 35 18 1.192080
35 34 34 34 35 19 1.186357
35 35 35 35 35 20 1.173577
35 36 36 36 35 21 1.173897
35 37 37 37 35 22 1.173095
35 38 38 38 35 23 1.168021
35 39 39 39 35 24 1.165502
35 40 40 40 35 25 1.158408
35 41 41 41 35 26 1.152362
35 42 42 42 35 27 1.148626
35 43 43 43 35 28 1.140790
35 44 44 44 35 29 1.137913
35 45 45 45 35 30 1.135071
35 46 46 46 35 31 1.135071
35 47 47 47 35 32 1.131640
35 48 48 48 35 33 1.130250
35 49 49 49 35 34 1.130250
35 50 50 50 35 35 1.126135
35 51 51 51 35 36 1.125413
35 52 52 52 35 37 1.125413
35 53 53 53 35 38 1.125394
35 54 54 54 35 39 1.122252
35 55 55 55 35 40 1.120362
35 56 56 56 35 41 1.109427
35 57 57 57 35 42 1.105228
35 58 58 58 35 43 1.105583
35 59 59 59 35 44 1.101774
35 60 62 61 35 45 1.097997
35 63 66 65 35 46 1.094033
35 67 70 69 35 47 1.091296
35 71 73 72 35 48 1.080460
35 74 77 76 35 49 1.080159
35 78 82 80 35 50 1.070455
35 83 88 86 35 51 1.066939
35 89 94 92 35 52 1.059806
35 95 100 98 35 53 1.054507
35 101 106 104 35 54 1.048138
35 107 115 111 35 55 1.043788
35 116 123 120 35 56 1.039032
35 124 133 129 35 57 1.035096
35 134 143 139 35 58 1.024758
35 144 156 150 35 59 1.020650
35 157 175 166 35 60 1.017890
35 176 194 185 35 61 1.008262
35 195 219 207 35 62 1.001623
35 220 255 238 35 63 0.996184
36 0 15 15 36 0 1.583427   # ieta [37], pt 0
36 16 16 16 36 1 1.514074
36 17 17 17 36 2 1.469604
36 18 18 18 36 3 1.428548
36 19 19 19 36 4 1.398638
36 20 20 20 36 5 1.367002
36 21 21 21 36 6 1.341071
36 22 22 22 36 7 1.323674
36 23 23 23 36 8 1.313824
36 24 24 24 36 9 1.287868
36 25 25 25 36 10 1.272459
36 26 26 26 36 11 1.254458
36 27 27 27 36 12 1.245865
36 28 28 28 36 13 1.233537
36 29 29 29 36 14 1.223963
36 30 30 30 36 15 1.217202
36 31 31 31 36 16 1.214203
36 32 32 32 36 17 1.209913
36 33 33 33 36 18 1.192080
36 34 34 34 36 19 1.186357
36 35 35 35 36 20 1.173577
36 36 36 36 36 21 1.173897
36 37 37 37 36 22 1.173095
36 38 38 38 36 23 1.168021
36 39 39 39 36 24 1.165502
36 40 40 40 36 25 1.158408
36 41 41 41 36 26 1.152362
36 42 42 42 36 27 1.148626
36 43 43 43 36 28 1.140790
36 44 44 44 36 29 1.137740
36 45 45 45 36 30 1.134898
36 46 46 46 36 31 1.134898
36 47 47 47 36 32 1.131467
36 48 48 48 36 33 1.130077
36 49 49 49 36 34 1.130077
36 50 50 50 36 35 1.125962
36 51 51 51 36 36 1.125240
36 52 52 52 36 37 1.125240
36 53 53 53 36 38 1.125221
36 54 54 54 36 39 1.122079
36 55 55 55 36 40 1.120189
36 56 56 56 36 41 1.109254
36 57 57 57 36 42 1.105054
36 58 58 58 36 43 1.105409
36 59 59 59 36 44 1.101052
36 60 62 61 36 45 1.097275
36 63 66 65 36 46 1.093311
36 67 70 69 36 47 1.090574
36 71 73 72 36 48 1.075728
36 74 77 76 36 49 1.075427
36 78 82 80 36 50 1.065723
36 83 88 86 36 51 1.062206
36 89 94 92 36 52 1.054190
36 95 100 98 36 53 1.048714
36 101 106 104 36 54 1.042345
36 107 115 111 36 55 1.037995
36 116 123 120 36 56 1.033239
36 124 133 129 36 57 1.029303
36 134 143 139 36 58 1.018965
36 144 156 150 36 59 1.014857
36 157 175 166 36 60 1.012097
36 176 194 185 36 61 1.002469
36 195 219 207 36 62 0.996205
36 220 255 238 36 63 0.991113
37 0 15 15 37 0 1.578762   # ieta [38], pt 0
37 16 16 16 37 1 1.510936
37 17 17 17 37 2 1.466466
37 18 18 18 37 3 1.425410
37 19 19 19 37 4 1.395774
37 20 20 20 37 5 1.364859
37 21 21 21 37 6 1.339388
37 22 22 22 37 7 1.323601
37 23 23 23 37 8 1.315474
37 24 24 24 37 9 1.289518
37 25 25 25 37 10 1.277766
37 26 26 26 37 11 1.260336
37 27 27 27 37 12 1.251742
37 28 28 28 37 13 1.239414
37 29 29 29 37 14 1.229841
37 30 30 30 37 15 1.223079
37 31 31 31 37 16 1.220081
37 32 32 32 37 17 1.217572
37 33 33 33 37 18 1.199739
37 34 34 34 37 19 1.194016
37 35 35 35 37 20 1.181236
37 36 36 36 37 21 1.181556
37 37 37 37 37 22 1.180754
37 38 38 38 37 23 1.176874
37 39 39 39 37 24 1.174355
37 40 40 40 37 25 1.166135
37 41 41 41 37 26 1.160089
37 42 42 42 37 27 1.156353
37 43 43 43 37 28 1.148516
37 44 44 44 37 29 1.145467
37 45 45 45 37 30 1.142624
37 46 46 46 37 31 1.142624
37 47 47 47 37 32 1.139193
37 48 48 48 37 33 1.135889
37 49 49 49 37 34 1.134784
37 50 50 50 37 35 1.129780
37 51 51 51 37 36 1.128598
37 52 52 52 37 37 1.128598
37 53 53 53 37 38 1.128579
37 54 54 54 37 39 1.125437
37 55 55 55 37 40 1.123547
37 56 56 56 37 41 1.112612
37 57 57 57 37 42 1.108413
37 58 58 58 37 43 1.108768
37 59 59 59 37 44 1.103842
37 60 62 61 37 45 1.100066
37 63 66 65 37 46 1.096102
37 67 70 69 37 47 1.093365
37 71 73 72 37 48 1.077662
37 74 77 76 37 49 1.077361
37 78 82 80 37 50 1.066970
37 83 88 86 37 51 1.063454
37 89 94 92 37 52 1.048730
37 95 100 98 37 53 1.042031
37 101 106 104 37 54 1.035662
37 107 115 111 37 55 1.031312
37 116 123 120 37 56 1.024360
37 124 133 129 37 57 1.019105
37 134 143 139 37 58 1.008768
37 144 156 150 37 59 1.004978
37 157 175 166 37 60 1.002313
37 176 194 185 37 61 0.992685
37 195 219 207 37 62 0.986422
37 220 255 238 37 63 0.981330
38 0 15 15 38 0 1.819813   # ieta [39], pt 0
38 16 16 16 38 1 1.702884
38 17 17 17 38 2 1.675931
38 18 18 18 38 3 1.613889
38 19 19 19 38 4 1.597101
38 20 20 20 38 5 1.565864
38 21 21 21 38 6 1.510772
38 22 22 22 38 7 1.487181
38 23 23 23 38 8 1.493168
38 24 24 24 38 9 1.436366
38 25 25 25 38 10 1.396640
38 26 26 26 38 11 1.379442
38 27 27 27 38 12 1.360153
38 28 28 28 38 13 1.339545
38 29 29 29 38 14 1.323692
38 30 30 30 38 15 1.309037
38 31 31 31 38 16 1.296253
38 32 32 32 38 17 1.268226
38 33 33 33 38 18 1.234937
38 34 34 34 38 19 1.229214
38 35 35 35 38 20 1.212952
38 36 36 36 38 21 1.211255
38 37 37 37 38 22 1.208768
38 38 38 38 38 23 1.200189
38 39 39 39 38 24 1.192332
38 40 40 40 38 25 1.184112
38 41 41 41 38 26 1.178066
38 42 42 42 38 27 1.174331
38 43 43 43 38 28 1.166494
38 44 44 44 38 29 1.163445
38 45 45 45 38 30 1.160602
38 46 46 46 38 31 1.156716
38 47 47 47 38 32 1.153285
38 48 48 48 38 33 1.149689
38 49 49 49 38 34 1.148585
38 50 50 50 38 35 1.143580
38 51 51 51 38 36 1.141242
38 52 52 52 38 37 1.141242
38 53 53 53 38 38 1.140140
38 54 54 54 38 39 1.136999
38 55 55 55 38 40 1.134496
38 56 56 56 38 41 1.119329
38 57 57 57 38 42 1.110565
38 58 58 58 38 43 1.110919
38 59 59 59 38 44 1.105994
38 60 62 61 38 45 1.102218
38 63 66 65 38 46 1.096334
38 67 70 69 38 47 1.091679
38 71 73 72 38 48 1.075977
38 74 77 76 38 49 1.075676
38 78 82 80 38 50 1.065285
38 83 88 86 38 51 1.061768
38 89 94 92 38 52 1.047044
38 95 100 98 38 53 1.040345
38 101 106 104 38 54 1.033976
38 107 115 111 38 55 1.029627
38 116 123 120 38 56 1.022674
38 124 133 129 38 57 1.017419
38 134 143 139 38 58 1.007082
38 144 156 150 38 59 1.003292
38 157 175 166 38 60 1.000627
38 176 194 185 38 61 0.991000
38 195 219 207 38 62 0.984736
38 220 255 238 38 63 0.979644
39 0 15 15 39 0 2.014747   # ieta [40], pt 0
39 16 16 16 39 1 1.908712
39 17 17 17 39 2 1.855919
39 18 18 18 39 3 1.786182
39 19 19 19 39 4 1.690524
39 20 20 20 39 5 1.660121
39 21 21 21 39 6 1.587453
39 22 22 22 39 7 1.558424
39 23 23 23 39 8 1.567899
39 24 24 24 39 9 1.515438
39 25 25 25 39 10 1.473039
39 26 26 26 39 11 1.443953
39 27 27 27 39 12 1.424664
39 28 28 28 39 13 1.398471
39 29 29 29 39 14 1.377419
39 30 30 30 39 15 1.362764
39 31 31 31 39 16 1.349435
39 32 32 32 39 17 1.320227
39 33 33 33 39 18 1.283902
39 34 34 34 39 19 1.282270
39 35 35 35 39 20 1.264544
39 36 36 36 39 21 1.262847
39 37 37 37 39 22 1.260361
39 38 38 38 39 23 1.251782
39 39 39 39 39 24 1.243925
39 40 40 40 39 25 1.235705
39 41 41 41 39 26 1.229659
39 42 42 42 39 27 1.225923
39 43 43 43 39 28 1.218087
39 44 44 44 39 29 1.212789
39 45 45 45 39 30 1.202893
39 46 46 46 39 31 1.199007
39 47 47 47 39 32 1.195577
39 48 48 48 39 33 1.190523
39 49 49 49 39 34 1.184138
39 50 50 50 39 35 1.179134
39 51 51 51 39 36 1.173333
39 52 52 52 39 37 1.173333
39 53 53 53 39 38 1.170828
39 54 54 54 39 39 1.167686
39 55 55 55 39 40 1.164245
39 56 56 56 39 41 1.142581
39 57 57 57 39 42 1.133817
39 58 58 58 39 43 1.131898
39 59 59 59 39 44 1.127474
39 60 62 61 39 45 1.120885
39 63 66 65 39 46 1.113595
39 67 70 69 39 47 1.108940
39 71 73 72 39 48 1.092070
39 74 77 76 39 49 1.091186
39 78 82 80 39 50 1.079176
39 83 88 86 39 51 1.075660
39 89 94 92 39 52 1.058915
39 95 100 98 39 53 1.051285
39 101 106 104 39 54 1.044915
39 107 115 111 39 55 1.040566
39 116 123 120 39 56 1.033613
39 124 133 129 39 57 1.028171
39 134 143 139 39 58 1.017396
39 144 156 150 39 59 1.013606
39 157 175 166 39 60 1.010942
39 176 194 185 39 61 1.001314
39 195 219 207 39 62 0.995050
39 220 255 238 39 63 0.989959
