# address to addend+multiplicative factor LUT
# maps 11 bits to 18 bits
# 18 bits = (addend<<10) + multiplier)
# addend is signed 8 bits, multiplier is 10 bits
# anything after # is ignored with the exception of the header
# the header is first valid line starting with #<header> versionStr nrBitsAddress nrBitsData </header>
#<header> v1 12 18 </header>
0 2047  # compresses ieta bin 0, pt 0
1 22527
2 22527
3 22527
4 21503
5 21503
6 20479
7 20479
8 19455
9 18431
10 18431
11 17407
12 17407
13 15359
14 15359
15 15359
16 14335
17 13311
18 12287
19 12287
20 9215
21 9215
22 8191
23 7167
24 7167
25 6143
26 5119
27 4095
28 3071
29 2046
30 1021
31 1010
32 1005
33 1000
34 995
35 991
36 991
37 983
38 979
39 974
40 975
41 967
42 964
43 960
44 957
45 947
46 936
47 922
48 912
49 905
50 894
51 880
52 870
53 858
54 848
55 836
56 825
57 815
58 806
59 795
60 783
61 772
62 761
63 748
16 2047  # compresses ieta bin 1, pt 0
17 22527
18 22527
19 22527
20 21503
21 21503
22 20479
23 20479
24 19455
25 18431
26 18431
27 17407
28 17407
29 15359
30 15359
31 15359
16 14335
17 13311
18 12287
19 12287
20 9215
21 9215
22 8191
23 7167
24 7167
25 6143
26 5119
27 4095
28 3071
29 2046
30 1021
31 1011
48 1011
49 1000
50 995
51 991
52 991
53 987
54 979
55 975
56 975
57 967
58 964
59 960
60 957
61 947
62 936
63 922
48 912
49 905
50 894
51 883
52 870
53 861
54 848
55 839
56 827
57 817
58 808
59 797
60 786
61 773
62 763
63 750
32 2047  # compresses ieta bin 2, pt 0
33 22527
34 22527
35 22527
36 22527
37 21503
38 21503
39 20479
40 20479
41 19455
42 19455
43 18431
44 18431
45 16383
46 16383
47 16383
48 15359
49 14335
50 13311
51 13311
52 10239
53 10239
54 9215
55 8191
56 8191
57 7167
58 5119
59 4095
60 3071
61 2047
62 2046
63 1016
32 1011
33 1005
34 1001
35 996
36 992
37 988
38 983
39 979
40 980
41 972
42 968
43 965
44 961
45 951
46 940
47 926
48 916
49 908
50 898
51 886
52 872
53 864
54 851
55 841
56 829
57 819
58 810
59 800
60 788
61 776
62 765
63 751
48 2047  # compresses ieta bin 3, pt 0
49 23551
50 23551
51 23551
52 22527
53 22527
54 22527
55 21503
56 21503
57 21503
58 20479
59 19455
60 19455
61 18431
62 17407
63 17407
48 16383
49 15359
50 14335
51 14335
52 11263
53 11263
54 10239
55 9215
56 9215
57 8191
58 7167
59 6143
60 4095
61 4095
62 3071
63 1022
48 1021
49 1011
50 1007
51 1001
52 997
53 993
54 988
55 984
56 985
57 972
58 969
59 969
60 962
61 955
62 944
63 930
48 919
49 911
50 901
51 889
52 875
53 866
54 856
55 843
56 831
57 823
58 814
59 802
60 791
61 777
62 765
63 751
64 2047  # compresses ieta bin 4, pt 0
65 23551
66 23551
67 23551
68 23551
69 23551
70 22527
71 22527
72 21503
73 21503
74 20479
75 20479
76 19455
77 18431
78 17407
79 17407
80 17407
81 16383
82 15359
83 14335
84 12287
85 12287
86 11263
87 10239
88 10239
89 9215
90 7167
91 6143
92 5119
93 4095
94 4095
95 2047
96 1022
97 1016
98 1012
99 1006
100 1006
101 1002
102 994
103 989
104 989
105 977
106 973
107 974
108 966
109 959
110 948
111 933
112 923
113 915
114 904
115 889
116 878
117 869
118 858
119 846
120 836
121 825
122 815
123 803
124 792
125 781
126 769
127 757
80 2047  # compresses ieta bin 5, pt 0
81 24575
82 24575
83 24575
84 23551
85 23551
86 23551
87 22527
88 22527
89 21503
90 21503
91 20479
92 19455
93 18431
94 17407
95 17407
80 17407
81 16383
82 15359
83 15359
84 13311
85 13311
86 12287
87 10239
88 10239
89 9215
90 8191
91 7167
92 6143
93 5119
94 5119
95 3071
112 2047
113 1021
114 1017
115 1011
116 1007
117 1002
118 998
119 993
120 990
121 981
122 978
123 978
124 970
125 964
126 952
127 934
112 926
113 918
114 907
115 892
116 881
117 871
118 861
119 848
120 838
121 827
122 817
123 807
124 794
125 781
126 770
127 758
96 2047  # compresses ieta bin 6, pt 0
97 24575
98 24575
99 24575
100 23551
101 23551
102 23551
103 22527
104 22527
105 21503
106 21503
107 20479
108 19455
109 18431
110 17407
111 17407
112 17407
113 16383
114 15359
115 15359
116 13311
117 13311
118 12287
119 10239
120 10239
121 9215
122 8191
123 7167
124 6143
125 5119
126 5119
127 3071
96 2047
97 1021
98 1017
99 1011
100 1007
101 1002
102 998
103 993
104 990
105 981
106 978
107 978
108 970
109 964
110 952
111 934
112 926
113 918
114 907
115 892
116 881
117 871
118 861
119 848
120 838
121 827
122 817
123 807
124 794
125 781
126 770
127 758
112 2047  # compresses ieta bin 7, pt 0
113 24575
114 24575
115 24575
116 24575
117 24575
118 23551
119 23551
120 22527
121 22527
122 21503
123 20479
124 20479
125 19455
126 18431
127 18431
112 17407
113 16383
114 16383
115 15359
116 13311
117 13311
118 12287
119 11263
120 11263
121 10239
122 8191
123 7167
124 6143
125 6143
126 5119
127 3071
112 3071
113 1022
114 1021
115 1011
116 1011
117 1007
118 1002
119 993
120 994
121 985
122 982
123 978
124 974
125 964
126 952
127 937
112 926
113 918
114 907
115 895
116 884
117 871
118 861
119 850
120 838
121 829
122 819
123 807
124 795
125 783
126 771
127 759
128 2047  # compresses ieta bin 8, pt 0
129 24575
130 24575
131 24575
132 24575
133 24575
134 23551
135 23551
136 22527
137 22527
138 21503
139 20479
140 20479
141 19455
142 18431
143 18431
144 18431
145 17407
146 16383
147 15359
148 13311
149 13311
150 12287
151 11263
152 11263
153 10239
154 9215
155 8191
156 7167
157 6143
158 5119
159 4095
160 3071
161 2047
162 1021
163 1016
164 1012
165 1008
166 1003
167 998
168 999
169 990
170 986
171 982
172 975
173 968
174 956
175 941
176 930
177 921
178 910
179 897
180 886
181 874
182 863
183 850
184 840
185 829
186 819
187 807
188 795
189 783
190 772
191 759
144 2047  # compresses ieta bin 9, pt 0
145 25599
146 25599
147 25599
148 24575
149 24575
150 24575
151 24575
152 23551
153 22527
154 22527
155 21503
156 21503
157 20479
158 19455
159 19455
144 18431
145 18431
146 17407
147 17407
148 15359
149 15359
150 14335
151 12287
152 12287
153 11263
154 10239
155 9215
156 8191
157 7167
158 6143
159 5119
176 4095
177 3071
178 2047
179 1021
180 1021
181 1017
182 1012
183 1003
184 1003
185 994
186 991
187 987
188 983
189 972
190 959
191 948
176 937
177 928
178 917
179 903
180 892
181 879
182 868
183 855
184 842
185 831
186 821
187 810
188 798
189 784
190 774
191 760
160 2047  # compresses ieta bin 10, pt 0
161 26623
162 26623
163 26623
164 25599
165 25599
166 25599
167 25599
168 24575
169 24575
170 24575
171 23551
172 23551
173 22527
174 21503
175 21503
176 21503
177 20479
178 19455
179 18431
180 16383
181 17407
182 16383
183 14335
184 14335
185 13311
186 12287
187 11263
188 10239
189 9215
190 8191
191 7167
160 6143
161 5119
162 4095
163 3071
164 3071
165 2046
166 1022
167 1012
168 1009
169 1004
170 1000
171 996
172 988
173 980
174 967
175 956
176 944
177 935
178 923
179 909
180 898
181 887
182 875
183 864
184 851
185 841
186 830
187 819
188 803
189 790
190 777
191 764
176 2047  # compresses ieta bin 11, pt 0
177 27647
178 28671
179 28671
180 28671
181 28671
182 27647
183 27647
184 27647
185 26623
186 26623
187 25599
188 24575
189 24575
190 23551
191 23551
176 22527
177 22527
178 21503
179 21503
180 18431
181 18431
182 18431
183 16383
184 16383
185 15359
186 14335
187 13311
188 12287
189 11263
190 11263
191 9215
176 8191
177 7167
178 7167
179 6143
180 5119
181 4095
182 3071
183 1022
184 1022
185 1017
186 1013
187 1009
188 1001
189 993
190 983
191 967
176 951
177 942
178 930
179 916
180 906
181 895
182 883
183 871
184 859
185 847
186 836
187 826
188 811
189 797
190 785
191 772
192 2047  # compresses ieta bin 12, pt 0
193 29695
194 29695
195 29695
196 29695
197 29695
198 29695
199 29695
200 29695
201 29695
202 27647
203 27647
204 27647
205 27647
206 26623
207 26623
208 25599
209 25599
210 24575
211 25599
212 22527
213 22527
214 21503
215 19455
216 20479
217 19455
218 17407
219 16383
220 15359
221 15359
222 14335
223 13311
224 12287
225 11263
226 11263
227 9215
228 9215
229 8191
230 7167
231 5119
232 5119
233 3071
234 3071
235 2047
236 1022
237 1014
238 999
239 982
240 969
241 962
242 949
243 931
244 920
245 908
246 895
247 885
248 870
249 859
250 847
251 834
252 818
253 803
254 791
255 779
208 2047  # compresses ieta bin 13, pt 0
209 31743
210 32767
211 32767
212 32767
213 32767
214 32767
215 32767
216 32767
217 32767
218 30719
219 30719
220 30719
221 29695
222 28671
223 28671
208 28671
209 27647
210 26623
211 27647
212 24575
213 25599
214 23551
215 22527
216 22527
217 21503
218 20479
219 19455
220 18431
221 18431
222 17407
223 16383
240 16383
241 15359
242 15359
243 13311
244 13311
245 12287
246 11263
247 9215
248 9215
249 7167
250 7167
251 6143
252 5119
253 3071
254 1015
255 997
240 983
241 975
242 965
243 948
244 934
245 921
246 907
247 896
248 883
249 871
250 858
251 844
252 829
253 815
254 802
255 789
224 2047  # compresses ieta bin 14, pt 0
225 32767
226 33791
227 33791
228 33791
229 34815
230 34815
231 34815
232 35839
233 34815
234 33791
235 33791
236 34815
237 32767
238 32767
239 32767
240 31743
241 30719
242 30719
243 30719
244 27647
245 28671
246 27647
247 25599
248 26623
249 25599
250 24575
251 23551
252 22527
253 22527
254 22527
255 21503
224 21503
225 19455
226 19455
227 17407
228 17407
229 16383
230 15359
231 15359
232 15359
233 13311
234 12287
235 11263
236 9215
237 8191
238 4095
239 1015
240 1001
241 989
242 978
243 960
244 945
245 934
246 922
247 910
248 895
249 883
250 871
251 856
252 842
253 826
254 811
255 798
240 2047  # compresses ieta bin 15, pt 0
241 36863
242 37887
243 37887
244 38911
245 39935
246 39935
247 39935
248 39935
249 38911
250 38911
251 38911
252 39935
253 38911
254 38911
255 38911
240 38911
241 37887
242 36863
243 37887
244 35839
245 35839
246 34815
247 33791
248 34815
249 33791
250 33791
251 32767
252 31743
253 31743
254 31743
255 30719
240 30719
241 29695
242 28671
243 27647
244 27647
245 26623
246 25599
247 25599
248 25599
249 23551
250 23551
251 22527
252 22527
253 20479
254 17407
255 13311
240 10239
241 8191
242 5119
243 1014
244 1001
245 989
246 976
247 961
248 947
249 932
250 919
251 907
252 894
253 880
254 864
255 851
256 2047  # compresses ieta bin 16, pt 0
257 36863
258 37887
259 38911
260 39935
261 39935
262 39935
263 40959
264 40959
265 39935
266 38911
267 39935
268 39935
269 38911
270 38911
271 38911
272 38911
273 37887
274 37887
275 38911
276 35839
277 36863
278 35839
279 34815
280 34815
281 33791
282 33791
283 33791
284 32767
285 32767
286 32767
287 31743
288 30719
289 29695
290 29695
291 27647
292 28671
293 27647
294 26623
295 26623
296 25599
297 24575
298 23551
299 22527
300 22527
301 20479
302 17407
303 13311
304 10239
305 8191
306 5119
307 1014
308 1000
309 989
310 976
311 961
312 947
313 932
314 919
315 906
316 894
317 878
318 864
319 850
272 2047  # compresses ieta bin 17, pt 0
273 32767
274 32767
275 31743
276 31743
277 31743
278 31743
279 31743
280 30719
281 30719
282 29695
283 29695
284 29695
285 28671
286 28671
287 28671
272 28671
273 27647
274 27647
275 27647
276 25599
277 25599
278 25599
279 24575
280 25599
281 24575
282 22527
283 21503
284 20479
285 19455
286 19455
287 18431
304 18431
305 16383
306 14335
307 13311
308 13311
309 12287
310 11263
311 9215
312 9215
313 7167
314 7167
315 6143
316 4095
317 2047
318 1011
319 997
304 983
305 975
306 965
307 945
308 928
309 913
310 902
311 887
312 872
313 861
314 850
315 834
316 820
317 806
318 793
319 779
288 2047  # compresses ieta bin 18, pt 0
289 31743
290 31743
291 31743
292 31743
293 30719
294 30719
295 30719
296 29695
297 28671
298 28671
299 28671
300 28671
301 27647
302 27647
303 26623
304 26623
305 25599
306 24575
307 25599
308 23551
309 23551
310 23551
311 22527
312 22527
313 21503
314 19455
315 18431
316 17407
317 15359
318 15359
319 14335
288 14335
289 12287
290 11263
291 10239
292 9215
293 8191
294 7167
295 6143
296 6143
297 4095
298 3071
299 2047
300 1022
301 1014
302 995
303 974
304 966
305 955
306 942
307 924
308 909
309 895
310 883
311 871
312 855
313 841
314 830
315 817
316 801
317 787
318 772
319 758
304 2047  # compresses ieta bin 19, pt 0
305 31743
306 30719
307 30719
308 30719
309 29695
310 29695
311 29695
312 28671
313 27647
314 26623
315 26623
316 27647
317 26623
318 25599
319 25599
304 24575
305 24575
306 23551
307 23551
308 21503
309 22527
310 21503
311 20479
312 20479
313 18431
314 17407
315 15359
316 14335
317 13311
318 13311
319 11263
304 11263
305 10239
306 9215
307 8191
308 8191
309 7167
310 6143
311 3071
312 3071
313 1022
314 1022
315 1018
316 1009
317 1002
318 987
319 971
304 959
305 952
306 936
307 921
308 906
309 895
310 883
311 869
312 853
313 841
314 830
315 817
316 801
317 787
318 774
319 758
320 2047  # compresses ieta bin 20, pt 0
321 30719
322 30719
323 30719
324 30719
325 29695
326 28671
327 28671
328 28671
329 27647
330 26623
331 26623
332 26623
333 24575
334 24575
335 23551
336 22527
337 22527
338 21503
339 20479
340 19455
341 19455
342 18431
343 16383
344 16383
345 14335
346 12287
347 11263
348 10239
349 9215
350 8191
351 8191
352 7167
353 5119
354 5119
355 3071
356 3071
357 2046
358 1022
359 1012
360 1013
361 1004
362 1000
363 1000
364 992
365 985
366 971
367 956
368 944
369 935
370 920
371 903
372 889
373 877
374 865
375 855
376 842
377 829
378 819
379 805
380 792
381 777
382 764
383 749
336 2047  # compresses ieta bin 21, pt 0
337 28671
338 28671
339 28671
340 28671
341 27647
342 27647
343 26623
344 25599
345 24575
346 23551
347 22527
348 22527
349 20479
350 20479
351 19455
336 19455
337 18431
338 17407
339 17407
340 14335
341 14335
342 14335
343 13311
344 13311
345 11263
346 9215
347 8191
348 7167
349 6143
350 6143
351 4095
368 3071
369 2047
370 1021
371 1012
372 1011
373 1007
374 1002
375 993
376 994
377 981
378 977
379 978
380 970
381 964
382 952
383 937
368 923
369 915
370 904
371 886
372 872
373 864
374 853
375 841
376 829
377 817
378 808
379 797
380 783
381 766
382 753
383 737
352 2047  # compresses ieta bin 22, pt 0
353 25599
354 25599
355 25599
356 24575
357 24575
358 23551
359 23551
360 21503
361 19455
362 19455
363 17407
364 17407
365 16383
366 14335
367 14335
368 13311
369 12287
370 11263
371 11263
372 9215
373 9215
374 9215
375 7167
376 7167
377 6143
378 4095
379 3071
380 2047
381 2045
382 1021
383 1005
352 1000
353 995
354 990
355 986
356 986
357 978
358 974
359 970
360 966
361 958
362 955
363 951
364 948
365 938
366 924
367 915
368 898
369 891
370 878
371 868
372 856
373 848
374 836
375 825
376 812
377 799
378 790
379 778
380 764
381 751
382 739
383 724
368 2047  # compresses ieta bin 23, pt 0
369 21503
370 21503
371 20479
372 20479
373 19455
374 18431
375 18431
376 16383
377 15359
378 14335
379 12287
380 11263
381 11263
382 10239
383 9215
368 8191
369 7167
370 6143
371 6143
372 4095
373 4095
374 3071
375 2047
376 2046
377 1021
378 1009
379 1003
380 998
381 992
382 987
383 977
368 978
369 964
370 960
371 950
372 951
373 943
374 940
375 936
376 933
377 926
378 923
379 925
380 918
381 913
382 904
383 889
368 880
369 874
370 859
371 844
372 831
373 822
374 814
375 806
376 795
377 783
378 773
379 764
380 751
381 738
382 728
383 714
384 2047  # compresses ieta bin 24, pt 0
385 20479
386 19455
387 19455
388 18431
389 17407
390 16383
391 16383
392 15359
393 14335
394 13311
395 11263
396 10239
397 9215
398 8191
399 8191
400 7167
401 6143
402 5119
403 4095
404 2047
405 2047
406 1021
407 1014
408 1008
409 1002
410 990
411 985
412 980
413 975
414 970
415 960
416 962
417 952
418 948
419 935
420 936
421 933
422 930
423 923
424 924
425 917
426 914
427 912
428 905
429 901
430 889
431 878
432 866
433 861
434 846
435 832
436 822
437 811
438 804
439 795
440 784
441 771
442 762
443 754
444 741
445 729
446 718
447 705
400 2047  # compresses ieta bin 25, pt 0
401 21503
402 20479
403 20479
404 19455
405 18431
406 17407
407 17407
408 15359
409 14335
410 13311
411 11263
412 10239
413 9215
414 8191
415 8191
400 7167
401 6143
402 5119
403 4095
404 2047
405 2046
406 1021
407 1008
408 1008
409 1002
410 990
411 979
412 974
413 969
414 965
415 960
432 952
433 942
434 943
435 930
436 931
437 924
438 920
439 913
440 915
441 904
442 901
443 903
444 892
445 888
446 877
447 863
432 852
433 847
434 834
435 820
436 808
437 798
438 789
439 779
440 767
441 758
442 747
443 738
444 724
445 712
446 701
447 689
416 2047  # compresses ieta bin 26, pt 0
417 25599
418 25599
419 25599
420 23551
421 23551
422 21503
423 21503
424 20479
425 16383
426 15359
427 13311
428 13311
429 10239
430 9215
431 8191
432 7167
433 6143
434 5119
435 4095
436 2047
437 2047
438 1021
439 1007
440 1008
441 1002
442 984
443 979
444 974
445 963
446 959
447 950
416 946
417 937
418 933
419 924
420 921
421 918
422 911
423 903
424 901
425 894
426 887
427 886
428 879
429 875
430 861
431 848
432 838
433 827
434 814
435 796
436 783
437 775
438 765
439 753
440 742
441 730
442 716
443 708
444 698
445 687
446 676
447 664
432 2047  # compresses ieta bin 27, pt 0
433 15359
434 14335
435 13311
436 12287
437 11263
438 9215
439 8191
440 6143
441 5119
442 4095
443 3071
444 2047
445 1019
446 1004
447 1003
432 995
433 981
434 982
435 975
436 955
437 956
438 945
439 940
440 936
441 926
442 915
443 912
444 908
445 900
446 896
447 893
432 891
433 883
434 880
435 873
436 871
437 864
438 862
439 861
440 855
441 848
442 842
443 841
444 836
445 829
446 818
447 804
432 791
433 787
434 773
435 761
436 750
437 738
438 725
439 716
440 706
441 694
442 683
443 675
444 664
445 651
446 639
447 629
448 2047  # compresses ieta bin 28, pt 0
449 4095
450 2043
451 1003
452 977
453 956
454 933
455 937
456 919
457 902
458 896
459 882
460 878
461 866
462 861
463 858
464 848
465 844
466 834
467 832
468 816
469 815
470 820
471 819
472 817
473 816
474 803
475 802
476 801
477 800
478 794
479 788
480 787
481 781
482 781
483 781
484 776
485 775
486 775
487 766
488 766
489 761
490 762
491 758
492 757
493 758
494 751
495 744
496 742
497 729
498 725
499 716
500 708
501 699
502 688
503 684
504 678
505 672
506 666
507 658
508 649
509 640
510 630
511 620
464 981  # compresses ieta bin 29, pt 0
465 923
466 896
467 876
468 844
469 838
470 812
471 809
472 796
473 784
474 775
475 763
476 763
477 754
478 746
479 740
464 740
465 733
466 726
467 720
468 721
469 716
470 716
471 718
472 719
473 714
474 709
475 704
476 706
477 702
478 697
479 699
496 695
497 691
498 688
499 689
500 690
501 688
502 688
503 685
504 682
505 674
506 672
507 669
508 667
509 666
510 656
511 651
496 649
497 645
498 638
499 630
500 628
501 621
502 615
503 610
504 605
505 597
506 593
507 588
508 586
509 581
510 578
511 575
480 951  # compresses ieta bin 30, pt 0
481 907
482 881
483 864
484 842
485 826
486 811
487 797
488 785
489 773
490 763
491 754
492 745
493 736
494 729
495 730
496 723
497 717
498 710
499 704
500 706
501 700
502 696
503 697
504 699
505 695
506 691
507 692
508 688
509 690
510 680
511 682
480 678
481 675
482 671
483 673
484 670
485 672
486 670
487 666
488 664
489 661
490 658
491 660
492 658
493 657
494 648
495 648
496 642
497 642
498 635
499 627
500 625
501 621
502 614
503 610
504 603
505 597
506 591
507 585
508 581
509 579
510 577
511 573
496 898  # compresses ieta bin 31, pt 0
497 856
498 836
499 804
500 788
501 762
502 750
503 739
504 729
505 710
506 702
507 685
508 688
509 682
510 676
511 679
496 673
497 669
498 664
499 659
500 648
501 651
502 647
503 644
504 647
505 643
506 635
507 637
508 635
509 632
510 629
511 626
496 625
497 627
498 624
499 622
500 621
501 623
502 621
503 620
504 622
505 616
506 613
507 612
508 610
509 607
510 601
511 600
496 596
497 595
498 587
499 585
500 583
501 579
502 575
503 571
504 567
505 563
506 556
507 552
508 552
509 546
510 544
511 541
512 830  # compresses ieta bin 32, pt 0
513 792
514 776
515 747
516 735
517 713
518 701
519 693
520 685
521 669
522 661
523 655
524 650
525 645
526 640
527 636
528 632
529 629
530 625
531 621
532 612
533 615
534 612
535 610
536 608
537 605
538 603
539 601
540 599
541 597
542 595
543 593
544 591
545 595
546 593
547 591
548 590
549 589
550 588
551 590
552 589
553 583
554 582
555 581
556 580
557 582
558 577
559 574
560 571
561 568
562 565
563 561
564 561
565 555
566 553
567 548
568 545
569 541
570 535
571 534
572 532
573 528
574 525
575 521
528 828  # compresses ieta bin 33, pt 0
529 792
530 760
531 747
532 722
533 710
534 691
535 682
536 676
537 667
538 661
539 646
540 641
541 636
542 631
543 627
528 625
529 628
530 617
531 614
532 604
533 608
534 605
535 603
536 601
537 599
538 597
539 595
540 593
541 591
542 589
543 587
560 586
561 585
562 588
563 582
564 585
565 583
566 583
567 581
568 580
569 578
570 577
571 576
572 575
573 573
574 570
575 566
560 564
561 561
562 558
563 555
564 552
565 550
566 548
567 543
568 541
569 537
570 532
571 529
572 527
573 523
574 519
575 515
544 815  # compresses ieta bin 34, pt 0
545 779
546 760
547 735
548 721
549 710
550 690
551 682
552 675
553 667
554 661
555 646
556 641
557 635
558 631
559 627
560 624
561 621
562 617
563 614
564 604
565 608
566 605
567 603
568 601
569 599
570 597
571 595
572 587
573 586
574 584
575 587
544 586
545 584
546 583
547 581
548 580
549 579
550 582
551 581
552 580
553 574
554 573
555 572
556 571
557 569
558 566
559 562
560 560
561 558
562 552
563 552
564 547
565 545
566 541
567 539
568 535
569 533
570 526
571 525
572 524
573 520
574 516
575 513
560 828  # compresses ieta bin 35, pt 0
561 779
562 760
563 735
564 722
565 710
566 690
567 682
568 675
569 667
570 661
571 646
572 641
573 635
574 631
575 627
560 624
561 621
562 617
563 614
564 604
565 608
566 605
567 603
568 601
569 599
570 592
571 590
572 587
573 585
574 583
575 583
560 581
561 584
562 583
563 581
564 580
565 578
566 578
567 576
568 575
569 570
570 568
571 568
572 567
573 565
574 562
575 562
560 557
561 554
562 549
563 549
564 544
565 542
566 538
567 537
568 533
569 531
570 526
571 523
572 522
573 517
574 514
575 510
576 828  # compresses ieta bin 36, pt 0
577 779
578 760
579 735
580 722
581 710
582 690
583 682
584 675
585 667
586 661
587 646
588 641
589 635
590 631
591 627
592 624
593 621
594 617
595 614
596 604
597 608
598 605
599 603
600 601
601 599
602 592
603 590
604 587
605 585
606 583
607 583
608 581
609 580
610 583
611 581
612 580
613 578
614 578
615 576
616 575
617 569
618 568
619 567
620 567
621 565
622 562
623 559
624 553
625 551
626 549
627 546
628 541
629 540
630 536
631 532
632 531
633 529
634 523
635 520
636 519
637 514
638 510
639 508
592 814  # compresses ieta bin 37, pt 0
593 778
594 760
595 734
596 721
597 710
598 690
599 682
600 685
601 667
602 661
603 655
604 650
605 637
606 632
607 629
592 632
593 628
594 617
595 614
596 611
597 608
598 606
599 604
600 607
601 599
602 597
603 595
604 593
605 591
606 589
607 587
624 586
625 584
626 583
627 581
628 580
629 579
630 582
631 581
632 580
633 574
634 569
635 572
636 567
637 565
638 562
639 562
624 553
625 554
626 549
627 546
628 539
629 534
630 531
631 530
632 526
633 523
634 517
635 515
636 515
637 509
638 505
639 503
608 947  # compresses ieta bin 38, pt 0
609 875
610 866
611 833
612 829
613 813
614 777
615 764
616 774
617 741
618 722
619 714
620 699
621 690
622 684
623 679
624 666
625 652
626 640
627 636
628 626
629 623
630 620
631 617
632 614
633 611
634 609
635 607
636 599
637 597
638 596
639 594
608 592
609 590
610 593
611 587
612 586
613 588
614 587
615 586
616 584
617 574
618 573
619 572
620 571
621 565
622 566
623 562
624 553
625 554
626 546
627 546
628 539
629 534
630 531
631 530
632 524
633 521
634 517
635 515
636 513
637 509
638 505
639 502
624 2047  # compresses ieta bin 39, pt 0
625 984
626 957
627 919
628 870
629 853
630 823
631 809
632 807
633 784
634 763
635 744
636 735
637 719
638 711
639 704
624 698
625 677
626 664
627 659
628 655
629 651
630 648
631 643
632 640
633 637
634 634
635 631
636 629
637 626
638 618
639 615
624 614
625 611
626 609
627 607
628 605
629 603
630 601
631 600
632 598
633 588
634 582
635 581
636 580
637 577
638 574
639 570
624 560
625 561
626 555
627 552
628 544
629 540
630 536
631 534
632 531
633 527
634 523
635 520
636 519
637 513
638 510
639 507
640 0 # dummy
641 0 # dummy
642 0 # dummy
643 0 # dummy
644 0 # dummy
645 0 # dummy
646 0 # dummy
647 0 # dummy
648 0 # dummy
649 0 # dummy
650 0 # dummy
651 0 # dummy
652 0 # dummy
653 0 # dummy
654 0 # dummy
655 0 # dummy
656 0 # dummy
657 0 # dummy
658 0 # dummy
659 0 # dummy
660 0 # dummy
661 0 # dummy
662 0 # dummy
663 0 # dummy
664 0 # dummy
665 0 # dummy
666 0 # dummy
667 0 # dummy
668 0 # dummy
669 0 # dummy
670 0 # dummy
671 0 # dummy
672 0 # dummy
673 0 # dummy
674 0 # dummy
675 0 # dummy
676 0 # dummy
677 0 # dummy
678 0 # dummy
679 0 # dummy
680 0 # dummy
681 0 # dummy
682 0 # dummy
683 0 # dummy
684 0 # dummy
685 0 # dummy
686 0 # dummy
687 0 # dummy
688 0 # dummy
689 0 # dummy
690 0 # dummy
691 0 # dummy
692 0 # dummy
693 0 # dummy
694 0 # dummy
695 0 # dummy
696 0 # dummy
697 0 # dummy
698 0 # dummy
699 0 # dummy
700 0 # dummy
701 0 # dummy
702 0 # dummy
703 0 # dummy
704 0 # dummy
705 0 # dummy
706 0 # dummy
707 0 # dummy
708 0 # dummy
709 0 # dummy
710 0 # dummy
711 0 # dummy
712 0 # dummy
713 0 # dummy
714 0 # dummy
715 0 # dummy
716 0 # dummy
717 0 # dummy
718 0 # dummy
719 0 # dummy
720 0 # dummy
721 0 # dummy
722 0 # dummy
723 0 # dummy
724 0 # dummy
725 0 # dummy
726 0 # dummy
727 0 # dummy
728 0 # dummy
729 0 # dummy
730 0 # dummy
731 0 # dummy
732 0 # dummy
733 0 # dummy
734 0 # dummy
735 0 # dummy
736 0 # dummy
737 0 # dummy
738 0 # dummy
739 0 # dummy
740 0 # dummy
741 0 # dummy
742 0 # dummy
743 0 # dummy
744 0 # dummy
745 0 # dummy
746 0 # dummy
747 0 # dummy
748 0 # dummy
749 0 # dummy
750 0 # dummy
751 0 # dummy
752 0 # dummy
753 0 # dummy
754 0 # dummy
755 0 # dummy
756 0 # dummy
757 0 # dummy
758 0 # dummy
759 0 # dummy
760 0 # dummy
761 0 # dummy
762 0 # dummy
763 0 # dummy
764 0 # dummy
765 0 # dummy
766 0 # dummy
767 0 # dummy
768 0 # dummy
769 0 # dummy
770 0 # dummy
771 0 # dummy
772 0 # dummy
773 0 # dummy
774 0 # dummy
775 0 # dummy
776 0 # dummy
777 0 # dummy
778 0 # dummy
779 0 # dummy
780 0 # dummy
781 0 # dummy
782 0 # dummy
783 0 # dummy
784 0 # dummy
785 0 # dummy
786 0 # dummy
787 0 # dummy
788 0 # dummy
789 0 # dummy
790 0 # dummy
791 0 # dummy
792 0 # dummy
793 0 # dummy
794 0 # dummy
795 0 # dummy
796 0 # dummy
797 0 # dummy
798 0 # dummy
799 0 # dummy
800 0 # dummy
801 0 # dummy
802 0 # dummy
803 0 # dummy
804 0 # dummy
805 0 # dummy
806 0 # dummy
807 0 # dummy
808 0 # dummy
809 0 # dummy
810 0 # dummy
811 0 # dummy
812 0 # dummy
813 0 # dummy
814 0 # dummy
815 0 # dummy
816 0 # dummy
817 0 # dummy
818 0 # dummy
819 0 # dummy
820 0 # dummy
821 0 # dummy
822 0 # dummy
823 0 # dummy
824 0 # dummy
825 0 # dummy
826 0 # dummy
827 0 # dummy
828 0 # dummy
829 0 # dummy
830 0 # dummy
831 0 # dummy
832 0 # dummy
833 0 # dummy
834 0 # dummy
835 0 # dummy
836 0 # dummy
837 0 # dummy
838 0 # dummy
839 0 # dummy
840 0 # dummy
841 0 # dummy
842 0 # dummy
843 0 # dummy
844 0 # dummy
845 0 # dummy
846 0 # dummy
847 0 # dummy
848 0 # dummy
849 0 # dummy
850 0 # dummy
851 0 # dummy
852 0 # dummy
853 0 # dummy
854 0 # dummy
855 0 # dummy
856 0 # dummy
857 0 # dummy
858 0 # dummy
859 0 # dummy
860 0 # dummy
861 0 # dummy
862 0 # dummy
863 0 # dummy
864 0 # dummy
865 0 # dummy
866 0 # dummy
867 0 # dummy
868 0 # dummy
869 0 # dummy
870 0 # dummy
871 0 # dummy
872 0 # dummy
873 0 # dummy
874 0 # dummy
875 0 # dummy
876 0 # dummy
877 0 # dummy
878 0 # dummy
879 0 # dummy
880 0 # dummy
881 0 # dummy
882 0 # dummy
883 0 # dummy
884 0 # dummy
885 0 # dummy
886 0 # dummy
887 0 # dummy
888 0 # dummy
889 0 # dummy
890 0 # dummy
891 0 # dummy
892 0 # dummy
893 0 # dummy
894 0 # dummy
895 0 # dummy
896 0 # dummy
897 0 # dummy
898 0 # dummy
899 0 # dummy
900 0 # dummy
901 0 # dummy
902 0 # dummy
903 0 # dummy
904 0 # dummy
905 0 # dummy
906 0 # dummy
907 0 # dummy
908 0 # dummy
909 0 # dummy
910 0 # dummy
911 0 # dummy
912 0 # dummy
913 0 # dummy
914 0 # dummy
915 0 # dummy
916 0 # dummy
917 0 # dummy
918 0 # dummy
919 0 # dummy
920 0 # dummy
921 0 # dummy
922 0 # dummy
923 0 # dummy
924 0 # dummy
925 0 # dummy
926 0 # dummy
927 0 # dummy
928 0 # dummy
929 0 # dummy
930 0 # dummy
931 0 # dummy
932 0 # dummy
933 0 # dummy
934 0 # dummy
935 0 # dummy
936 0 # dummy
937 0 # dummy
938 0 # dummy
939 0 # dummy
940 0 # dummy
941 0 # dummy
942 0 # dummy
943 0 # dummy
944 0 # dummy
945 0 # dummy
946 0 # dummy
947 0 # dummy
948 0 # dummy
949 0 # dummy
950 0 # dummy
951 0 # dummy
952 0 # dummy
953 0 # dummy
954 0 # dummy
955 0 # dummy
956 0 # dummy
957 0 # dummy
958 0 # dummy
959 0 # dummy
960 0 # dummy
961 0 # dummy
962 0 # dummy
963 0 # dummy
964 0 # dummy
965 0 # dummy
966 0 # dummy
967 0 # dummy
968 0 # dummy
969 0 # dummy
970 0 # dummy
971 0 # dummy
972 0 # dummy
973 0 # dummy
974 0 # dummy
975 0 # dummy
976 0 # dummy
977 0 # dummy
978 0 # dummy
979 0 # dummy
980 0 # dummy
981 0 # dummy
982 0 # dummy
983 0 # dummy
984 0 # dummy
985 0 # dummy
986 0 # dummy
987 0 # dummy
988 0 # dummy
989 0 # dummy
990 0 # dummy
991 0 # dummy
992 0 # dummy
993 0 # dummy
994 0 # dummy
995 0 # dummy
996 0 # dummy
997 0 # dummy
998 0 # dummy
999 0 # dummy
1000 0 # dummy
1001 0 # dummy
1002 0 # dummy
1003 0 # dummy
1004 0 # dummy
1005 0 # dummy
1006 0 # dummy
1007 0 # dummy
1008 0 # dummy
1009 0 # dummy
1010 0 # dummy
1011 0 # dummy
1012 0 # dummy
1013 0 # dummy
1014 0 # dummy
1015 0 # dummy
1016 0 # dummy
1017 0 # dummy
1018 0 # dummy
1019 0 # dummy
1020 0 # dummy
1021 0 # dummy
1022 0 # dummy
1023 0 # dummy
1024 0 # dummy
1025 0 # dummy
1026 0 # dummy
1027 0 # dummy
1028 0 # dummy
1029 0 # dummy
1030 0 # dummy
1031 0 # dummy
1032 0 # dummy
1033 0 # dummy
1034 0 # dummy
1035 0 # dummy
1036 0 # dummy
1037 0 # dummy
1038 0 # dummy
1039 0 # dummy
1040 0 # dummy
1041 0 # dummy
1042 0 # dummy
1043 0 # dummy
1044 0 # dummy
1045 0 # dummy
1046 0 # dummy
1047 0 # dummy
1048 0 # dummy
1049 0 # dummy
1050 0 # dummy
1051 0 # dummy
1052 0 # dummy
1053 0 # dummy
1054 0 # dummy
1055 0 # dummy
1056 0 # dummy
1057 0 # dummy
1058 0 # dummy
1059 0 # dummy
1060 0 # dummy
1061 0 # dummy
1062 0 # dummy
1063 0 # dummy
1064 0 # dummy
1065 0 # dummy
1066 0 # dummy
1067 0 # dummy
1068 0 # dummy
1069 0 # dummy
1070 0 # dummy
1071 0 # dummy
1072 0 # dummy
1073 0 # dummy
1074 0 # dummy
1075 0 # dummy
1076 0 # dummy
1077 0 # dummy
1078 0 # dummy
1079 0 # dummy
1080 0 # dummy
1081 0 # dummy
1082 0 # dummy
1083 0 # dummy
1084 0 # dummy
1085 0 # dummy
1086 0 # dummy
1087 0 # dummy
1088 0 # dummy
1089 0 # dummy
1090 0 # dummy
1091 0 # dummy
1092 0 # dummy
1093 0 # dummy
1094 0 # dummy
1095 0 # dummy
1096 0 # dummy
1097 0 # dummy
1098 0 # dummy
1099 0 # dummy
1100 0 # dummy
1101 0 # dummy
1102 0 # dummy
1103 0 # dummy
1104 0 # dummy
1105 0 # dummy
1106 0 # dummy
1107 0 # dummy
1108 0 # dummy
1109 0 # dummy
1110 0 # dummy
1111 0 # dummy
1112 0 # dummy
1113 0 # dummy
1114 0 # dummy
1115 0 # dummy
1116 0 # dummy
1117 0 # dummy
1118 0 # dummy
1119 0 # dummy
1120 0 # dummy
1121 0 # dummy
1122 0 # dummy
1123 0 # dummy
1124 0 # dummy
1125 0 # dummy
1126 0 # dummy
1127 0 # dummy
1128 0 # dummy
1129 0 # dummy
1130 0 # dummy
1131 0 # dummy
1132 0 # dummy
1133 0 # dummy
1134 0 # dummy
1135 0 # dummy
1136 0 # dummy
1137 0 # dummy
1138 0 # dummy
1139 0 # dummy
1140 0 # dummy
1141 0 # dummy
1142 0 # dummy
1143 0 # dummy
1144 0 # dummy
1145 0 # dummy
1146 0 # dummy
1147 0 # dummy
1148 0 # dummy
1149 0 # dummy
1150 0 # dummy
1151 0 # dummy
1152 0 # dummy
1153 0 # dummy
1154 0 # dummy
1155 0 # dummy
1156 0 # dummy
1157 0 # dummy
1158 0 # dummy
1159 0 # dummy
1160 0 # dummy
1161 0 # dummy
1162 0 # dummy
1163 0 # dummy
1164 0 # dummy
1165 0 # dummy
1166 0 # dummy
1167 0 # dummy
1168 0 # dummy
1169 0 # dummy
1170 0 # dummy
1171 0 # dummy
1172 0 # dummy
1173 0 # dummy
1174 0 # dummy
1175 0 # dummy
1176 0 # dummy
1177 0 # dummy
1178 0 # dummy
1179 0 # dummy
1180 0 # dummy
1181 0 # dummy
1182 0 # dummy
1183 0 # dummy
1184 0 # dummy
1185 0 # dummy
1186 0 # dummy
1187 0 # dummy
1188 0 # dummy
1189 0 # dummy
1190 0 # dummy
1191 0 # dummy
1192 0 # dummy
1193 0 # dummy
1194 0 # dummy
1195 0 # dummy
1196 0 # dummy
1197 0 # dummy
1198 0 # dummy
1199 0 # dummy
1200 0 # dummy
1201 0 # dummy
1202 0 # dummy
1203 0 # dummy
1204 0 # dummy
1205 0 # dummy
1206 0 # dummy
1207 0 # dummy
1208 0 # dummy
1209 0 # dummy
1210 0 # dummy
1211 0 # dummy
1212 0 # dummy
1213 0 # dummy
1214 0 # dummy
1215 0 # dummy
1216 0 # dummy
1217 0 # dummy
1218 0 # dummy
1219 0 # dummy
1220 0 # dummy
1221 0 # dummy
1222 0 # dummy
1223 0 # dummy
1224 0 # dummy
1225 0 # dummy
1226 0 # dummy
1227 0 # dummy
1228 0 # dummy
1229 0 # dummy
1230 0 # dummy
1231 0 # dummy
1232 0 # dummy
1233 0 # dummy
1234 0 # dummy
1235 0 # dummy
1236 0 # dummy
1237 0 # dummy
1238 0 # dummy
1239 0 # dummy
1240 0 # dummy
1241 0 # dummy
1242 0 # dummy
1243 0 # dummy
1244 0 # dummy
1245 0 # dummy
1246 0 # dummy
1247 0 # dummy
1248 0 # dummy
1249 0 # dummy
1250 0 # dummy
1251 0 # dummy
1252 0 # dummy
1253 0 # dummy
1254 0 # dummy
1255 0 # dummy
1256 0 # dummy
1257 0 # dummy
1258 0 # dummy
1259 0 # dummy
1260 0 # dummy
1261 0 # dummy
1262 0 # dummy
1263 0 # dummy
1264 0 # dummy
1265 0 # dummy
1266 0 # dummy
1267 0 # dummy
1268 0 # dummy
1269 0 # dummy
1270 0 # dummy
1271 0 # dummy
1272 0 # dummy
1273 0 # dummy
1274 0 # dummy
1275 0 # dummy
1276 0 # dummy
1277 0 # dummy
1278 0 # dummy
1279 0 # dummy
1280 0 # dummy
1281 0 # dummy
1282 0 # dummy
1283 0 # dummy
1284 0 # dummy
1285 0 # dummy
1286 0 # dummy
1287 0 # dummy
1288 0 # dummy
1289 0 # dummy
1290 0 # dummy
1291 0 # dummy
1292 0 # dummy
1293 0 # dummy
1294 0 # dummy
1295 0 # dummy
1296 0 # dummy
1297 0 # dummy
1298 0 # dummy
1299 0 # dummy
1300 0 # dummy
1301 0 # dummy
1302 0 # dummy
1303 0 # dummy
1304 0 # dummy
1305 0 # dummy
1306 0 # dummy
1307 0 # dummy
1308 0 # dummy
1309 0 # dummy
1310 0 # dummy
1311 0 # dummy
1312 0 # dummy
1313 0 # dummy
1314 0 # dummy
1315 0 # dummy
1316 0 # dummy
1317 0 # dummy
1318 0 # dummy
1319 0 # dummy
1320 0 # dummy
1321 0 # dummy
1322 0 # dummy
1323 0 # dummy
1324 0 # dummy
1325 0 # dummy
1326 0 # dummy
1327 0 # dummy
1328 0 # dummy
1329 0 # dummy
1330 0 # dummy
1331 0 # dummy
1332 0 # dummy
1333 0 # dummy
1334 0 # dummy
1335 0 # dummy
1336 0 # dummy
1337 0 # dummy
1338 0 # dummy
1339 0 # dummy
1340 0 # dummy
1341 0 # dummy
1342 0 # dummy
1343 0 # dummy
1344 0 # dummy
1345 0 # dummy
1346 0 # dummy
1347 0 # dummy
1348 0 # dummy
1349 0 # dummy
1350 0 # dummy
1351 0 # dummy
1352 0 # dummy
1353 0 # dummy
1354 0 # dummy
1355 0 # dummy
1356 0 # dummy
1357 0 # dummy
1358 0 # dummy
1359 0 # dummy
1360 0 # dummy
1361 0 # dummy
1362 0 # dummy
1363 0 # dummy
1364 0 # dummy
1365 0 # dummy
1366 0 # dummy
1367 0 # dummy
1368 0 # dummy
1369 0 # dummy
1370 0 # dummy
1371 0 # dummy
1372 0 # dummy
1373 0 # dummy
1374 0 # dummy
1375 0 # dummy
1376 0 # dummy
1377 0 # dummy
1378 0 # dummy
1379 0 # dummy
1380 0 # dummy
1381 0 # dummy
1382 0 # dummy
1383 0 # dummy
1384 0 # dummy
1385 0 # dummy
1386 0 # dummy
1387 0 # dummy
1388 0 # dummy
1389 0 # dummy
1390 0 # dummy
1391 0 # dummy
1392 0 # dummy
1393 0 # dummy
1394 0 # dummy
1395 0 # dummy
1396 0 # dummy
1397 0 # dummy
1398 0 # dummy
1399 0 # dummy
1400 0 # dummy
1401 0 # dummy
1402 0 # dummy
1403 0 # dummy
1404 0 # dummy
1405 0 # dummy
1406 0 # dummy
1407 0 # dummy
1408 0 # dummy
1409 0 # dummy
1410 0 # dummy
1411 0 # dummy
1412 0 # dummy
1413 0 # dummy
1414 0 # dummy
1415 0 # dummy
1416 0 # dummy
1417 0 # dummy
1418 0 # dummy
1419 0 # dummy
1420 0 # dummy
1421 0 # dummy
1422 0 # dummy
1423 0 # dummy
1424 0 # dummy
1425 0 # dummy
1426 0 # dummy
1427 0 # dummy
1428 0 # dummy
1429 0 # dummy
1430 0 # dummy
1431 0 # dummy
1432 0 # dummy
1433 0 # dummy
1434 0 # dummy
1435 0 # dummy
1436 0 # dummy
1437 0 # dummy
1438 0 # dummy
1439 0 # dummy
1440 0 # dummy
1441 0 # dummy
1442 0 # dummy
1443 0 # dummy
1444 0 # dummy
1445 0 # dummy
1446 0 # dummy
1447 0 # dummy
1448 0 # dummy
1449 0 # dummy
1450 0 # dummy
1451 0 # dummy
1452 0 # dummy
1453 0 # dummy
1454 0 # dummy
1455 0 # dummy
1456 0 # dummy
1457 0 # dummy
1458 0 # dummy
1459 0 # dummy
1460 0 # dummy
1461 0 # dummy
1462 0 # dummy
1463 0 # dummy
1464 0 # dummy
1465 0 # dummy
1466 0 # dummy
1467 0 # dummy
1468 0 # dummy
1469 0 # dummy
1470 0 # dummy
1471 0 # dummy
1472 0 # dummy
1473 0 # dummy
1474 0 # dummy
1475 0 # dummy
1476 0 # dummy
1477 0 # dummy
1478 0 # dummy
1479 0 # dummy
1480 0 # dummy
1481 0 # dummy
1482 0 # dummy
1483 0 # dummy
1484 0 # dummy
1485 0 # dummy
1486 0 # dummy
1487 0 # dummy
1488 0 # dummy
1489 0 # dummy
1490 0 # dummy
1491 0 # dummy
1492 0 # dummy
1493 0 # dummy
1494 0 # dummy
1495 0 # dummy
1496 0 # dummy
1497 0 # dummy
1498 0 # dummy
1499 0 # dummy
1500 0 # dummy
1501 0 # dummy
1502 0 # dummy
1503 0 # dummy
1504 0 # dummy
1505 0 # dummy
1506 0 # dummy
1507 0 # dummy
1508 0 # dummy
1509 0 # dummy
1510 0 # dummy
1511 0 # dummy
1512 0 # dummy
1513 0 # dummy
1514 0 # dummy
1515 0 # dummy
1516 0 # dummy
1517 0 # dummy
1518 0 # dummy
1519 0 # dummy
1520 0 # dummy
1521 0 # dummy
1522 0 # dummy
1523 0 # dummy
1524 0 # dummy
1525 0 # dummy
1526 0 # dummy
1527 0 # dummy
1528 0 # dummy
1529 0 # dummy
1530 0 # dummy
1531 0 # dummy
1532 0 # dummy
1533 0 # dummy
1534 0 # dummy
1535 0 # dummy
1536 0 # dummy
1537 0 # dummy
1538 0 # dummy
1539 0 # dummy
1540 0 # dummy
1541 0 # dummy
1542 0 # dummy
1543 0 # dummy
1544 0 # dummy
1545 0 # dummy
1546 0 # dummy
1547 0 # dummy
1548 0 # dummy
1549 0 # dummy
1550 0 # dummy
1551 0 # dummy
1552 0 # dummy
1553 0 # dummy
1554 0 # dummy
1555 0 # dummy
1556 0 # dummy
1557 0 # dummy
1558 0 # dummy
1559 0 # dummy
1560 0 # dummy
1561 0 # dummy
1562 0 # dummy
1563 0 # dummy
1564 0 # dummy
1565 0 # dummy
1566 0 # dummy
1567 0 # dummy
1568 0 # dummy
1569 0 # dummy
1570 0 # dummy
1571 0 # dummy
1572 0 # dummy
1573 0 # dummy
1574 0 # dummy
1575 0 # dummy
1576 0 # dummy
1577 0 # dummy
1578 0 # dummy
1579 0 # dummy
1580 0 # dummy
1581 0 # dummy
1582 0 # dummy
1583 0 # dummy
1584 0 # dummy
1585 0 # dummy
1586 0 # dummy
1587 0 # dummy
1588 0 # dummy
1589 0 # dummy
1590 0 # dummy
1591 0 # dummy
1592 0 # dummy
1593 0 # dummy
1594 0 # dummy
1595 0 # dummy
1596 0 # dummy
1597 0 # dummy
1598 0 # dummy
1599 0 # dummy
1600 0 # dummy
1601 0 # dummy
1602 0 # dummy
1603 0 # dummy
1604 0 # dummy
1605 0 # dummy
1606 0 # dummy
1607 0 # dummy
1608 0 # dummy
1609 0 # dummy
1610 0 # dummy
1611 0 # dummy
1612 0 # dummy
1613 0 # dummy
1614 0 # dummy
1615 0 # dummy
1616 0 # dummy
1617 0 # dummy
1618 0 # dummy
1619 0 # dummy
1620 0 # dummy
1621 0 # dummy
1622 0 # dummy
1623 0 # dummy
1624 0 # dummy
1625 0 # dummy
1626 0 # dummy
1627 0 # dummy
1628 0 # dummy
1629 0 # dummy
1630 0 # dummy
1631 0 # dummy
1632 0 # dummy
1633 0 # dummy
1634 0 # dummy
1635 0 # dummy
1636 0 # dummy
1637 0 # dummy
1638 0 # dummy
1639 0 # dummy
1640 0 # dummy
1641 0 # dummy
1642 0 # dummy
1643 0 # dummy
1644 0 # dummy
1645 0 # dummy
1646 0 # dummy
1647 0 # dummy
1648 0 # dummy
1649 0 # dummy
1650 0 # dummy
1651 0 # dummy
1652 0 # dummy
1653 0 # dummy
1654 0 # dummy
1655 0 # dummy
1656 0 # dummy
1657 0 # dummy
1658 0 # dummy
1659 0 # dummy
1660 0 # dummy
1661 0 # dummy
1662 0 # dummy
1663 0 # dummy
1664 0 # dummy
1665 0 # dummy
1666 0 # dummy
1667 0 # dummy
1668 0 # dummy
1669 0 # dummy
1670 0 # dummy
1671 0 # dummy
1672 0 # dummy
1673 0 # dummy
1674 0 # dummy
1675 0 # dummy
1676 0 # dummy
1677 0 # dummy
1678 0 # dummy
1679 0 # dummy
1680 0 # dummy
1681 0 # dummy
1682 0 # dummy
1683 0 # dummy
1684 0 # dummy
1685 0 # dummy
1686 0 # dummy
1687 0 # dummy
1688 0 # dummy
1689 0 # dummy
1690 0 # dummy
1691 0 # dummy
1692 0 # dummy
1693 0 # dummy
1694 0 # dummy
1695 0 # dummy
1696 0 # dummy
1697 0 # dummy
1698 0 # dummy
1699 0 # dummy
1700 0 # dummy
1701 0 # dummy
1702 0 # dummy
1703 0 # dummy
1704 0 # dummy
1705 0 # dummy
1706 0 # dummy
1707 0 # dummy
1708 0 # dummy
1709 0 # dummy
1710 0 # dummy
1711 0 # dummy
1712 0 # dummy
1713 0 # dummy
1714 0 # dummy
1715 0 # dummy
1716 0 # dummy
1717 0 # dummy
1718 0 # dummy
1719 0 # dummy
1720 0 # dummy
1721 0 # dummy
1722 0 # dummy
1723 0 # dummy
1724 0 # dummy
1725 0 # dummy
1726 0 # dummy
1727 0 # dummy
1728 0 # dummy
1729 0 # dummy
1730 0 # dummy
1731 0 # dummy
1732 0 # dummy
1733 0 # dummy
1734 0 # dummy
1735 0 # dummy
1736 0 # dummy
1737 0 # dummy
1738 0 # dummy
1739 0 # dummy
1740 0 # dummy
1741 0 # dummy
1742 0 # dummy
1743 0 # dummy
1744 0 # dummy
1745 0 # dummy
1746 0 # dummy
1747 0 # dummy
1748 0 # dummy
1749 0 # dummy
1750 0 # dummy
1751 0 # dummy
1752 0 # dummy
1753 0 # dummy
1754 0 # dummy
1755 0 # dummy
1756 0 # dummy
1757 0 # dummy
1758 0 # dummy
1759 0 # dummy
1760 0 # dummy
1761 0 # dummy
1762 0 # dummy
1763 0 # dummy
1764 0 # dummy
1765 0 # dummy
1766 0 # dummy
1767 0 # dummy
1768 0 # dummy
1769 0 # dummy
1770 0 # dummy
1771 0 # dummy
1772 0 # dummy
1773 0 # dummy
1774 0 # dummy
1775 0 # dummy
1776 0 # dummy
1777 0 # dummy
1778 0 # dummy
1779 0 # dummy
1780 0 # dummy
1781 0 # dummy
1782 0 # dummy
1783 0 # dummy
1784 0 # dummy
1785 0 # dummy
1786 0 # dummy
1787 0 # dummy
1788 0 # dummy
1789 0 # dummy
1790 0 # dummy
1791 0 # dummy
1792 0 # dummy
1793 0 # dummy
1794 0 # dummy
1795 0 # dummy
1796 0 # dummy
1797 0 # dummy
1798 0 # dummy
1799 0 # dummy
1800 0 # dummy
1801 0 # dummy
1802 0 # dummy
1803 0 # dummy
1804 0 # dummy
1805 0 # dummy
1806 0 # dummy
1807 0 # dummy
1808 0 # dummy
1809 0 # dummy
1810 0 # dummy
1811 0 # dummy
1812 0 # dummy
1813 0 # dummy
1814 0 # dummy
1815 0 # dummy
1816 0 # dummy
1817 0 # dummy
1818 0 # dummy
1819 0 # dummy
1820 0 # dummy
1821 0 # dummy
1822 0 # dummy
1823 0 # dummy
1824 0 # dummy
1825 0 # dummy
1826 0 # dummy
1827 0 # dummy
1828 0 # dummy
1829 0 # dummy
1830 0 # dummy
1831 0 # dummy
1832 0 # dummy
1833 0 # dummy
1834 0 # dummy
1835 0 # dummy
1836 0 # dummy
1837 0 # dummy
1838 0 # dummy
1839 0 # dummy
1840 0 # dummy
1841 0 # dummy
1842 0 # dummy
1843 0 # dummy
1844 0 # dummy
1845 0 # dummy
1846 0 # dummy
1847 0 # dummy
1848 0 # dummy
1849 0 # dummy
1850 0 # dummy
1851 0 # dummy
1852 0 # dummy
1853 0 # dummy
1854 0 # dummy
1855 0 # dummy
1856 0 # dummy
1857 0 # dummy
1858 0 # dummy
1859 0 # dummy
1860 0 # dummy
1861 0 # dummy
1862 0 # dummy
1863 0 # dummy
1864 0 # dummy
1865 0 # dummy
1866 0 # dummy
1867 0 # dummy
1868 0 # dummy
1869 0 # dummy
1870 0 # dummy
1871 0 # dummy
1872 0 # dummy
1873 0 # dummy
1874 0 # dummy
1875 0 # dummy
1876 0 # dummy
1877 0 # dummy
1878 0 # dummy
1879 0 # dummy
1880 0 # dummy
1881 0 # dummy
1882 0 # dummy
1883 0 # dummy
1884 0 # dummy
1885 0 # dummy
1886 0 # dummy
1887 0 # dummy
1888 0 # dummy
1889 0 # dummy
1890 0 # dummy
1891 0 # dummy
1892 0 # dummy
1893 0 # dummy
1894 0 # dummy
1895 0 # dummy
1896 0 # dummy
1897 0 # dummy
1898 0 # dummy
1899 0 # dummy
1900 0 # dummy
1901 0 # dummy
1902 0 # dummy
1903 0 # dummy
1904 0 # dummy
1905 0 # dummy
1906 0 # dummy
1907 0 # dummy
1908 0 # dummy
1909 0 # dummy
1910 0 # dummy
1911 0 # dummy
1912 0 # dummy
1913 0 # dummy
1914 0 # dummy
1915 0 # dummy
1916 0 # dummy
1917 0 # dummy
1918 0 # dummy
1919 0 # dummy
1920 0 # dummy
1921 0 # dummy
1922 0 # dummy
1923 0 # dummy
1924 0 # dummy
1925 0 # dummy
1926 0 # dummy
1927 0 # dummy
1928 0 # dummy
1929 0 # dummy
1930 0 # dummy
1931 0 # dummy
1932 0 # dummy
1933 0 # dummy
1934 0 # dummy
1935 0 # dummy
1936 0 # dummy
1937 0 # dummy
1938 0 # dummy
1939 0 # dummy
1940 0 # dummy
1941 0 # dummy
1942 0 # dummy
1943 0 # dummy
1944 0 # dummy
1945 0 # dummy
1946 0 # dummy
1947 0 # dummy
1948 0 # dummy
1949 0 # dummy
1950 0 # dummy
1951 0 # dummy
1952 0 # dummy
1953 0 # dummy
1954 0 # dummy
1955 0 # dummy
1956 0 # dummy
1957 0 # dummy
1958 0 # dummy
1959 0 # dummy
1960 0 # dummy
1961 0 # dummy
1962 0 # dummy
1963 0 # dummy
1964 0 # dummy
1965 0 # dummy
1966 0 # dummy
1967 0 # dummy
1968 0 # dummy
1969 0 # dummy
1970 0 # dummy
1971 0 # dummy
1972 0 # dummy
1973 0 # dummy
1974 0 # dummy
1975 0 # dummy
1976 0 # dummy
1977 0 # dummy
1978 0 # dummy
1979 0 # dummy
1980 0 # dummy
1981 0 # dummy
1982 0 # dummy
1983 0 # dummy
1984 0 # dummy
1985 0 # dummy
1986 0 # dummy
1987 0 # dummy
1988 0 # dummy
1989 0 # dummy
1990 0 # dummy
1991 0 # dummy
1992 0 # dummy
1993 0 # dummy
1994 0 # dummy
1995 0 # dummy
1996 0 # dummy
1997 0 # dummy
1998 0 # dummy
1999 0 # dummy
2000 0 # dummy
2001 0 # dummy
2002 0 # dummy
2003 0 # dummy
2004 0 # dummy
2005 0 # dummy
2006 0 # dummy
2007 0 # dummy
2008 0 # dummy
2009 0 # dummy
2010 0 # dummy
2011 0 # dummy
2012 0 # dummy
2013 0 # dummy
2014 0 # dummy
2015 0 # dummy
2016 0 # dummy
2017 0 # dummy
2018 0 # dummy
2019 0 # dummy
2020 0 # dummy
2021 0 # dummy
2022 0 # dummy
2023 0 # dummy
2024 0 # dummy
2025 0 # dummy
2026 0 # dummy
2027 0 # dummy
2028 0 # dummy
2029 0 # dummy
2030 0 # dummy
2031 0 # dummy
2032 0 # dummy
2033 0 # dummy
2034 0 # dummy
2035 0 # dummy
2036 0 # dummy
2037 0 # dummy
2038 0 # dummy
2039 0 # dummy
2040 0 # dummy
2041 0 # dummy
2042 0 # dummy
2043 0 # dummy
2044 0 # dummy
2045 0 # dummy
2046 0 # dummy
2047 0 # dummy
2048 0 # dummy
2049 0 # dummy
2050 0 # dummy
2051 0 # dummy
2052 0 # dummy
2053 0 # dummy
2054 0 # dummy
2055 0 # dummy
2056 0 # dummy
2057 0 # dummy
2058 0 # dummy
2059 0 # dummy
2060 0 # dummy
2061 0 # dummy
2062 0 # dummy
2063 0 # dummy
2064 0 # dummy
2065 0 # dummy
2066 0 # dummy
2067 0 # dummy
2068 0 # dummy
2069 0 # dummy
2070 0 # dummy
2071 0 # dummy
2072 0 # dummy
2073 0 # dummy
2074 0 # dummy
2075 0 # dummy
2076 0 # dummy
2077 0 # dummy
2078 0 # dummy
2079 0 # dummy
2080 0 # dummy
2081 0 # dummy
2082 0 # dummy
2083 0 # dummy
2084 0 # dummy
2085 0 # dummy
2086 0 # dummy
2087 0 # dummy
2088 0 # dummy
2089 0 # dummy
2090 0 # dummy
2091 0 # dummy
2092 0 # dummy
2093 0 # dummy
2094 0 # dummy
2095 0 # dummy
2096 0 # dummy
2097 0 # dummy
2098 0 # dummy
2099 0 # dummy
2100 0 # dummy
2101 0 # dummy
2102 0 # dummy
2103 0 # dummy
2104 0 # dummy
2105 0 # dummy
2106 0 # dummy
2107 0 # dummy
2108 0 # dummy
2109 0 # dummy
2110 0 # dummy
2111 0 # dummy
2112 0 # dummy
2113 0 # dummy
2114 0 # dummy
2115 0 # dummy
2116 0 # dummy
2117 0 # dummy
2118 0 # dummy
2119 0 # dummy
2120 0 # dummy
2121 0 # dummy
2122 0 # dummy
2123 0 # dummy
2124 0 # dummy
2125 0 # dummy
2126 0 # dummy
2127 0 # dummy
2128 0 # dummy
2129 0 # dummy
2130 0 # dummy
2131 0 # dummy
2132 0 # dummy
2133 0 # dummy
2134 0 # dummy
2135 0 # dummy
2136 0 # dummy
2137 0 # dummy
2138 0 # dummy
2139 0 # dummy
2140 0 # dummy
2141 0 # dummy
2142 0 # dummy
2143 0 # dummy
2144 0 # dummy
2145 0 # dummy
2146 0 # dummy
2147 0 # dummy
2148 0 # dummy
2149 0 # dummy
2150 0 # dummy
2151 0 # dummy
2152 0 # dummy
2153 0 # dummy
2154 0 # dummy
2155 0 # dummy
2156 0 # dummy
2157 0 # dummy
2158 0 # dummy
2159 0 # dummy
2160 0 # dummy
2161 0 # dummy
2162 0 # dummy
2163 0 # dummy
2164 0 # dummy
2165 0 # dummy
2166 0 # dummy
2167 0 # dummy
2168 0 # dummy
2169 0 # dummy
2170 0 # dummy
2171 0 # dummy
2172 0 # dummy
2173 0 # dummy
2174 0 # dummy
2175 0 # dummy
2176 0 # dummy
2177 0 # dummy
2178 0 # dummy
2179 0 # dummy
2180 0 # dummy
2181 0 # dummy
2182 0 # dummy
2183 0 # dummy
2184 0 # dummy
2185 0 # dummy
2186 0 # dummy
2187 0 # dummy
2188 0 # dummy
2189 0 # dummy
2190 0 # dummy
2191 0 # dummy
2192 0 # dummy
2193 0 # dummy
2194 0 # dummy
2195 0 # dummy
2196 0 # dummy
2197 0 # dummy
2198 0 # dummy
2199 0 # dummy
2200 0 # dummy
2201 0 # dummy
2202 0 # dummy
2203 0 # dummy
2204 0 # dummy
2205 0 # dummy
2206 0 # dummy
2207 0 # dummy
2208 0 # dummy
2209 0 # dummy
2210 0 # dummy
2211 0 # dummy
2212 0 # dummy
2213 0 # dummy
2214 0 # dummy
2215 0 # dummy
2216 0 # dummy
2217 0 # dummy
2218 0 # dummy
2219 0 # dummy
2220 0 # dummy
2221 0 # dummy
2222 0 # dummy
2223 0 # dummy
2224 0 # dummy
2225 0 # dummy
2226 0 # dummy
2227 0 # dummy
2228 0 # dummy
2229 0 # dummy
2230 0 # dummy
2231 0 # dummy
2232 0 # dummy
2233 0 # dummy
2234 0 # dummy
2235 0 # dummy
2236 0 # dummy
2237 0 # dummy
2238 0 # dummy
2239 0 # dummy
2240 0 # dummy
2241 0 # dummy
2242 0 # dummy
2243 0 # dummy
2244 0 # dummy
2245 0 # dummy
2246 0 # dummy
2247 0 # dummy
2248 0 # dummy
2249 0 # dummy
2250 0 # dummy
2251 0 # dummy
2252 0 # dummy
2253 0 # dummy
2254 0 # dummy
2255 0 # dummy
2256 0 # dummy
2257 0 # dummy
2258 0 # dummy
2259 0 # dummy
2260 0 # dummy
2261 0 # dummy
2262 0 # dummy
2263 0 # dummy
2264 0 # dummy
2265 0 # dummy
2266 0 # dummy
2267 0 # dummy
2268 0 # dummy
2269 0 # dummy
2270 0 # dummy
2271 0 # dummy
2272 0 # dummy
2273 0 # dummy
2274 0 # dummy
2275 0 # dummy
2276 0 # dummy
2277 0 # dummy
2278 0 # dummy
2279 0 # dummy
2280 0 # dummy
2281 0 # dummy
2282 0 # dummy
2283 0 # dummy
2284 0 # dummy
2285 0 # dummy
2286 0 # dummy
2287 0 # dummy
2288 0 # dummy
2289 0 # dummy
2290 0 # dummy
2291 0 # dummy
2292 0 # dummy
2293 0 # dummy
2294 0 # dummy
2295 0 # dummy
2296 0 # dummy
2297 0 # dummy
2298 0 # dummy
2299 0 # dummy
2300 0 # dummy
2301 0 # dummy
2302 0 # dummy
2303 0 # dummy
2304 0 # dummy
2305 0 # dummy
2306 0 # dummy
2307 0 # dummy
2308 0 # dummy
2309 0 # dummy
2310 0 # dummy
2311 0 # dummy
2312 0 # dummy
2313 0 # dummy
2314 0 # dummy
2315 0 # dummy
2316 0 # dummy
2317 0 # dummy
2318 0 # dummy
2319 0 # dummy
2320 0 # dummy
2321 0 # dummy
2322 0 # dummy
2323 0 # dummy
2324 0 # dummy
2325 0 # dummy
2326 0 # dummy
2327 0 # dummy
2328 0 # dummy
2329 0 # dummy
2330 0 # dummy
2331 0 # dummy
2332 0 # dummy
2333 0 # dummy
2334 0 # dummy
2335 0 # dummy
2336 0 # dummy
2337 0 # dummy
2338 0 # dummy
2339 0 # dummy
2340 0 # dummy
2341 0 # dummy
2342 0 # dummy
2343 0 # dummy
2344 0 # dummy
2345 0 # dummy
2346 0 # dummy
2347 0 # dummy
2348 0 # dummy
2349 0 # dummy
2350 0 # dummy
2351 0 # dummy
2352 0 # dummy
2353 0 # dummy
2354 0 # dummy
2355 0 # dummy
2356 0 # dummy
2357 0 # dummy
2358 0 # dummy
2359 0 # dummy
2360 0 # dummy
2361 0 # dummy
2362 0 # dummy
2363 0 # dummy
2364 0 # dummy
2365 0 # dummy
2366 0 # dummy
2367 0 # dummy
2368 0 # dummy
2369 0 # dummy
2370 0 # dummy
2371 0 # dummy
2372 0 # dummy
2373 0 # dummy
2374 0 # dummy
2375 0 # dummy
2376 0 # dummy
2377 0 # dummy
2378 0 # dummy
2379 0 # dummy
2380 0 # dummy
2381 0 # dummy
2382 0 # dummy
2383 0 # dummy
2384 0 # dummy
2385 0 # dummy
2386 0 # dummy
2387 0 # dummy
2388 0 # dummy
2389 0 # dummy
2390 0 # dummy
2391 0 # dummy
2392 0 # dummy
2393 0 # dummy
2394 0 # dummy
2395 0 # dummy
2396 0 # dummy
2397 0 # dummy
2398 0 # dummy
2399 0 # dummy
2400 0 # dummy
2401 0 # dummy
2402 0 # dummy
2403 0 # dummy
2404 0 # dummy
2405 0 # dummy
2406 0 # dummy
2407 0 # dummy
2408 0 # dummy
2409 0 # dummy
2410 0 # dummy
2411 0 # dummy
2412 0 # dummy
2413 0 # dummy
2414 0 # dummy
2415 0 # dummy
2416 0 # dummy
2417 0 # dummy
2418 0 # dummy
2419 0 # dummy
2420 0 # dummy
2421 0 # dummy
2422 0 # dummy
2423 0 # dummy
2424 0 # dummy
2425 0 # dummy
2426 0 # dummy
2427 0 # dummy
2428 0 # dummy
2429 0 # dummy
2430 0 # dummy
2431 0 # dummy
2432 0 # dummy
2433 0 # dummy
2434 0 # dummy
2435 0 # dummy
2436 0 # dummy
2437 0 # dummy
2438 0 # dummy
2439 0 # dummy
2440 0 # dummy
2441 0 # dummy
2442 0 # dummy
2443 0 # dummy
2444 0 # dummy
2445 0 # dummy
2446 0 # dummy
2447 0 # dummy
2448 0 # dummy
2449 0 # dummy
2450 0 # dummy
2451 0 # dummy
2452 0 # dummy
2453 0 # dummy
2454 0 # dummy
2455 0 # dummy
2456 0 # dummy
2457 0 # dummy
2458 0 # dummy
2459 0 # dummy
2460 0 # dummy
2461 0 # dummy
2462 0 # dummy
2463 0 # dummy
2464 0 # dummy
2465 0 # dummy
2466 0 # dummy
2467 0 # dummy
2468 0 # dummy
2469 0 # dummy
2470 0 # dummy
2471 0 # dummy
2472 0 # dummy
2473 0 # dummy
2474 0 # dummy
2475 0 # dummy
2476 0 # dummy
2477 0 # dummy
2478 0 # dummy
2479 0 # dummy
2480 0 # dummy
2481 0 # dummy
2482 0 # dummy
2483 0 # dummy
2484 0 # dummy
2485 0 # dummy
2486 0 # dummy
2487 0 # dummy
2488 0 # dummy
2489 0 # dummy
2490 0 # dummy
2491 0 # dummy
2492 0 # dummy
2493 0 # dummy
2494 0 # dummy
2495 0 # dummy
2496 0 # dummy
2497 0 # dummy
2498 0 # dummy
2499 0 # dummy
2500 0 # dummy
2501 0 # dummy
2502 0 # dummy
2503 0 # dummy
2504 0 # dummy
2505 0 # dummy
2506 0 # dummy
2507 0 # dummy
2508 0 # dummy
2509 0 # dummy
2510 0 # dummy
2511 0 # dummy
2512 0 # dummy
2513 0 # dummy
2514 0 # dummy
2515 0 # dummy
2516 0 # dummy
2517 0 # dummy
2518 0 # dummy
2519 0 # dummy
2520 0 # dummy
2521 0 # dummy
2522 0 # dummy
2523 0 # dummy
2524 0 # dummy
2525 0 # dummy
2526 0 # dummy
2527 0 # dummy
2528 0 # dummy
2529 0 # dummy
2530 0 # dummy
2531 0 # dummy
2532 0 # dummy
2533 0 # dummy
2534 0 # dummy
2535 0 # dummy
2536 0 # dummy
2537 0 # dummy
2538 0 # dummy
2539 0 # dummy
2540 0 # dummy
2541 0 # dummy
2542 0 # dummy
2543 0 # dummy
2544 0 # dummy
2545 0 # dummy
2546 0 # dummy
2547 0 # dummy
2548 0 # dummy
2549 0 # dummy
2550 0 # dummy
2551 0 # dummy
2552 0 # dummy
2553 0 # dummy
2554 0 # dummy
2555 0 # dummy
2556 0 # dummy
2557 0 # dummy
2558 0 # dummy
2559 0 # dummy
2560 0 # dummy
2561 0 # dummy
2562 0 # dummy
2563 0 # dummy
2564 0 # dummy
2565 0 # dummy
2566 0 # dummy
2567 0 # dummy
2568 0 # dummy
2569 0 # dummy
2570 0 # dummy
2571 0 # dummy
2572 0 # dummy
2573 0 # dummy
2574 0 # dummy
2575 0 # dummy
2576 0 # dummy
2577 0 # dummy
2578 0 # dummy
2579 0 # dummy
2580 0 # dummy
2581 0 # dummy
2582 0 # dummy
2583 0 # dummy
2584 0 # dummy
2585 0 # dummy
2586 0 # dummy
2587 0 # dummy
2588 0 # dummy
2589 0 # dummy
2590 0 # dummy
2591 0 # dummy
2592 0 # dummy
2593 0 # dummy
2594 0 # dummy
2595 0 # dummy
2596 0 # dummy
2597 0 # dummy
2598 0 # dummy
2599 0 # dummy
2600 0 # dummy
2601 0 # dummy
2602 0 # dummy
2603 0 # dummy
2604 0 # dummy
2605 0 # dummy
2606 0 # dummy
2607 0 # dummy
2608 0 # dummy
2609 0 # dummy
2610 0 # dummy
2611 0 # dummy
2612 0 # dummy
2613 0 # dummy
2614 0 # dummy
2615 0 # dummy
2616 0 # dummy
2617 0 # dummy
2618 0 # dummy
2619 0 # dummy
2620 0 # dummy
2621 0 # dummy
2622 0 # dummy
2623 0 # dummy
2624 0 # dummy
2625 0 # dummy
2626 0 # dummy
2627 0 # dummy
2628 0 # dummy
2629 0 # dummy
2630 0 # dummy
2631 0 # dummy
2632 0 # dummy
2633 0 # dummy
2634 0 # dummy
2635 0 # dummy
2636 0 # dummy
2637 0 # dummy
2638 0 # dummy
2639 0 # dummy
2640 0 # dummy
2641 0 # dummy
2642 0 # dummy
2643 0 # dummy
2644 0 # dummy
2645 0 # dummy
2646 0 # dummy
2647 0 # dummy
2648 0 # dummy
2649 0 # dummy
2650 0 # dummy
2651 0 # dummy
2652 0 # dummy
2653 0 # dummy
2654 0 # dummy
2655 0 # dummy
2656 0 # dummy
2657 0 # dummy
2658 0 # dummy
2659 0 # dummy
2660 0 # dummy
2661 0 # dummy
2662 0 # dummy
2663 0 # dummy
2664 0 # dummy
2665 0 # dummy
2666 0 # dummy
2667 0 # dummy
2668 0 # dummy
2669 0 # dummy
2670 0 # dummy
2671 0 # dummy
2672 0 # dummy
2673 0 # dummy
2674 0 # dummy
2675 0 # dummy
2676 0 # dummy
2677 0 # dummy
2678 0 # dummy
2679 0 # dummy
2680 0 # dummy
2681 0 # dummy
2682 0 # dummy
2683 0 # dummy
2684 0 # dummy
2685 0 # dummy
2686 0 # dummy
2687 0 # dummy
2688 0 # dummy
2689 0 # dummy
2690 0 # dummy
2691 0 # dummy
2692 0 # dummy
2693 0 # dummy
2694 0 # dummy
2695 0 # dummy
2696 0 # dummy
2697 0 # dummy
2698 0 # dummy
2699 0 # dummy
2700 0 # dummy
2701 0 # dummy
2702 0 # dummy
2703 0 # dummy
2704 0 # dummy
2705 0 # dummy
2706 0 # dummy
2707 0 # dummy
2708 0 # dummy
2709 0 # dummy
2710 0 # dummy
2711 0 # dummy
2712 0 # dummy
2713 0 # dummy
2714 0 # dummy
2715 0 # dummy
2716 0 # dummy
2717 0 # dummy
2718 0 # dummy
2719 0 # dummy
2720 0 # dummy
2721 0 # dummy
2722 0 # dummy
2723 0 # dummy
2724 0 # dummy
2725 0 # dummy
2726 0 # dummy
2727 0 # dummy
2728 0 # dummy
2729 0 # dummy
2730 0 # dummy
2731 0 # dummy
2732 0 # dummy
2733 0 # dummy
2734 0 # dummy
2735 0 # dummy
2736 0 # dummy
2737 0 # dummy
2738 0 # dummy
2739 0 # dummy
2740 0 # dummy
2741 0 # dummy
2742 0 # dummy
2743 0 # dummy
2744 0 # dummy
2745 0 # dummy
2746 0 # dummy
2747 0 # dummy
2748 0 # dummy
2749 0 # dummy
2750 0 # dummy
2751 0 # dummy
2752 0 # dummy
2753 0 # dummy
2754 0 # dummy
2755 0 # dummy
2756 0 # dummy
2757 0 # dummy
2758 0 # dummy
2759 0 # dummy
2760 0 # dummy
2761 0 # dummy
2762 0 # dummy
2763 0 # dummy
2764 0 # dummy
2765 0 # dummy
2766 0 # dummy
2767 0 # dummy
2768 0 # dummy
2769 0 # dummy
2770 0 # dummy
2771 0 # dummy
2772 0 # dummy
2773 0 # dummy
2774 0 # dummy
2775 0 # dummy
2776 0 # dummy
2777 0 # dummy
2778 0 # dummy
2779 0 # dummy
2780 0 # dummy
2781 0 # dummy
2782 0 # dummy
2783 0 # dummy
2784 0 # dummy
2785 0 # dummy
2786 0 # dummy
2787 0 # dummy
2788 0 # dummy
2789 0 # dummy
2790 0 # dummy
2791 0 # dummy
2792 0 # dummy
2793 0 # dummy
2794 0 # dummy
2795 0 # dummy
2796 0 # dummy
2797 0 # dummy
2798 0 # dummy
2799 0 # dummy
2800 0 # dummy
2801 0 # dummy
2802 0 # dummy
2803 0 # dummy
2804 0 # dummy
2805 0 # dummy
2806 0 # dummy
2807 0 # dummy
2808 0 # dummy
2809 0 # dummy
2810 0 # dummy
2811 0 # dummy
2812 0 # dummy
2813 0 # dummy
2814 0 # dummy
2815 0 # dummy
2816 0 # dummy
2817 0 # dummy
2818 0 # dummy
2819 0 # dummy
2820 0 # dummy
2821 0 # dummy
2822 0 # dummy
2823 0 # dummy
2824 0 # dummy
2825 0 # dummy
2826 0 # dummy
2827 0 # dummy
2828 0 # dummy
2829 0 # dummy
2830 0 # dummy
2831 0 # dummy
2832 0 # dummy
2833 0 # dummy
2834 0 # dummy
2835 0 # dummy
2836 0 # dummy
2837 0 # dummy
2838 0 # dummy
2839 0 # dummy
2840 0 # dummy
2841 0 # dummy
2842 0 # dummy
2843 0 # dummy
2844 0 # dummy
2845 0 # dummy
2846 0 # dummy
2847 0 # dummy
2848 0 # dummy
2849 0 # dummy
2850 0 # dummy
2851 0 # dummy
2852 0 # dummy
2853 0 # dummy
2854 0 # dummy
2855 0 # dummy
2856 0 # dummy
2857 0 # dummy
2858 0 # dummy
2859 0 # dummy
2860 0 # dummy
2861 0 # dummy
2862 0 # dummy
2863 0 # dummy
2864 0 # dummy
2865 0 # dummy
2866 0 # dummy
2867 0 # dummy
2868 0 # dummy
2869 0 # dummy
2870 0 # dummy
2871 0 # dummy
2872 0 # dummy
2873 0 # dummy
2874 0 # dummy
2875 0 # dummy
2876 0 # dummy
2877 0 # dummy
2878 0 # dummy
2879 0 # dummy
2880 0 # dummy
2881 0 # dummy
2882 0 # dummy
2883 0 # dummy
2884 0 # dummy
2885 0 # dummy
2886 0 # dummy
2887 0 # dummy
2888 0 # dummy
2889 0 # dummy
2890 0 # dummy
2891 0 # dummy
2892 0 # dummy
2893 0 # dummy
2894 0 # dummy
2895 0 # dummy
2896 0 # dummy
2897 0 # dummy
2898 0 # dummy
2899 0 # dummy
2900 0 # dummy
2901 0 # dummy
2902 0 # dummy
2903 0 # dummy
2904 0 # dummy
2905 0 # dummy
2906 0 # dummy
2907 0 # dummy
2908 0 # dummy
2909 0 # dummy
2910 0 # dummy
2911 0 # dummy
2912 0 # dummy
2913 0 # dummy
2914 0 # dummy
2915 0 # dummy
2916 0 # dummy
2917 0 # dummy
2918 0 # dummy
2919 0 # dummy
2920 0 # dummy
2921 0 # dummy
2922 0 # dummy
2923 0 # dummy
2924 0 # dummy
2925 0 # dummy
2926 0 # dummy
2927 0 # dummy
2928 0 # dummy
2929 0 # dummy
2930 0 # dummy
2931 0 # dummy
2932 0 # dummy
2933 0 # dummy
2934 0 # dummy
2935 0 # dummy
2936 0 # dummy
2937 0 # dummy
2938 0 # dummy
2939 0 # dummy
2940 0 # dummy
2941 0 # dummy
2942 0 # dummy
2943 0 # dummy
2944 0 # dummy
2945 0 # dummy
2946 0 # dummy
2947 0 # dummy
2948 0 # dummy
2949 0 # dummy
2950 0 # dummy
2951 0 # dummy
2952 0 # dummy
2953 0 # dummy
2954 0 # dummy
2955 0 # dummy
2956 0 # dummy
2957 0 # dummy
2958 0 # dummy
2959 0 # dummy
2960 0 # dummy
2961 0 # dummy
2962 0 # dummy
2963 0 # dummy
2964 0 # dummy
2965 0 # dummy
2966 0 # dummy
2967 0 # dummy
2968 0 # dummy
2969 0 # dummy
2970 0 # dummy
2971 0 # dummy
2972 0 # dummy
2973 0 # dummy
2974 0 # dummy
2975 0 # dummy
2976 0 # dummy
2977 0 # dummy
2978 0 # dummy
2979 0 # dummy
2980 0 # dummy
2981 0 # dummy
2982 0 # dummy
2983 0 # dummy
2984 0 # dummy
2985 0 # dummy
2986 0 # dummy
2987 0 # dummy
2988 0 # dummy
2989 0 # dummy
2990 0 # dummy
2991 0 # dummy
2992 0 # dummy
2993 0 # dummy
2994 0 # dummy
2995 0 # dummy
2996 0 # dummy
2997 0 # dummy
2998 0 # dummy
2999 0 # dummy
3000 0 # dummy
3001 0 # dummy
3002 0 # dummy
3003 0 # dummy
3004 0 # dummy
3005 0 # dummy
3006 0 # dummy
3007 0 # dummy
3008 0 # dummy
3009 0 # dummy
3010 0 # dummy
3011 0 # dummy
3012 0 # dummy
3013 0 # dummy
3014 0 # dummy
3015 0 # dummy
3016 0 # dummy
3017 0 # dummy
3018 0 # dummy
3019 0 # dummy
3020 0 # dummy
3021 0 # dummy
3022 0 # dummy
3023 0 # dummy
3024 0 # dummy
3025 0 # dummy
3026 0 # dummy
3027 0 # dummy
3028 0 # dummy
3029 0 # dummy
3030 0 # dummy
3031 0 # dummy
3032 0 # dummy
3033 0 # dummy
3034 0 # dummy
3035 0 # dummy
3036 0 # dummy
3037 0 # dummy
3038 0 # dummy
3039 0 # dummy
3040 0 # dummy
3041 0 # dummy
3042 0 # dummy
3043 0 # dummy
3044 0 # dummy
3045 0 # dummy
3046 0 # dummy
3047 0 # dummy
3048 0 # dummy
3049 0 # dummy
3050 0 # dummy
3051 0 # dummy
3052 0 # dummy
3053 0 # dummy
3054 0 # dummy
3055 0 # dummy
3056 0 # dummy
3057 0 # dummy
3058 0 # dummy
3059 0 # dummy
3060 0 # dummy
3061 0 # dummy
3062 0 # dummy
3063 0 # dummy
3064 0 # dummy
3065 0 # dummy
3066 0 # dummy
3067 0 # dummy
3068 0 # dummy
3069 0 # dummy
3070 0 # dummy
3071 0 # dummy
3072 0 # dummy
3073 0 # dummy
3074 0 # dummy
3075 0 # dummy
3076 0 # dummy
3077 0 # dummy
3078 0 # dummy
3079 0 # dummy
3080 0 # dummy
3081 0 # dummy
3082 0 # dummy
3083 0 # dummy
3084 0 # dummy
3085 0 # dummy
3086 0 # dummy
3087 0 # dummy
3088 0 # dummy
3089 0 # dummy
3090 0 # dummy
3091 0 # dummy
3092 0 # dummy
3093 0 # dummy
3094 0 # dummy
3095 0 # dummy
3096 0 # dummy
3097 0 # dummy
3098 0 # dummy
3099 0 # dummy
3100 0 # dummy
3101 0 # dummy
3102 0 # dummy
3103 0 # dummy
3104 0 # dummy
3105 0 # dummy
3106 0 # dummy
3107 0 # dummy
3108 0 # dummy
3109 0 # dummy
3110 0 # dummy
3111 0 # dummy
3112 0 # dummy
3113 0 # dummy
3114 0 # dummy
3115 0 # dummy
3116 0 # dummy
3117 0 # dummy
3118 0 # dummy
3119 0 # dummy
3120 0 # dummy
3121 0 # dummy
3122 0 # dummy
3123 0 # dummy
3124 0 # dummy
3125 0 # dummy
3126 0 # dummy
3127 0 # dummy
3128 0 # dummy
3129 0 # dummy
3130 0 # dummy
3131 0 # dummy
3132 0 # dummy
3133 0 # dummy
3134 0 # dummy
3135 0 # dummy
3136 0 # dummy
3137 0 # dummy
3138 0 # dummy
3139 0 # dummy
3140 0 # dummy
3141 0 # dummy
3142 0 # dummy
3143 0 # dummy
3144 0 # dummy
3145 0 # dummy
3146 0 # dummy
3147 0 # dummy
3148 0 # dummy
3149 0 # dummy
3150 0 # dummy
3151 0 # dummy
3152 0 # dummy
3153 0 # dummy
3154 0 # dummy
3155 0 # dummy
3156 0 # dummy
3157 0 # dummy
3158 0 # dummy
3159 0 # dummy
3160 0 # dummy
3161 0 # dummy
3162 0 # dummy
3163 0 # dummy
3164 0 # dummy
3165 0 # dummy
3166 0 # dummy
3167 0 # dummy
3168 0 # dummy
3169 0 # dummy
3170 0 # dummy
3171 0 # dummy
3172 0 # dummy
3173 0 # dummy
3174 0 # dummy
3175 0 # dummy
3176 0 # dummy
3177 0 # dummy
3178 0 # dummy
3179 0 # dummy
3180 0 # dummy
3181 0 # dummy
3182 0 # dummy
3183 0 # dummy
3184 0 # dummy
3185 0 # dummy
3186 0 # dummy
3187 0 # dummy
3188 0 # dummy
3189 0 # dummy
3190 0 # dummy
3191 0 # dummy
3192 0 # dummy
3193 0 # dummy
3194 0 # dummy
3195 0 # dummy
3196 0 # dummy
3197 0 # dummy
3198 0 # dummy
3199 0 # dummy
3200 0 # dummy
3201 0 # dummy
3202 0 # dummy
3203 0 # dummy
3204 0 # dummy
3205 0 # dummy
3206 0 # dummy
3207 0 # dummy
3208 0 # dummy
3209 0 # dummy
3210 0 # dummy
3211 0 # dummy
3212 0 # dummy
3213 0 # dummy
3214 0 # dummy
3215 0 # dummy
3216 0 # dummy
3217 0 # dummy
3218 0 # dummy
3219 0 # dummy
3220 0 # dummy
3221 0 # dummy
3222 0 # dummy
3223 0 # dummy
3224 0 # dummy
3225 0 # dummy
3226 0 # dummy
3227 0 # dummy
3228 0 # dummy
3229 0 # dummy
3230 0 # dummy
3231 0 # dummy
3232 0 # dummy
3233 0 # dummy
3234 0 # dummy
3235 0 # dummy
3236 0 # dummy
3237 0 # dummy
3238 0 # dummy
3239 0 # dummy
3240 0 # dummy
3241 0 # dummy
3242 0 # dummy
3243 0 # dummy
3244 0 # dummy
3245 0 # dummy
3246 0 # dummy
3247 0 # dummy
3248 0 # dummy
3249 0 # dummy
3250 0 # dummy
3251 0 # dummy
3252 0 # dummy
3253 0 # dummy
3254 0 # dummy
3255 0 # dummy
3256 0 # dummy
3257 0 # dummy
3258 0 # dummy
3259 0 # dummy
3260 0 # dummy
3261 0 # dummy
3262 0 # dummy
3263 0 # dummy
3264 0 # dummy
3265 0 # dummy
3266 0 # dummy
3267 0 # dummy
3268 0 # dummy
3269 0 # dummy
3270 0 # dummy
3271 0 # dummy
3272 0 # dummy
3273 0 # dummy
3274 0 # dummy
3275 0 # dummy
3276 0 # dummy
3277 0 # dummy
3278 0 # dummy
3279 0 # dummy
3280 0 # dummy
3281 0 # dummy
3282 0 # dummy
3283 0 # dummy
3284 0 # dummy
3285 0 # dummy
3286 0 # dummy
3287 0 # dummy
3288 0 # dummy
3289 0 # dummy
3290 0 # dummy
3291 0 # dummy
3292 0 # dummy
3293 0 # dummy
3294 0 # dummy
3295 0 # dummy
3296 0 # dummy
3297 0 # dummy
3298 0 # dummy
3299 0 # dummy
3300 0 # dummy
3301 0 # dummy
3302 0 # dummy
3303 0 # dummy
3304 0 # dummy
3305 0 # dummy
3306 0 # dummy
3307 0 # dummy
3308 0 # dummy
3309 0 # dummy
3310 0 # dummy
3311 0 # dummy
3312 0 # dummy
3313 0 # dummy
3314 0 # dummy
3315 0 # dummy
3316 0 # dummy
3317 0 # dummy
3318 0 # dummy
3319 0 # dummy
3320 0 # dummy
3321 0 # dummy
3322 0 # dummy
3323 0 # dummy
3324 0 # dummy
3325 0 # dummy
3326 0 # dummy
3327 0 # dummy
3328 0 # dummy
3329 0 # dummy
3330 0 # dummy
3331 0 # dummy
3332 0 # dummy
3333 0 # dummy
3334 0 # dummy
3335 0 # dummy
3336 0 # dummy
3337 0 # dummy
3338 0 # dummy
3339 0 # dummy
3340 0 # dummy
3341 0 # dummy
3342 0 # dummy
3343 0 # dummy
3344 0 # dummy
3345 0 # dummy
3346 0 # dummy
3347 0 # dummy
3348 0 # dummy
3349 0 # dummy
3350 0 # dummy
3351 0 # dummy
3352 0 # dummy
3353 0 # dummy
3354 0 # dummy
3355 0 # dummy
3356 0 # dummy
3357 0 # dummy
3358 0 # dummy
3359 0 # dummy
3360 0 # dummy
3361 0 # dummy
3362 0 # dummy
3363 0 # dummy
3364 0 # dummy
3365 0 # dummy
3366 0 # dummy
3367 0 # dummy
3368 0 # dummy
3369 0 # dummy
3370 0 # dummy
3371 0 # dummy
3372 0 # dummy
3373 0 # dummy
3374 0 # dummy
3375 0 # dummy
3376 0 # dummy
3377 0 # dummy
3378 0 # dummy
3379 0 # dummy
3380 0 # dummy
3381 0 # dummy
3382 0 # dummy
3383 0 # dummy
3384 0 # dummy
3385 0 # dummy
3386 0 # dummy
3387 0 # dummy
3388 0 # dummy
3389 0 # dummy
3390 0 # dummy
3391 0 # dummy
3392 0 # dummy
3393 0 # dummy
3394 0 # dummy
3395 0 # dummy
3396 0 # dummy
3397 0 # dummy
3398 0 # dummy
3399 0 # dummy
3400 0 # dummy
3401 0 # dummy
3402 0 # dummy
3403 0 # dummy
3404 0 # dummy
3405 0 # dummy
3406 0 # dummy
3407 0 # dummy
3408 0 # dummy
3409 0 # dummy
3410 0 # dummy
3411 0 # dummy
3412 0 # dummy
3413 0 # dummy
3414 0 # dummy
3415 0 # dummy
3416 0 # dummy
3417 0 # dummy
3418 0 # dummy
3419 0 # dummy
3420 0 # dummy
3421 0 # dummy
3422 0 # dummy
3423 0 # dummy
3424 0 # dummy
3425 0 # dummy
3426 0 # dummy
3427 0 # dummy
3428 0 # dummy
3429 0 # dummy
3430 0 # dummy
3431 0 # dummy
3432 0 # dummy
3433 0 # dummy
3434 0 # dummy
3435 0 # dummy
3436 0 # dummy
3437 0 # dummy
3438 0 # dummy
3439 0 # dummy
3440 0 # dummy
3441 0 # dummy
3442 0 # dummy
3443 0 # dummy
3444 0 # dummy
3445 0 # dummy
3446 0 # dummy
3447 0 # dummy
3448 0 # dummy
3449 0 # dummy
3450 0 # dummy
3451 0 # dummy
3452 0 # dummy
3453 0 # dummy
3454 0 # dummy
3455 0 # dummy
3456 0 # dummy
3457 0 # dummy
3458 0 # dummy
3459 0 # dummy
3460 0 # dummy
3461 0 # dummy
3462 0 # dummy
3463 0 # dummy
3464 0 # dummy
3465 0 # dummy
3466 0 # dummy
3467 0 # dummy
3468 0 # dummy
3469 0 # dummy
3470 0 # dummy
3471 0 # dummy
3472 0 # dummy
3473 0 # dummy
3474 0 # dummy
3475 0 # dummy
3476 0 # dummy
3477 0 # dummy
3478 0 # dummy
3479 0 # dummy
3480 0 # dummy
3481 0 # dummy
3482 0 # dummy
3483 0 # dummy
3484 0 # dummy
3485 0 # dummy
3486 0 # dummy
3487 0 # dummy
3488 0 # dummy
3489 0 # dummy
3490 0 # dummy
3491 0 # dummy
3492 0 # dummy
3493 0 # dummy
3494 0 # dummy
3495 0 # dummy
3496 0 # dummy
3497 0 # dummy
3498 0 # dummy
3499 0 # dummy
3500 0 # dummy
3501 0 # dummy
3502 0 # dummy
3503 0 # dummy
3504 0 # dummy
3505 0 # dummy
3506 0 # dummy
3507 0 # dummy
3508 0 # dummy
3509 0 # dummy
3510 0 # dummy
3511 0 # dummy
3512 0 # dummy
3513 0 # dummy
3514 0 # dummy
3515 0 # dummy
3516 0 # dummy
3517 0 # dummy
3518 0 # dummy
3519 0 # dummy
3520 0 # dummy
3521 0 # dummy
3522 0 # dummy
3523 0 # dummy
3524 0 # dummy
3525 0 # dummy
3526 0 # dummy
3527 0 # dummy
3528 0 # dummy
3529 0 # dummy
3530 0 # dummy
3531 0 # dummy
3532 0 # dummy
3533 0 # dummy
3534 0 # dummy
3535 0 # dummy
3536 0 # dummy
3537 0 # dummy
3538 0 # dummy
3539 0 # dummy
3540 0 # dummy
3541 0 # dummy
3542 0 # dummy
3543 0 # dummy
3544 0 # dummy
3545 0 # dummy
3546 0 # dummy
3547 0 # dummy
3548 0 # dummy
3549 0 # dummy
3550 0 # dummy
3551 0 # dummy
3552 0 # dummy
3553 0 # dummy
3554 0 # dummy
3555 0 # dummy
3556 0 # dummy
3557 0 # dummy
3558 0 # dummy
3559 0 # dummy
3560 0 # dummy
3561 0 # dummy
3562 0 # dummy
3563 0 # dummy
3564 0 # dummy
3565 0 # dummy
3566 0 # dummy
3567 0 # dummy
3568 0 # dummy
3569 0 # dummy
3570 0 # dummy
3571 0 # dummy
3572 0 # dummy
3573 0 # dummy
3574 0 # dummy
3575 0 # dummy
3576 0 # dummy
3577 0 # dummy
3578 0 # dummy
3579 0 # dummy
3580 0 # dummy
3581 0 # dummy
3582 0 # dummy
3583 0 # dummy
3584 0 # dummy
3585 0 # dummy
3586 0 # dummy
3587 0 # dummy
3588 0 # dummy
3589 0 # dummy
3590 0 # dummy
3591 0 # dummy
3592 0 # dummy
3593 0 # dummy
3594 0 # dummy
3595 0 # dummy
3596 0 # dummy
3597 0 # dummy
3598 0 # dummy
3599 0 # dummy
3600 0 # dummy
3601 0 # dummy
3602 0 # dummy
3603 0 # dummy
3604 0 # dummy
3605 0 # dummy
3606 0 # dummy
3607 0 # dummy
3608 0 # dummy
3609 0 # dummy
3610 0 # dummy
3611 0 # dummy
3612 0 # dummy
3613 0 # dummy
3614 0 # dummy
3615 0 # dummy
3616 0 # dummy
3617 0 # dummy
3618 0 # dummy
3619 0 # dummy
3620 0 # dummy
3621 0 # dummy
3622 0 # dummy
3623 0 # dummy
3624 0 # dummy
3625 0 # dummy
3626 0 # dummy
3627 0 # dummy
3628 0 # dummy
3629 0 # dummy
3630 0 # dummy
3631 0 # dummy
3632 0 # dummy
3633 0 # dummy
3634 0 # dummy
3635 0 # dummy
3636 0 # dummy
3637 0 # dummy
3638 0 # dummy
3639 0 # dummy
3640 0 # dummy
3641 0 # dummy
3642 0 # dummy
3643 0 # dummy
3644 0 # dummy
3645 0 # dummy
3646 0 # dummy
3647 0 # dummy
3648 0 # dummy
3649 0 # dummy
3650 0 # dummy
3651 0 # dummy
3652 0 # dummy
3653 0 # dummy
3654 0 # dummy
3655 0 # dummy
3656 0 # dummy
3657 0 # dummy
3658 0 # dummy
3659 0 # dummy
3660 0 # dummy
3661 0 # dummy
3662 0 # dummy
3663 0 # dummy
3664 0 # dummy
3665 0 # dummy
3666 0 # dummy
3667 0 # dummy
3668 0 # dummy
3669 0 # dummy
3670 0 # dummy
3671 0 # dummy
3672 0 # dummy
3673 0 # dummy
3674 0 # dummy
3675 0 # dummy
3676 0 # dummy
3677 0 # dummy
3678 0 # dummy
3679 0 # dummy
3680 0 # dummy
3681 0 # dummy
3682 0 # dummy
3683 0 # dummy
3684 0 # dummy
3685 0 # dummy
3686 0 # dummy
3687 0 # dummy
3688 0 # dummy
3689 0 # dummy
3690 0 # dummy
3691 0 # dummy
3692 0 # dummy
3693 0 # dummy
3694 0 # dummy
3695 0 # dummy
3696 0 # dummy
3697 0 # dummy
3698 0 # dummy
3699 0 # dummy
3700 0 # dummy
3701 0 # dummy
3702 0 # dummy
3703 0 # dummy
3704 0 # dummy
3705 0 # dummy
3706 0 # dummy
3707 0 # dummy
3708 0 # dummy
3709 0 # dummy
3710 0 # dummy
3711 0 # dummy
3712 0 # dummy
3713 0 # dummy
3714 0 # dummy
3715 0 # dummy
3716 0 # dummy
3717 0 # dummy
3718 0 # dummy
3719 0 # dummy
3720 0 # dummy
3721 0 # dummy
3722 0 # dummy
3723 0 # dummy
3724 0 # dummy
3725 0 # dummy
3726 0 # dummy
3727 0 # dummy
3728 0 # dummy
3729 0 # dummy
3730 0 # dummy
3731 0 # dummy
3732 0 # dummy
3733 0 # dummy
3734 0 # dummy
3735 0 # dummy
3736 0 # dummy
3737 0 # dummy
3738 0 # dummy
3739 0 # dummy
3740 0 # dummy
3741 0 # dummy
3742 0 # dummy
3743 0 # dummy
3744 0 # dummy
3745 0 # dummy
3746 0 # dummy
3747 0 # dummy
3748 0 # dummy
3749 0 # dummy
3750 0 # dummy
3751 0 # dummy
3752 0 # dummy
3753 0 # dummy
3754 0 # dummy
3755 0 # dummy
3756 0 # dummy
3757 0 # dummy
3758 0 # dummy
3759 0 # dummy
3760 0 # dummy
3761 0 # dummy
3762 0 # dummy
3763 0 # dummy
3764 0 # dummy
3765 0 # dummy
3766 0 # dummy
3767 0 # dummy
3768 0 # dummy
3769 0 # dummy
3770 0 # dummy
3771 0 # dummy
3772 0 # dummy
3773 0 # dummy
3774 0 # dummy
3775 0 # dummy
3776 0 # dummy
3777 0 # dummy
3778 0 # dummy
3779 0 # dummy
3780 0 # dummy
3781 0 # dummy
3782 0 # dummy
3783 0 # dummy
3784 0 # dummy
3785 0 # dummy
3786 0 # dummy
3787 0 # dummy
3788 0 # dummy
3789 0 # dummy
3790 0 # dummy
3791 0 # dummy
3792 0 # dummy
3793 0 # dummy
3794 0 # dummy
3795 0 # dummy
3796 0 # dummy
3797 0 # dummy
3798 0 # dummy
3799 0 # dummy
3800 0 # dummy
3801 0 # dummy
3802 0 # dummy
3803 0 # dummy
3804 0 # dummy
3805 0 # dummy
3806 0 # dummy
3807 0 # dummy
3808 0 # dummy
3809 0 # dummy
3810 0 # dummy
3811 0 # dummy
3812 0 # dummy
3813 0 # dummy
3814 0 # dummy
3815 0 # dummy
3816 0 # dummy
3817 0 # dummy
3818 0 # dummy
3819 0 # dummy
3820 0 # dummy
3821 0 # dummy
3822 0 # dummy
3823 0 # dummy
3824 0 # dummy
3825 0 # dummy
3826 0 # dummy
3827 0 # dummy
3828 0 # dummy
3829 0 # dummy
3830 0 # dummy
3831 0 # dummy
3832 0 # dummy
3833 0 # dummy
3834 0 # dummy
3835 0 # dummy
3836 0 # dummy
3837 0 # dummy
3838 0 # dummy
3839 0 # dummy
3840 0 # dummy
3841 0 # dummy
3842 0 # dummy
3843 0 # dummy
3844 0 # dummy
3845 0 # dummy
3846 0 # dummy
3847 0 # dummy
3848 0 # dummy
3849 0 # dummy
3850 0 # dummy
3851 0 # dummy
3852 0 # dummy
3853 0 # dummy
3854 0 # dummy
3855 0 # dummy
3856 0 # dummy
3857 0 # dummy
3858 0 # dummy
3859 0 # dummy
3860 0 # dummy
3861 0 # dummy
3862 0 # dummy
3863 0 # dummy
3864 0 # dummy
3865 0 # dummy
3866 0 # dummy
3867 0 # dummy
3868 0 # dummy
3869 0 # dummy
3870 0 # dummy
3871 0 # dummy
3872 0 # dummy
3873 0 # dummy
3874 0 # dummy
3875 0 # dummy
3876 0 # dummy
3877 0 # dummy
3878 0 # dummy
3879 0 # dummy
3880 0 # dummy
3881 0 # dummy
3882 0 # dummy
3883 0 # dummy
3884 0 # dummy
3885 0 # dummy
3886 0 # dummy
3887 0 # dummy
3888 0 # dummy
3889 0 # dummy
3890 0 # dummy
3891 0 # dummy
3892 0 # dummy
3893 0 # dummy
3894 0 # dummy
3895 0 # dummy
3896 0 # dummy
3897 0 # dummy
3898 0 # dummy
3899 0 # dummy
3900 0 # dummy
3901 0 # dummy
3902 0 # dummy
3903 0 # dummy
3904 0 # dummy
3905 0 # dummy
3906 0 # dummy
3907 0 # dummy
3908 0 # dummy
3909 0 # dummy
3910 0 # dummy
3911 0 # dummy
3912 0 # dummy
3913 0 # dummy
3914 0 # dummy
3915 0 # dummy
3916 0 # dummy
3917 0 # dummy
3918 0 # dummy
3919 0 # dummy
3920 0 # dummy
3921 0 # dummy
3922 0 # dummy
3923 0 # dummy
3924 0 # dummy
3925 0 # dummy
3926 0 # dummy
3927 0 # dummy
3928 0 # dummy
3929 0 # dummy
3930 0 # dummy
3931 0 # dummy
3932 0 # dummy
3933 0 # dummy
3934 0 # dummy
3935 0 # dummy
3936 0 # dummy
3937 0 # dummy
3938 0 # dummy
3939 0 # dummy
3940 0 # dummy
3941 0 # dummy
3942 0 # dummy
3943 0 # dummy
3944 0 # dummy
3945 0 # dummy
3946 0 # dummy
3947 0 # dummy
3948 0 # dummy
3949 0 # dummy
3950 0 # dummy
3951 0 # dummy
3952 0 # dummy
3953 0 # dummy
3954 0 # dummy
3955 0 # dummy
3956 0 # dummy
3957 0 # dummy
3958 0 # dummy
3959 0 # dummy
3960 0 # dummy
3961 0 # dummy
3962 0 # dummy
3963 0 # dummy
3964 0 # dummy
3965 0 # dummy
3966 0 # dummy
3967 0 # dummy
3968 0 # dummy
3969 0 # dummy
3970 0 # dummy
3971 0 # dummy
3972 0 # dummy
3973 0 # dummy
3974 0 # dummy
3975 0 # dummy
3976 0 # dummy
3977 0 # dummy
3978 0 # dummy
3979 0 # dummy
3980 0 # dummy
3981 0 # dummy
3982 0 # dummy
3983 0 # dummy
3984 0 # dummy
3985 0 # dummy
3986 0 # dummy
3987 0 # dummy
3988 0 # dummy
3989 0 # dummy
3990 0 # dummy
3991 0 # dummy
3992 0 # dummy
3993 0 # dummy
3994 0 # dummy
3995 0 # dummy
3996 0 # dummy
3997 0 # dummy
3998 0 # dummy
3999 0 # dummy
4000 0 # dummy
4001 0 # dummy
4002 0 # dummy
4003 0 # dummy
4004 0 # dummy
4005 0 # dummy
4006 0 # dummy
4007 0 # dummy
4008 0 # dummy
4009 0 # dummy
4010 0 # dummy
4011 0 # dummy
4012 0 # dummy
4013 0 # dummy
4014 0 # dummy
4015 0 # dummy
4016 0 # dummy
4017 0 # dummy
4018 0 # dummy
4019 0 # dummy
4020 0 # dummy
4021 0 # dummy
4022 0 # dummy
4023 0 # dummy
4024 0 # dummy
4025 0 # dummy
4026 0 # dummy
4027 0 # dummy
4028 0 # dummy
4029 0 # dummy
4030 0 # dummy
4031 0 # dummy
4032 0 # dummy
4033 0 # dummy
4034 0 # dummy
4035 0 # dummy
4036 0 # dummy
4037 0 # dummy
4038 0 # dummy
4039 0 # dummy
4040 0 # dummy
4041 0 # dummy
4042 0 # dummy
4043 0 # dummy
4044 0 # dummy
4045 0 # dummy
4046 0 # dummy
4047 0 # dummy
4048 0 # dummy
4049 0 # dummy
4050 0 # dummy
4051 0 # dummy
4052 0 # dummy
4053 0 # dummy
4054 0 # dummy
4055 0 # dummy
4056 0 # dummy
4057 0 # dummy
4058 0 # dummy
4059 0 # dummy
4060 0 # dummy
4061 0 # dummy
4062 0 # dummy
4063 0 # dummy
4064 0 # dummy
4065 0 # dummy
4066 0 # dummy
4067 0 # dummy
4068 0 # dummy
4069 0 # dummy
4070 0 # dummy
4071 0 # dummy
4072 0 # dummy
4073 0 # dummy
4074 0 # dummy
4075 0 # dummy
4076 0 # dummy
4077 0 # dummy
4078 0 # dummy
4079 0 # dummy
4080 0 # dummy
4081 0 # dummy
4082 0 # dummy
4083 0 # dummy
4084 0 # dummy
4085 0 # dummy
4086 0 # dummy
4087 0 # dummy
4088 0 # dummy
4089 0 # dummy
4090 0 # dummy
4091 0 # dummy
4092 0 # dummy
4093 0 # dummy
4094 0 # dummy
4095 0 # dummy
