# columns 
# CaloToolMPEtaBin PtMin PtMax avgPt IEtaBin_forLUT_col1 PtBin_forLUT SF
0 0 0 0 0 0 1.000000   # ieta [1, 2, 3, 4, 5], pt 0
0 1 19 10 0 1 2.012044
0 20 20 20 0 2 1.930617
0 21 21 21 0 3 1.909988
0 22 25 24 0 4 1.871155
0 26 29 28 0 5 1.816280
0 30 34 32 0 6 1.763751
0 35 40 38 0 7 1.699512
0 41 48 45 0 8 1.640171
0 49 58 54 0 9 1.578768
0 59 71 65 0 10 1.514855
0 72 88 80 0 11 1.454793
0 89 113 101 0 12 1.396893
0 114 155 135 0 13 1.333276
0 156 254 205 0 14 1.262146
0 255 255 255 0 15 1.231529
1 0 0 0 1 0 1.000000   # ieta [6, 7, 8, 9], pt 0
1 1 19 10 1 1 2.080194
1 20 20 20 1 2 1.997768
1 21 21 21 1 3 1.973414
1 22 25 24 1 4 1.927862
1 26 29 28 1 5 1.868347
1 30 34 32 1 6 1.809996
1 35 40 38 1 7 1.740894
1 41 48 45 1 8 1.672303
1 49 58 54 1 9 1.611113
1 59 71 65 1 10 1.543972
1 72 88 80 1 11 1.478977
1 89 113 101 1 12 1.416668
1 114 155 135 1 13 1.350643
1 156 254 205 1 14 1.275157
1 255 255 255 1 15 1.242720
2 0 0 0 2 0 1.000000   # ieta [10, 11, 12, 13], pt 0
2 1 19 10 2 1 2.161291
2 20 20 20 2 2 2.083650
2 21 21 21 2 3 2.061313
2 22 25 24 2 4 2.012412
2 26 29 28 2 5 1.947654
2 30 34 32 2 6 1.879153
2 35 40 38 2 7 1.805177
2 41 48 45 2 8 1.727236
2 49 58 54 2 9 1.659456
2 59 71 65 2 10 1.588340
2 72 88 80 2 11 1.519267
2 89 113 101 2 12 1.453077
2 114 155 135 2 13 1.379925
2 156 254 205 2 14 1.297887
2 255 255 255 2 15 1.264653
3 0 0 0 3 0 1.000000   # ieta [14, 15], pt 0
3 1 19 10 3 1 2.346796
3 20 20 20 3 2 2.262600
3 21 21 21 3 3 2.230098
3 22 25 24 3 4 2.171075
3 26 29 28 3 5 2.092404
3 30 34 32 3 6 2.012015
3 35 40 38 3 7 1.934254
3 41 48 45 3 8 1.852285
3 49 58 54 3 9 1.764015
3 59 71 65 3 10 1.683271
3 72 88 80 3 11 1.603219
3 89 113 101 3 12 1.521555
3 114 155 135 3 13 1.439873
3 156 254 205 3 14 1.348224
3 255 255 255 3 15 1.311641
4 0 0 0 4 0 1.000000   # ieta [16, 17], pt 0
4 1 19 10 4 1 2.483606
4 20 20 20 4 2 2.380857
4 21 21 21 4 3 2.349639
4 22 25 24 4 4 2.291054
4 26 29 28 4 5 2.200067
4 30 34 32 4 6 2.117737
4 35 40 38 4 7 2.036517
4 41 48 45 4 8 1.960212
4 49 58 54 4 9 1.877551
4 59 71 65 4 10 1.793130
4 72 88 80 4 11 1.708214
4 89 113 101 4 12 1.622458
4 114 155 135 4 13 1.540473
4 156 254 205 4 14 1.446682
4 255 255 255 4 15 1.410536
5 0 0 0 5 0 1.000000   # ieta [18, 19], pt 0
5 1 19 10 5 1 2.388894
5 20 20 20 5 2 2.270372
5 21 21 21 5 3 2.238425
5 22 25 24 5 4 2.175899
5 26 29 28 5 5 2.087970
5 30 34 32 5 6 2.001545
5 35 40 38 5 7 1.919727
5 41 48 45 5 8 1.832801
5 49 58 54 5 9 1.742835
5 59 71 65 5 10 1.653798
5 72 88 80 5 11 1.574996
5 89 113 101 5 12 1.500411
5 114 155 135 5 13 1.411808
5 156 254 205 5 14 1.317513
5 255 255 255 5 15 1.274074
6 0 0 0 6 0 1.000000   # ieta [20, 21], pt 0
6 1 19 10 6 1 2.422678
6 20 20 20 6 2 2.276223
6 21 21 21 6 3 2.240795
6 22 25 24 6 4 2.171297
6 26 29 28 6 5 2.064675
6 30 34 32 6 6 1.970562
6 35 40 38 6 7 1.886744
6 41 48 45 6 8 1.797745
6 49 58 54 6 9 1.709858
6 59 71 65 6 10 1.628150
6 72 88 80 6 11 1.551894
6 89 113 101 6 12 1.478543
6 114 155 135 6 13 1.390558
6 156 254 205 6 14 1.297473
6 255 255 255 6 15 1.254604
7 0 0 0 7 0 1.000000   # ieta [22], pt 0
7 1 19 10 7 1 2.407200
7 20 20 20 7 2 2.244167
7 21 21 21 7 3 2.208164
7 22 25 24 7 4 2.130031
7 26 29 28 7 5 2.015884
7 30 34 32 7 6 1.925246
7 35 40 38 7 7 1.843207
7 41 48 45 7 8 1.763534
7 49 58 54 7 9 1.683544
7 59 71 65 7 10 1.608043
7 72 88 80 7 11 1.526204
7 89 113 101 7 12 1.444380
7 114 155 135 7 13 1.363374
7 156 254 205 7 14 1.273896
7 255 255 255 7 15 1.235945
8 0 0 0 8 0 1.000000   # ieta [23], pt 0
8 1 19 10 8 1 2.310251
8 20 20 20 8 2 2.156507
8 21 21 21 8 3 2.125198
8 22 25 24 8 4 2.054716
8 26 29 28 8 5 1.954400
8 30 34 32 8 6 1.862942
8 35 40 38 8 7 1.789722
8 41 48 45 8 8 1.716213
8 49 58 54 8 9 1.634928
8 59 71 65 8 10 1.554793
8 72 88 80 8 11 1.479900
8 89 113 101 8 12 1.403566
8 114 155 135 8 13 1.334578
8 156 254 205 8 14 1.250132
8 255 255 255 8 15 1.215415
9 0 0 0 9 0 1.000000   # ieta [24], pt 0
9 1 19 10 9 1 1.976534
9 20 20 20 9 2 1.852129
9 21 21 21 9 3 1.822164
9 22 25 24 9 4 1.771250
9 26 29 28 9 5 1.720962
9 30 34 32 9 6 1.664973
9 35 40 38 9 7 1.619704
9 41 48 45 9 8 1.571879
9 49 58 54 9 9 1.504925
9 59 71 65 9 10 1.447077
9 72 88 80 9 11 1.389479
9 89 113 101 9 12 1.335208
9 114 155 135 9 13 1.281882
9 156 254 205 9 14 1.209176
9 255 255 255 9 15 1.177954
10 0 0 0 10 0 1.000000   # ieta [25], pt 0
10 1 19 10 10 1 1.947798
10 20 20 20 10 2 1.826872
10 21 21 21 10 3 1.795320
10 22 25 24 10 4 1.748594
10 26 29 28 10 5 1.698209
10 30 34 32 10 6 1.646560
10 35 40 38 10 7 1.605171
10 41 48 45 10 8 1.554775
10 49 58 54 10 9 1.493512
10 59 71 65 10 10 1.436948
10 72 88 80 10 11 1.375963
10 89 113 101 10 12 1.318213
10 114 155 135 10 13 1.266636
10 156 254 205 10 14 1.198225
10 255 255 255 10 15 1.170476
11 0 0 0 11 0 1.000000   # ieta [26], pt 0
11 1 19 10 11 1 1.946438
11 20 20 20 11 2 1.817526
11 21 21 21 11 3 1.787757
11 22 25 24 11 4 1.739450
11 26 29 28 11 5 1.687090
11 30 34 32 11 6 1.635214
11 35 40 38 11 7 1.587412
11 41 48 45 11 8 1.524940
11 49 58 54 11 9 1.464248
11 59 71 65 11 10 1.407699
11 72 88 80 11 11 1.354107
11 89 113 101 11 12 1.290962
11 114 155 135 11 13 1.234457
11 156 254 205 11 14 1.170663
11 255 255 255 11 15 1.145246
12 0 0 0 12 0 1.000000   # ieta [27, 28], pt 0
12 1 19 10 12 1 1.908911
12 20 20 20 12 2 1.718324
12 21 21 21 12 3 1.688674
12 22 25 24 12 4 1.636735
12 26 29 28 12 5 1.584833
12 30 34 32 12 6 1.545429
12 35 40 38 12 7 1.504141
12 41 48 45 12 8 1.456490
12 49 58 54 12 9 1.395908
12 59 71 65 12 10 1.340123
12 72 88 80 12 11 1.285104
12 89 113 101 12 12 1.217535
12 114 155 135 12 13 1.157966
12 156 254 205 12 14 1.101321
12 255 255 255 12 15 1.077115
13 0 0 0 13 0 1.000000   # ieta [29, 30, 31], pt 0
13 1 19 10 13 1 1.321158
13 20 20 20 13 2 1.163396
13 21 21 21 13 3 1.129312
13 22 25 24 13 4 1.092556
13 26 29 28 13 5 1.082022
13 30 34 32 13 6 1.070003
13 35 40 38 13 7 1.056637
13 41 48 45 13 8 1.053435
13 49 58 54 13 9 1.047347
13 59 71 65 13 10 1.045512
13 72 88 80 13 11 1.041957
13 89 113 101 13 12 1.025444
13 114 155 135 13 13 1.006955
13 156 254 205 13 14 0.987859
13 255 255 255 13 15 0.975168
14 0 0 0 14 0 1.000000   # ieta [32, 33, 34, 35], pt 0
14 1 19 10 14 1 1.179628
14 20 20 20 14 2 1.042580
14 21 21 21 14 3 1.015815
14 22 25 24 14 4 0.978840
14 26 29 28 14 5 0.946108
14 30 34 32 14 6 0.918756
14 35 40 38 14 7 0.896502
14 41 48 45 14 8 0.895851
14 49 58 54 14 9 0.897676
14 59 71 65 14 10 0.902392
14 72 88 80 14 11 0.903266
14 89 113 101 14 12 0.900110
14 114 155 135 14 13 0.888350
14 156 254 205 14 14 0.875120
14 255 255 255 14 15 0.881614
15 0 0 0 15 0 1.000000   # ieta [36, 37, 38, 39, 40], pt 0
15 1 19 10 15 1 1.361290
15 20 20 20 15 2 1.194472
15 21 21 21 15 3 1.164158
15 22 25 24 15 4 1.113248
15 26 29 28 15 5 1.058262
15 30 34 32 15 6 1.014033
15 35 40 38 15 7 0.971078
15 41 48 45 15 8 0.949332
15 49 58 54 15 9 0.938758
15 59 71 65 15 10 0.927472
15 72 88 80 15 11 0.920086
15 89 113 101 15 12 0.913415
15 114 155 135 15 13 0.895937
15 156 254 205 15 14 0.876115
15 255 255 255 15 15 0.883966
