0 512  # eta_bin 0, pt 0
1 2001
2 2001
3 977
4 977
5 977
6 2001
7 2001
8 2001
9 977
10 977
11 2001
12 2001
13 2001
14 977
15 977
16 964
17 1981
18 953
19 1973
20 1970
21 943
22 1962
23 1957
24 928
25 923
26 918
27 913
28 908
29 902
30 896
31 1915
32 1910
33 1905
34 875
35 871
36 1890
37 1886
38 858
39 854
40 1874
41 845
42 1865
43 1860
44 832
45 1852
46 824
47 1844
48 817
49 1838
50 810
51 1831
52 804
53 1825
54 798
55 1819
56 792
57 1812
58 1809
59 782
60 1803
61 777
62 1798
63 1796
64 1794
65 1791
66 765
67 1787
68 761
69 1783
70 758
71 1780
72 754
73 1776
74 1774
75 748
76 1770
77 1768
78 743
79 1765
80 740
81 1762
82 737
83 735
84 1757
85 1755
86 730
87 1752
88 1750
89 725
90 723
91 1746
92 1744
93 719
94 1742
95 717
96 715
97 1738
98 1737
99 712
100 1735
101 710
102 1733
103 1732
104 707
105 1730
106 1729
107 704
108 1727
109 1726
110 701
111 1724
112 1723
113 698
114 697
115 1720
116 1719
117 1718
118 1718
119 693
120 692
121 1715
122 1714
123 689
124 1712
125 1711
126 1710
127 686
128 1709
129 1708
130 1707
131 1706
132 681
133 1704
134 1703
135 679
136 1702
137 1702
138 1701
139 1700
140 1700
141 1698
142 1698
143 1697
144 672
145 671
146 1694
147 1694
148 1693
149 669
150 1692
151 668
152 667
153 1691
154 1690
155 1689
156 665
157 1688
158 1688
159 1687
160 1687
161 1686
162 1686
163 1685
164 1685
165 1684
166 1683
167 1683
168 1683
169 1682
170 1682
171 1681
172 1681
173 1680
174 1680
175 656
176 1679
177 1679
178 1678
179 1678
180 1678
181 1677
182 653
183 1676
184 1676
185 1676
186 1676
187 652
188 1675
189 1675
190 1674
191 1674
192 1673
193 1673
194 1673
195 649
196 1672
197 1672
198 648
199 1671
200 1671
201 1670
202 1670
203 646
204 1670
205 1669
206 1669
207 1669
208 1668
209 2691
210 1667
211 2691
212 1667
213 1666
214 1666
215 1665
216 1665
217 1665
218 1665
219 1664
220 1664
221 1664
222 640
223 1663
224 1663
225 1663
226 639
227 2686
228 1662
229 1662
230 638
231 2685
232 1661
233 1661
234 637
235 1661
236 1661
237 1661
238 1660
239 1660
240 1660
241 1660
242 636
243 1659
244 1659
245 1659
246 1659
247 1659
248 635
249 1659
250 1658
251 2682
252 1658
253 2682
254 1658
255 2682
16 512  # eta_bin 1, pt 0
17 2001
18 2001
19 977
20 977
21 977
22 2001
23 2001
24 2001
25 977
26 977
27 2001
28 2001
29 2001
30 977
31 977
16 964
17 1981
18 953
19 1974
20 1971
21 943
22 1962
23 1958
24 928
25 923
26 919
27 914
28 908
29 902
30 896
31 1915
48 1910
49 1905
50 876
51 871
52 1891
53 1886
54 1883
55 854
56 1874
57 846
58 1865
59 1861
60 833
61 1853
62 825
63 1845
48 817
49 1838
50 811
51 1831
52 804
53 1825
54 798
55 1819
56 792
57 1813
58 1809
59 782
60 1803
61 777
62 1798
63 1796
80 1794
81 768
82 766
83 1787
84 761
85 1784
86 758
87 1780
88 755
89 1776
90 1774
91 748
92 1770
93 1768
94 743
95 1765
80 740
81 1763
82 737
83 1759
84 1757
85 732
86 730
87 1752
88 1750
89 725
90 1748
91 1746
92 721
93 1744
94 1742
95 717
112 1740
113 1738
114 1737
115 1736
116 1735
117 710
118 1733
119 709
120 1731
121 1730
122 1729
123 1728
124 1727
125 1726
126 701
127 1724
112 1723
113 698
114 1721
115 1720
116 1719
117 1719
118 1718
119 693
120 1716
121 1715
122 1714
123 689
124 1712
125 1712
126 687
127 1710
144 1709
145 1708
146 1707
147 1706
148 1705
149 1704
150 1704
151 679
152 1703
153 1702
154 1702
155 1701
156 1700
157 1699
158 1698
159 1697
144 672
145 1695
146 1695
147 1694
148 1693
149 1693
150 1693
151 668
152 1692
153 1691
154 667
155 666
156 1689
157 1688
158 1688
159 664
176 1687
177 1687
178 1686
179 1686
180 1685
181 1684
182 1684
183 1683
184 1683
185 659
186 1682
187 1682
188 1681
189 1681
190 1680
191 1680
176 1679
177 1679
178 1679
179 1679
180 1678
181 1678
182 1677
183 1677
184 653
185 1676
186 1676
187 1676
188 1676
189 1675
190 1674
191 1674
208 1674
209 1673
210 1673
211 1673
212 1673
213 1672
214 648
215 2695
216 1671
217 1670
218 1670
219 1670
220 1670
221 646
222 1669
223 1669
208 1668
209 1668
210 644
211 1668
212 1667
213 1667
214 1666
215 642
216 1666
217 1665
218 1665
219 1665
220 1665
221 1664
222 640
223 1664
240 640
241 1663
242 1663
243 1663
244 1662
245 1662
246 1662
247 1662
248 1661
249 1661
250 1661
251 1661
252 1661
253 1661
254 637
255 2684
240 1660
241 1660
242 1660
243 2683
244 1659
245 1659
246 1659
247 1659
248 1659
249 1659
250 635
251 1659
252 635
253 1659
254 635
255 1659
32 512  # eta_bin 2, pt 0
33 2009
34 2009
35 2009
36 985
37 985
38 985
39 2009
40 2009
41 2009
42 985
43 985
44 985
45 985
46 2009
47 2009
48 1997
49 966
50 1985
51 958
52 1979
53 951
54 946
55 1965
56 1960
57 1955
58 926
59 921
60 915
61 1933
62 1928
63 1922
32 1917
33 1912
34 882
35 878
36 1897
37 1893
38 865
39 861
40 1880
41 852
42 1871
43 1867
44 839
45 1858
46 830
47 1850
48 823
49 1844
50 1840
51 1837
52 1834
53 807
54 1828
55 801
56 1821
57 1818
58 791
59 1811
60 1809
61 1806
62 1804
63 777
96 1799
97 773
98 1794
99 768
100 1790
101 1788
102 1787
103 761
104 1783
105 1781
106 755
107 1776
108 1774
109 749
110 1771
111 746
112 1768
113 743
114 1765
115 1763
116 738
117 1760
118 1758
119 1756
120 731
121 1753
122 1752
123 726
124 1749
125 724
126 722
127 1745
96 720
97 718
98 1741
99 1740
100 715
101 1738
102 713
103 1736
104 1735
105 710
106 1733
107 1732
108 707
109 1730
110 1729
111 1727
112 1726
113 1725
114 1724
115 699
116 1723
117 698
118 1721
119 1720
120 1719
121 694
122 1717
123 1717
124 692
125 1715
126 1714
127 1713
160 688
161 1711
162 1710
163 1709
164 1708
165 1707
166 1707
167 1706
168 1705
169 1705
170 1704
171 680
172 1703
173 1702
174 1701
175 1700
176 1699
177 1698
178 674
179 1697
180 1696
181 672
182 1695
183 1695
184 1694
185 1694
186 1693
187 669
188 668
189 1691
190 1691
191 1690
160 666
161 1689
162 1689
163 665
164 1688
165 1687
166 1687
167 1686
168 1686
169 662
170 1685
171 1685
172 1684
173 660
174 2707
175 1683
176 1682
177 1682
178 1682
179 658
180 1681
181 1681
182 1680
183 1680
184 1680
185 656
186 2703
187 1679
188 655
189 1678
190 1678
191 1677
224 1677
225 1676
226 1676
227 1676
228 652
229 2699
230 1675
231 1674
232 1674
233 1673
234 1673
235 1673
236 649
237 1673
238 1672
239 1672
240 1671
241 647
242 1671
243 1670
244 1670
245 1669
246 1669
247 1669
248 1668
249 1668
250 1668
251 1668
252 1667
253 643
254 1667
255 1666
224 1666
225 1666
226 1666
227 1665
228 1665
229 641
230 1665
231 1664
232 640
233 1664
234 1663
235 1663
236 640
237 1664
238 1663
239 1663
240 639
241 2686
242 1662
243 1662
244 638
245 1662
246 638
247 1662
248 1661
249 1661
250 1661
251 1661
252 1661
253 1661
254 1661
255 1661
48 512  # eta_bin 3, pt 0
49 2018
50 2018
51 2018
52 2018
53 994
54 994
55 994
56 994
57 2018
58 2018
59 2018
60 2018
61 2018
62 994
63 994
48 982
49 1999
50 971
51 1991
52 964
53 1984
54 956
55 951
56 1969
57 1964
58 1959
59 1953
60 1947
61 1941
62 1935
63 1929
48 1924
49 894
50 889
51 1908
52 1903
53 875
54 870
55 1889
56 1885
57 856
58 1875
59 847
60 1867
61 838
62 1858
63 830
48 1850
49 1847
50 820
51 1840
52 813
53 1834
54 807
55 1828
56 801
57 1821
58 1818
59 791
60 1812
61 786
62 1807
63 781
112 1803
113 776
114 1798
115 1795
116 769
117 768
118 1790
119 1788
120 1786
121 1784
122 758
123 1780
124 1778
125 752
126 1774
127 749
112 1771
113 746
114 1768
115 1766
116 1764
117 739
118 1761
119 1759
120 1757
121 1756
122 1754
123 729
124 1751
125 1750
126 725
127 1747
112 1746
113 721
114 1743
115 1742
116 717
117 1740
118 1739
119 1739
120 1737
121 712
122 1735
123 1734
124 709
125 1732
126 1731
127 706
112 1729
113 1728
114 703
115 702
116 1725
117 1724
118 1724
119 1723
120 698
121 1721
122 1720
123 1719
124 694
125 1717
126 1716
127 1715
176 1715
177 1714
178 1713
179 688
180 687
181 1710
182 1709
183 1708
184 1708
185 1707
186 683
187 1706
188 1705
189 1704
190 1703
191 1702
176 1701
177 1700
178 1700
179 1699
180 1698
181 674
182 1697
183 1697
184 1697
185 1696
186 1695
187 671
188 1694
189 1693
190 1693
191 1692
176 1692
177 1691
178 667
179 1691
180 1690
181 1689
182 665
183 1688
184 1688
185 1687
186 1687
187 1687
188 1686
189 662
190 1685
191 1684
176 1684
177 660
178 1683
179 1683
180 1683
181 1682
182 1682
183 1681
184 1681
185 1681
186 1681
187 1681
188 1680
189 656
190 1679
191 1679
240 1678
241 654
242 1678
243 654
244 1677
245 1677
246 1676
247 1676
248 1675
249 651
250 2698
251 1674
252 1674
253 1674
254 650
255 1673
240 1672
241 648
242 1672
243 648
244 1671
245 1671
246 1670
247 1670
248 646
249 2693
250 1669
251 1669
252 645
253 2692
254 1668
255 1668
240 1667
241 1667
242 1667
243 1666
244 1666
245 642
246 1666
247 1665
248 1665
249 1665
250 1664
251 1664
252 1665
253 1664
254 1664
255 1664
240 640
241 1663
242 1663
243 1663
244 1662
245 1663
246 639
247 1662
248 1662
249 1662
250 1662
251 1662
252 1662
253 1662
254 1662
255 1662
64 512  # eta_bin 4, pt 0
65 2031
66 2031
67 2031
68 2031
69 2031
70 2031
71 2031
72 1007
73 1007
74 1007
75 1007
76 1007
77 1007
78 1007
79 1007
80 995
81 2012
82 984
83 2004
84 977
85 1997
86 968
87 1987
88 1981
89 1975
90 1969
91 939
92 1956
93 1949
94 1943
95 1937
96 907
97 902
98 896
99 1915
100 1910
101 881
102 876
103 1895
104 866
105 1885
106 1880
107 852
108 1871
109 843
110 1863
111 834
112 1855
113 827
114 1848
115 1844
116 1841
117 1838
118 811
119 1832
120 805
121 1825
122 1822
123 795
124 1816
125 790
126 1811
127 785
64 1806
65 780
66 1801
67 1799
68 773
69 1795
70 769
71 768
72 766
73 1788
74 1785
75 1783
76 1781
77 756
78 1778
79 752
80 1775
81 1773
82 1771
83 1769
84 744
85 742
86 1764
87 1762
88 736
89 1759
90 1757
91 732
92 1754
93 1753
94 728
95 1750
96 1749
97 724
98 1746
99 1745
100 720
101 1743
102 718
103 1741
104 1740
105 1739
106 1738
107 713
108 712
109 1735
110 710
111 709
112 1731
113 1730
114 1729
115 1728
116 704
117 703
118 1726
119 1725
120 700
121 1723
122 1722
123 1721
124 1721
125 1720
126 695
127 694
192 1717
193 1716
194 1715
195 690
196 1713
197 1712
198 1711
199 687
200 1710
201 686
202 1709
203 1708
204 1707
205 1706
206 1705
207 1704
208 1704
209 1703
210 1702
211 1701
212 677
213 1700
214 676
215 1699
216 1699
217 1698
218 674
219 1697
220 1696
221 1695
222 671
223 1694
224 1694
225 1693
226 1693
227 1692
228 1692
229 1691
230 1690
231 1690
232 1689
233 665
234 2712
235 1688
236 1687
237 663
238 1686
239 1686
240 1685
241 661
242 1684
243 1684
244 660
245 1683
246 1683
247 1682
248 2706
249 1682
250 658
251 1682
252 1681
253 657
254 1680
255 1680
192 1679
193 1679
194 1679
195 1679
196 1678
197 1678
198 1677
199 1677
200 1676
201 1676
202 1675
203 1675
204 1675
205 1675
206 1675
207 1674
208 1673
209 1673
210 1673
211 1673
212 1672
213 648
214 1671
215 1671
216 1671
217 1670
218 1670
219 1670
220 1669
221 1669
222 1669
223 1669
224 1668
225 1668
226 1668
227 1667
228 1667
229 643
230 1667
231 1666
232 1666
233 642
234 2689
235 1665
236 1666
237 1665
238 1665
239 1665
240 1664
241 1664
242 1664
243 1664
244 1663
245 1663
246 1663
247 1663
248 1663
249 1663
250 639
251 1663
252 639
253 1663
254 639
255 1663
80 512  # eta_bin 5, pt 0
81 2039
82 2039
83 2039
84 2039
85 2039
86 2039
87 2039
88 2039
89 2039
90 2039
91 2039
92 2039
93 2039
94 2039
95 1015
80 2027
81 996
82 2015
83 987
84 2008
85 981
86 2000
87 971
88 965
89 1982
90 1976
91 1970
92 1963
93 1956
94 925
95 919
112 913
113 1931
114 1925
115 1920
116 891
117 886
118 1905
119 1900
120 871
121 1890
122 861
123 1881
124 1876
125 848
126 1867
127 839
112 1859
113 832
114 1852
115 825
116 1845
117 1842
118 1839
119 1836
120 1833
121 806
122 1826
123 799
124 1820
125 794
126 1815
127 1812
80 1810
81 1807
82 781
83 1802
84 776
85 1798
86 772
87 1795
88 769
89 1790
90 1788
91 762
92 1784
93 1782
94 1781
95 1779
80 1778
81 1776
82 750
83 1772
84 1770
85 744
86 1766
87 1765
88 739
89 737
90 1760
91 1758
92 733
93 1755
94 730
95 1753
112 1751
113 726
114 1748
115 1747
116 722
117 1745
118 1744
119 1743
120 1742
121 717
122 1740
123 1739
124 714
125 1737
126 1735
127 1734
112 709
113 1732
114 1731
115 706
116 1729
117 1728
118 1728
119 1727
120 702
121 701
122 1724
123 1723
124 698
125 1721
126 1720
127 1719
208 694
209 1717
210 1716
211 1715
212 1714
213 1713
214 1713
215 1712
216 1711
217 1711
218 1710
219 1709
220 1709
221 1707
222 1706
223 1706
208 681
209 680
210 679
211 1702
212 1702
213 677
214 1701
215 1700
216 676
217 1699
218 1698
219 674
220 673
221 1696
222 1696
223 1695
240 671
241 1694
242 1694
243 1693
244 1693
245 1692
246 1691
247 1690
248 666
249 1689
250 1689
251 1688
252 664
253 1687
254 1687
255 1686
240 662
241 661
242 1685
243 661
244 1684
245 1684
246 1683
247 659
248 1683
249 659
250 1682
251 1682
252 658
253 1681
254 1681
255 1680
208 656
209 1679
210 1679
211 1679
212 1679
213 1678
214 1678
215 1677
216 653
217 1676
218 1676
219 652
220 1675
221 1675
222 1675
223 1674
208 650
209 1673
210 1673
211 1673
212 1672
213 1672
214 2695
215 1671
216 1671
217 1671
218 1670
219 1670
220 646
221 2693
222 1669
223 1669
240 645
241 1668
242 1668
243 644
244 1667
245 643
246 1667
247 1666
248 1666
249 1666
250 1666
251 642
252 1666
253 642
254 2689
255 1665
240 1665
241 1664
242 1664
243 1664
244 1663
245 1664
246 1663
247 1663
248 1663
249 1663
250 639
251 1663
252 639
253 1663
254 639
255 1663
96 512  # eta_bin 6, pt 0
97 2040
98 2040
99 2040
100 2040
101 2040
102 2040
103 2040
104 2040
105 2040
106 2040
107 2040
108 2040
109 2040
110 2040
111 2040
112 2028
113 997
114 2016
115 989
116 986
117 2006
118 2001
119 972
120 1990
121 1984
122 1978
123 1971
124 1965
125 1958
126 1951
127 1945
96 915
97 909
98 1927
99 1922
100 1917
101 888
102 883
103 1902
104 1897
105 868
106 1887
107 859
108 1878
109 850
110 846
111 1865
112 1861
113 1858
114 830
115 1851
116 823
117 1844
118 817
119 1838
120 811
121 1831
122 804
123 1825
124 798
125 1819
126 793
127 1814
96 788
97 785
98 1807
99 780
100 1802
101 776
102 1798
103 772
104 1795
105 768
106 1790
107 1788
108 762
109 1784
110 1782
111 1781
112 1779
113 1778
114 1776
115 750
116 1772
117 1770
118 1768
119 742
120 1764
121 1763
122 737
123 1760
124 1758
125 733
126 1755
127 1754
96 729
97 1751
98 1750
99 725
100 1748
101 723
102 1746
103 721
104 1744
105 1742
106 1741
107 716
108 1739
109 714
110 713
111 1736
112 1734
113 1733
114 1732
115 1731
116 1730
117 1730
118 1729
119 704
120 1727
121 1726
122 701
123 1724
124 1723
125 1722
126 697
127 1720
224 1719
225 1718
226 1717
227 1716
228 1715
229 1714
230 1713
231 689
232 1712
233 688
234 1711
235 1710
236 1709
237 1708
238 1707
239 1706
240 1705
241 1705
242 1704
243 1703
244 1702
245 1702
246 1701
247 1701
248 1700
249 676
250 675
251 1698
252 1698
253 1697
254 1696
255 1696
224 1695
225 1695
226 2718
227 1694
228 1693
229 1692
230 668
231 667
232 1691
233 1690
234 666
235 1689
236 1689
237 1688
238 1687
239 663
240 1686
241 1686
242 1685
243 1685
244 1685
245 1684
246 660
247 1683
248 1683
249 1683
250 1683
251 659
252 1682
253 1682
254 1681
255 657
224 656
225 1680
226 656
227 2703
228 1679
229 655
230 1678
231 654
232 1677
233 1677
234 1676
235 1676
236 1676
237 652
238 2699
239 1675
240 1674
241 1674
242 650
243 2697
244 1673
245 1672
246 1672
247 648
248 2695
249 1671
250 1671
251 647
252 1670
253 1670
254 646
255 2693
224 1669
225 1669
226 1668
227 1668
228 1668
229 1667
230 1667
231 1667
232 2690
233 1666
234 1666
235 1666
236 1666
237 1666
238 1666
239 1665
240 1665
241 1665
242 1665
243 1664
244 640
245 1664
246 640
247 1664
248 640
249 1664
250 1663
251 1663
252 1663
253 1663
254 1663
255 1663
112 512  # eta_bin 7, pt 0
113 2044
114 2044
115 2044
116 2044
117 2044
118 2044
119 2044
120 2044
121 2044
122 2044
123 2044
124 2044
125 2044
126 2044
127 2044
112 1008
113 1001
114 996
115 2016
116 989
117 2010
118 981
119 2000
120 1994
121 963
122 957
123 951
124 945
125 938
126 931
127 925
112 1943
113 1937
114 1931
115 902
116 897
117 1916
118 1911
119 882
120 877
121 1896
122 867
123 1886
124 858
125 1877
126 1873
127 1868
112 1864
113 837
114 1857
115 829
116 1850
117 823
118 1844
119 1841
120 1837
121 810
122 1831
123 803
124 1825
125 798
126 1819
127 1816
112 1814
113 1811
114 785
115 1806
116 780
117 1802
118 776
119 1799
120 773
121 1794
122 768
123 1790
124 1788
125 762
126 1784
127 759
112 1781
113 756
114 1778
115 1776
116 750
117 1772
118 1770
119 1768
120 742
121 1764
122 1763
123 1761
124 1760
125 1758
126 733
127 1756
112 1754
113 729
114 1751
115 1750
116 725
117 1748
118 723
119 1746
120 1744
121 1743
122 1742
123 1741
124 716
125 1739
126 1738
127 1736
112 711
113 1734
114 1733
115 708
116 1731
117 1730
118 706
119 1729
120 704
121 703
122 1726
123 1725
124 700
125 699
126 1722
127 1721
240 696
241 1719
242 1718
243 1717
244 1716
245 1715
246 1714
247 1713
248 689
249 1712
250 1712
251 687
252 686
253 1709
254 1708
255 1707
240 1706
241 1705
242 1704
243 1704
244 1703
245 1702
246 1702
247 1702
248 1701
249 1701
250 1700
251 1699
252 1698
253 674
254 1697
255 1697
240 672
241 2719
242 1695
243 1694
244 670
245 669
246 1692
247 1691
248 1691
249 1690
250 1690
251 1689
252 1689
253 1688
254 664
255 1687
240 1686
241 1686
242 662
243 1685
244 1685
245 1684
246 660
247 1684
248 660
249 1683
250 1683
251 1683
252 1682
253 1682
254 1681
255 657
240 1680
241 1680
242 656
243 1680
244 1679
245 655
246 2702
247 1678
248 1677
249 1677
250 1676
251 1676
252 1676
253 652
254 1676
255 1675
240 1674
241 1674
242 650
243 1674
244 1673
245 1673
246 1672
247 648
248 1672
249 1671
250 1671
251 1671
252 1670
253 1670
254 646
255 2693
240 1669
241 1669
242 1669
243 1668
244 1668
245 1667
246 1667
247 1667
248 1667
249 1666
250 1666
251 1666
252 2690
253 1666
254 1666
255 1665
240 2689
241 1665
242 1665
243 1664
244 1664
245 1664
246 1664
247 1664
248 640
249 1664
250 640
251 1664
252 640
253 1664
254 640
255 1664
128 512  # eta_bin 8, pt 0
129 2047
130 2047
131 2047
132 2047
133 2047
134 2047
135 2047
136 2047
137 2047
138 2047
139 2047
140 2047
141 2047
142 2047
143 2047
144 1015
145 2032
146 2027
147 999
148 2020
149 992
150 2011
151 982
152 2000
153 1993
154 1987
155 1981
156 1974
157 1967
158 1960
159 1954
160 923
161 917
162 1934
163 1929
164 1924
165 895
166 890
167 1909
168 879
169 1898
170 1893
171 864
172 1884
173 856
174 1875
175 1871
176 843
177 1863
178 836
179 1856
180 828
181 1849
182 1846
183 1843
184 815
185 1836
186 809
187 1829
188 803
189 1824
190 797
191 1818
192 792
193 789
194 1810
195 784
196 1806
197 780
198 1802
199 776
200 1798
201 772
202 1794
203 768
204 765
205 1788
206 762
207 1784
208 759
209 1781
210 1779
211 753
212 1775
213 1773
214 1771
215 745
216 1767
217 1766
218 740
219 1762
220 1761
221 736
222 1758
223 733
224 731
225 1754
226 1752
227 727
228 1749
229 1748
230 723
231 1746
232 1745
233 1744
234 1743
235 718
236 716
237 1739
238 1738
239 713
240 1736
241 1735
242 710
243 1733
244 1732
245 707
246 1730
247 1729
248 704
249 1727
250 1726
251 1725
252 1724
253 1724
254 699
255 698
128 1721
129 1720
130 1719
131 694
132 693
133 1716
134 1715
135 1714
136 1713
137 1713
138 1712
139 1712
140 1711
141 1710
142 1709
143 684
144 683
145 682
146 1705
147 1704
148 680
149 679
150 1703
151 1702
152 1702
153 1701
154 1700
155 676
156 1699
157 1698
158 1698
159 1697
160 1697
161 1696
162 672
163 1695
164 1694
165 1693
166 1693
167 1692
168 1691
169 1691
170 1690
171 1690
172 1689
173 1689
174 1688
175 1687
176 1687
177 1686
178 1686
179 1686
180 1685
181 1685
182 1684
183 1684
184 1684
185 1684
186 1683
187 1683
188 1683
189 1682
190 1682
191 1681
192 1681
193 1680
194 1680
195 1680
196 656
197 1679
198 1679
199 1678
200 1678
201 1677
202 653
203 1677
204 1676
205 1676
206 1676
207 1675
208 1675
209 1674
210 1674
211 1674
212 1673
213 1673
214 1673
215 1672
216 1672
217 648
218 2695
219 1671
220 647
221 1670
222 1670
223 1670
224 646
225 2693
226 1669
227 1669
228 1668
229 644
230 1668
231 1667
232 1667
233 643
234 1667
235 643
236 1667
237 643
238 1666
239 1666
240 1666
241 1665
242 2689
243 1665
244 1664
245 1664
246 1664
247 1664
248 1664
249 1664
250 640
251 1664
252 640
253 1664
254 640
255 1664
144 512  # eta_bin 9, pt 0
145 2047
146 2047
147 2047
148 2047
149 2047
150 2047
151 2047
152 2047
153 2047
154 2047
155 2047
156 2047
157 2047
158 2047
159 2047
144 2042
145 1011
146 2029
147 1001
148 999
149 2019
150 991
151 2010
152 2004
153 974
154 968
155 1986
156 1980
157 1974
158 1967
159 1961
176 931
177 924
178 1941
179 1936
180 1930
181 901
182 897
183 1915
184 1910
185 881
186 1900
187 871
188 867
189 1886
190 858
191 1877
176 849
177 1869
178 842
179 1862
180 834
181 1854
182 1851
183 824
184 1845
185 1841
186 1838
187 1835
188 1832
189 1829
190 802
191 1824
208 797
209 1819
210 792
211 1813
212 787
213 1809
214 783
215 1806
216 780
217 1802
218 776
219 1797
220 1795
221 1794
222 768
223 1790
208 765
209 1787
210 1785
211 759
212 757
213 1779
214 1777
215 751
216 1773
217 1771
218 746
219 1768
220 743
221 741
222 1764
223 1762
240 736
241 1759
242 1757
243 732
244 730
245 1753
246 728
247 1751
248 1750
249 725
250 1748
251 1746
252 721
253 1744
254 1743
255 718
240 1741
241 1739
242 1738
243 1737
244 1736
245 712
246 1735
247 710
248 709
249 1732
250 1731
251 706
252 1729
253 1728
254 703
255 1726
144 1725
145 1724
146 1723
147 698
148 1721
149 1720
150 1719
151 1718
152 1717
153 1717
154 692
155 1715
156 1715
157 1713
158 1712
159 1711
144 1710
145 2733
146 1709
147 1708
148 1707
149 1706
150 1706
151 682
152 1705
153 681
154 680
155 679
156 1702
157 1701
158 1701
159 1700
176 1700
177 1699
178 675
179 674
180 1697
181 1696
182 1695
183 1695
184 1694
185 670
186 1693
187 1693
188 1692
189 1691
190 1691
191 1690
176 1690
177 1689
178 665
179 1688
180 1688
181 1687
182 663
183 1686
184 1686
185 1686
186 1686
187 2709
188 1685
189 1684
190 1684
191 1683
208 1683
209 1683
210 1682
211 1682
212 1682
213 1681
214 657
215 2704
216 1680
217 1679
218 1679
219 1679
220 1679
221 1678
222 1678
223 1677
208 1677
209 1676
210 1676
211 1676
212 1676
213 1675
214 651
215 1674
216 1674
217 1674
218 1673
219 1673
220 1673
221 1672
222 2696
223 1672
240 648
241 1671
242 1671
243 1671
244 1670
245 1670
246 1670
247 1669
248 1669
249 645
250 1668
251 1668
252 2692
253 1668
254 1668
255 644
240 2691
241 1667
242 1667
243 1666
244 1666
245 1666
246 2690
247 1666
248 1666
249 1666
250 1666
251 1666
252 1666
253 1666
254 1666
255 1666
160 512  # eta_bin 10, pt 0
161 2047
162 2047
163 2047
164 2047
165 2047
166 2047
167 2047
168 2047
169 2047
170 3071
171 3071
172 3071
173 3071
174 3071
175 3071
176 2047
177 2040
178 1010
179 2030
180 1003
181 1000
182 2019
183 2014
184 984
185 2002
186 1996
187 1990
188 961
189 954
190 948
191 1965
160 1958
161 1952
162 921
163 916
164 911
165 1930
166 1925
167 1920
168 891
169 1910
170 1905
171 877
172 873
173 1892
174 864
175 1883
176 855
177 852
178 1872
179 844
180 1864
181 836
182 1857
183 830
184 1851
185 823
186 1844
187 817
188 1838
189 811
190 1833
191 806
224 1827
225 800
226 1822
227 795
228 1817
229 791
230 1813
231 1812
232 786
233 1808
234 1805
235 779
236 1801
237 775
238 1798
239 772
240 1794
241 768
242 1790
243 1788
244 762
245 1784
246 1782
247 1780
248 754
249 1776
250 751
251 749
252 1771
253 746
254 1768
255 1767
224 1765
225 740
226 1762
227 1760
228 735
229 1758
230 733
231 1756
232 1755
233 1754
234 1753
235 728
236 1751
237 726
238 1749
239 1748
240 1746
241 1745
242 1744
243 1743
244 1742
245 1741
246 716
247 1738
248 713
249 1736
250 1735
251 710
252 1733
253 1732
254 1731
255 706
160 1729
161 1728
162 1727
163 702
164 1724
165 1723
166 1723
167 698
168 1721
169 697
170 696
171 1719
172 1718
173 1717
174 1716
175 1715
176 690
177 1713
178 1712
179 688
180 687
181 1710
182 1710
183 685
184 1709
185 1708
186 1707
187 1706
188 1706
189 1705
190 1704
191 1704
160 680
161 679
162 1703
163 1702
164 1701
165 1700
166 676
167 1699
168 1698
169 1698
170 1697
171 1697
172 1696
173 672
174 671
175 1694
176 1694
177 1693
178 669
179 1693
180 1692
181 1692
182 1691
183 1691
184 1691
185 1690
186 1690
187 1690
188 1689
189 1689
190 1688
191 1687
224 1687
225 1687
226 1686
227 1686
228 1686
229 1685
230 661
231 1684
232 1684
233 1683
234 1683
235 1683
236 1682
237 1682
238 1682
239 1681
240 1680
241 1680
242 656
243 1680
244 1679
245 1679
246 1678
247 1678
248 1678
249 1677
250 1677
251 1677
252 1676
253 1676
254 1676
255 1675
224 1675
225 1675
226 1675
227 1674
228 1674
229 1673
230 1673
231 1673
232 1672
233 1672
234 648
235 1672
236 648
237 2695
238 1671
239 647
240 1670
241 1670
242 1670
243 1669
244 1669
245 1669
246 1669
247 645
248 2692
249 1668
250 1668
251 1668
252 2692
253 1668
254 2692
255 1668
176 512  # eta_bin 11, pt 0
177 2047
178 2047
179 2047
180 3071
181 3071
182 3071
183 3071
184 3071
185 3071
186 3071
187 3071
188 4095
189 4095
190 4095
191 4095
176 3071
177 3071
178 3071
179 3071
180 2047
181 2047
182 2042
183 2036
184 1005
185 2022
186 2017
187 987
188 981
189 975
190 1992
191 962
176 955
177 948
178 1965
179 1959
180 1953
181 923
182 917
183 1935
184 1930
185 901
186 896
187 1915
188 1911
189 883
190 1902
191 874
176 870
177 1890
178 862
179 1882
180 1878
181 1874
182 1871
183 844
184 1865
185 1862
186 1858
187 1855
188 828
189 1849
190 1845
191 818
240 1839
241 812
242 1833
243 1830
244 1827
245 1825
246 1823
247 797
248 1819
249 793
250 1814
251 1812
252 785
253 1807
254 1805
255 1803
240 778
241 1800
242 1798
243 772
244 1794
245 768
246 1790
247 1788
248 1786
249 1785
250 1783
251 757
252 1780
253 1778
254 752
255 1775
240 1773
241 1772
242 1770
243 745
244 1768
245 743
246 1766
247 741
248 1764
249 739
250 1762
251 737
252 1760
253 1759
254 1758
255 1757
240 1755
241 730
242 1753
243 728
244 1751
245 1749
246 1748
247 723
248 1745
249 1744
250 1743
251 1742
252 1741
253 1740
254 1739
255 1738
176 1737
177 1736
178 711
179 1734
180 1733
181 1732
182 707
183 1730
184 706
185 1729
186 705
187 704
188 1727
189 1726
190 1725
191 700
176 699
177 1722
178 1721
179 1720
180 1719
181 1719
182 1718
183 694
184 1717
185 1716
186 1715
187 1714
188 1713
189 1712
190 1712
191 1711
176 1711
177 1710
178 686
179 1709
180 1708
181 1707
182 1707
183 1706
184 1705
185 1705
186 1704
187 1703
188 679
189 1702
190 1702
191 1701
176 1700
177 1700
178 1699
179 1699
180 1699
181 1698
182 1697
183 673
184 1696
185 1696
186 1695
187 671
188 1694
189 1694
190 1693
191 1692
240 668
241 2715
242 1691
243 667
244 1691
245 1690
246 666
247 1689
248 1688
249 1688
250 1687
251 1687
252 1687
253 1687
254 1686
255 1686
240 661
241 1685
242 1684
243 2708
244 1684
245 1683
246 1683
247 1682
248 1682
249 1682
250 1681
251 1681
252 1681
253 1680
254 1680
255 1680
240 1679
241 1679
242 655
243 1678
244 1678
245 1677
246 1677
247 1676
248 1676
249 652
250 1675
251 1675
252 1675
253 1675
254 1674
255 1674
240 1673
241 1673
242 1673
243 1672
244 1672
245 1671
246 1671
247 1671
248 1671
249 647
250 2694
251 1670
252 2694
253 1670
254 2694
255 1670
192 512  # eta_bin 12, pt 0
193 2047
194 3071
195 3071
196 3071
197 4095
198 4095
199 4095
200 5119
201 5119
202 5119
203 6143
204 6143
205 6143
206 7167
207 7167
208 7167
209 6143
210 6143
211 6143
212 5119
213 4095
214 4095
215 3071
216 2047
217 2046
218 1015
219 1009
220 2027
221 2021
222 992
223 985
224 979
225 971
226 964
227 1981
228 1975
229 1969
230 939
231 933
232 1951
233 1946
234 916
235 911
236 1931
237 1926
238 897
239 1916
240 1912
241 884
242 1904
243 1900
244 872
245 1892
246 865
247 862
248 1883
249 1880
250 852
251 1873
252 846
253 1867
254 839
255 1860
192 833
193 1854
194 827
195 1848
196 821
197 1843
198 1841
199 816
200 1838
201 1836
202 1833
203 1831
204 1829
205 1827
206 801
207 1823
208 798
209 1820
210 793
211 1815
212 1813
213 1811
214 1809
215 783
216 1805
217 1803
218 777
219 1799
220 774
221 1796
222 771
223 1793
224 1791
225 766
226 1788
227 1786
228 761
229 1783
230 758
231 756
232 754
233 1776
234 1774
235 749
236 747
237 1770
238 745
239 1768
240 1766
241 741
242 1764
243 1763
244 1761
245 1760
246 1759
247 1757
248 732
249 1755
250 1754
251 729
252 1752
253 1751
254 726
255 1749
192 724
193 723
194 1746
195 1745
196 720
197 1742
198 1742
199 717
200 1740
201 716
202 1739
203 1738
204 1737
205 712
206 1735
207 1734
208 1733
209 708
210 707
211 1730
212 1729
213 705
214 1728
215 1727
216 703
217 1726
218 1725
219 1723
220 1723
221 698
222 697
223 1720
224 1719
225 1718
226 694
227 1717
228 1716
229 1715
230 1714
231 1713
232 1712
233 688
234 1711
235 1710
236 1710
237 1709
238 1708
239 2731
240 1707
241 1706
242 1706
243 1706
244 1705
245 1704
246 1704
247 1703
248 679
249 2726
250 1702
251 1701
252 677
253 1700
254 2723
255 1699
192 1698
193 674
194 1698
195 1697
196 1697
197 1696
198 1696
199 1695
200 671
201 1694
202 1694
203 670
204 1693
205 1693
206 1693
207 1692
208 2715
209 1691
210 667
211 1691
212 1690
213 666
214 1689
215 1689
216 1688
217 1688
218 1688
219 1687
220 1687
221 663
222 1686
223 1686
224 662
225 2709
226 1685
227 1684
228 1684
229 1683
230 659
231 2706
232 1682
233 1682
234 1681
235 657
236 1681
237 657
238 1680
239 1680
240 1679
241 1679
242 1678
243 1678
244 1677
245 2701
246 1677
247 653
248 1677
249 1676
250 1676
251 1676
252 1676
253 1676
254 2700
255 1676
208 512  # eta_bin 13, pt 0
209 2047
210 3071
211 3071
212 4095
213 4095
214 5119
215 5119
216 6143
217 6143
218 7167
219 7167
220 8191
221 8191
222 9215
223 9215
208 9215
209 8191
210 8191
211 8191
212 7167
213 7167
214 7167
215 6143
216 5119
217 5119
218 4095
219 4095
220 3071
221 2047
222 1017
223 1010
240 1003
241 996
242 988
243 982
244 976
245 970
246 964
247 1982
248 1976
249 1971
250 941
251 936
252 931
253 1950
254 1945
255 916
240 1935
241 1931
242 903
243 1922
244 1918
245 890
246 887
247 1908
248 1904
249 877
250 1897
251 1894
252 1890
253 1887
254 860
255 1881
208 1878
209 851
210 1872
211 845
212 1867
213 1866
214 1864
215 1863
216 1861
217 835
218 1856
219 1853
220 1851
221 1848
222 1846
223 820
208 1842
209 816
210 1837
211 1835
212 809
213 1830
214 804
215 1826
216 800
217 1822
218 1820
219 794
220 1816
221 791
222 1813
223 787
240 1809
241 784
242 782
243 1804
244 1802
245 776
246 1798
247 1796
248 1794
249 768
250 766
251 1788
252 1787
253 761
254 1784
255 759
240 757
241 1780
242 1778
243 753
244 1776
245 1774
246 749
247 1771
248 1770
249 745
250 743
251 1766
252 1765
253 1764
254 1763
255 738
208 1761
209 1760
210 1758
211 1757
212 1756
213 1755
214 730
215 1753
216 1752
217 1752
218 1751
219 1750
220 1749
221 1748
222 1746
223 1745
208 1744
209 1743
210 1742
211 1741
212 2764
213 1740
214 1739
215 1738
216 1737
217 713
218 1735
219 1734
220 1733
221 1732
222 1731
223 707
240 706
241 1729
242 1728
243 704
244 703
245 702
246 2748
247 2747
248 1723
249 1722
250 1721
251 1720
252 2743
253 1719
254 1718
255 1717
240 1716
241 1715
242 1715
243 1714
244 690
245 689
246 688
247 1711
248 1711
249 1710
250 1710
251 1709
252 685
253 1708
254 2731
255 1707
208 1706
209 682
210 1706
211 1705
212 1705
213 1704
214 1704
215 1703
216 1703
217 1702
218 1702
219 1702
220 1701
221 1701
222 1701
223 1700
208 1699
209 675
210 1699
211 1698
212 674
213 2721
214 1697
215 1696
216 672
217 1696
218 1695
219 671
220 1695
221 1694
222 670
223 1693
240 1693
241 1692
242 1692
243 1691
244 1690
245 1690
246 666
247 665
248 1688
249 1688
250 1687
251 1687
252 1687
253 1687
254 1686
255 1685
240 1685
241 1684
242 1684
243 1683
244 659
245 2706
246 1682
247 1682
248 1681
249 1681
250 1681
251 657
252 1681
253 1681
254 1681
255 1681
224 512  # eta_bin 14, pt 0
225 3071
226 3071
227 4095
228 4095
229 5119
230 5119
231 6143
232 6143
233 7167
234 7167
235 8191
236 9215
237 9215
238 10239
239 10239
240 10239
241 10239
242 10239
243 10239
244 9215
245 9215
246 8191
247 8191
248 7167
249 7167
250 6143
251 5119
252 5119
253 4095
254 3071
255 2047
224 1018
225 1010
226 1003
227 996
228 989
229 983
230 977
231 1995
232 1989
233 1983
234 1977
235 948
236 943
237 1962
238 1957
239 928
240 923
241 1943
242 1938
243 910
244 906
245 1926
246 1922
247 895
248 892
249 1912
250 884
251 881
252 1901
253 874
254 1895
255 1891
224 864
225 1885
226 858
227 1879
228 1877
229 1875
230 849
231 1871
232 1869
233 842
234 1863
235 1860
236 1858
237 1855
238 1853
239 1850
240 1848
241 822
242 1844
243 1841
244 1839
245 1837
246 811
247 1832
248 806
249 1828
250 1826
251 1824
252 1822
253 1821
254 1819
255 1817
224 1815
225 790
226 1812
227 1810
228 784
229 1806
230 1803
231 1801
232 1799
233 773
234 1795
235 1793
236 768
237 1790
238 1789
239 764
240 1786
241 1785
242 1783
243 1782
244 757
245 755
246 1777
247 1776
248 1774
249 749
250 1772
251 1771
252 746
253 1768
254 1767
255 742
224 1765
225 1764
226 739
227 1762
228 1760
229 1759
230 1758
231 1757
232 1756
233 1756
234 731
235 1754
236 1753
237 1751
238 1750
239 1749
240 1748
241 1747
242 1746
243 721
244 720
245 1743
246 1742
247 1742
248 1741
249 1740
250 715
251 1737
252 1736
253 1735
254 1735
255 1734
224 709
225 1732
226 1731
227 707
228 706
229 1728
230 1727
231 2750
232 1726
233 1725
234 1724
235 1723
236 1722
237 1721
238 1720
239 1719
240 1719
241 1718
242 1717
243 1717
244 1716
245 1715
246 1714
247 690
248 1713
249 1713
250 1712
251 1711
252 1711
253 1710
254 1709
255 1708
224 684
225 1707
226 1707
227 1706
228 682
229 1705
230 1705
231 1704
232 680
233 1703
234 1703
235 1702
236 1702
237 1702
238 1702
239 1701
240 1700
241 1700
242 1699
243 1699
244 1699
245 1698
246 1698
247 1697
248 1697
249 1696
250 1696
251 1696
252 1695
253 1695
254 1694
255 1694
224 1693
225 1693
226 2716
227 1692
228 1691
229 1691
230 1690
231 1690
232 1689
233 665
234 1688
235 1688
236 664
237 1687
238 663
239 1686
240 1686
241 1685
242 1685
243 1684
244 1683
245 1683
246 659
247 2706
248 1682
249 658
250 1682
251 658
252 1682
253 658
254 1682
255 658
240 512  # eta_bin 15, pt 0
241 3071
242 3071
243 4095
244 5119
245 5119
246 6143
247 7167
248 7167
249 8191
250 9215
251 9215
252 10239
253 11263
254 12287
255 12287
240 12287
241 12287
242 12287
243 12287
244 11263
245 11263
246 11263
247 10239
248 10239
249 9215
250 9215
251 8191
252 7167
253 7167
254 6143
255 5119
240 4095
241 3071
242 2047
243 1018
244 1011
245 1005
246 998
247 992
248 986
249 2004
250 1998
251 1993
252 1988
253 1983
254 953
255 948
240 1967
241 1963
242 1958
243 929
244 1949
245 1945
246 1941
247 1938
248 911
249 1931
250 1928
251 1924
252 897
253 894
254 1914
255 887
240 884
241 1905
242 878
243 875
244 1896
245 1894
246 868
247 866
248 1887
249 860
250 858
251 1879
252 1876
253 1873
254 847
255 1868
240 842
241 1864
242 837
243 1859
244 832
245 1854
246 828
247 1849
248 1847
249 1845
250 1843
251 1841
252 1839
253 1837
254 1835
255 1833
240 1831
241 805
242 1828
243 1825
244 799
245 1821
246 1819
247 793
248 1814
249 1812
250 1810
251 1808
252 783
253 1805
254 780
255 1802
240 1801
241 775
242 1798
243 1796
244 1795
245 1794
246 768
247 766
248 1789
249 1787
250 762
251 1785
252 760
253 1783
254 1781
255 756
240 1779
241 1778
242 753
243 1776
244 1774
245 749
246 1772
247 1771
248 1770
249 746
250 1769
251 1768
252 743
253 1765
254 1764
255 1763
240 738
241 1761
242 1760
243 735
244 1758
245 1757
246 1756
247 1756
248 731
249 730
250 2776
251 1751
252 1750
253 1749
254 1748
255 1748
240 1747
241 722
242 1745
243 1744
244 1743
245 1742
246 1741
247 716
248 1739
249 1738
250 1737
251 713
252 712
253 1735
254 1734
255 1733
240 1732
241 1731
242 1731
243 1730
244 706
245 1729
246 1728
247 1727
248 1726
249 702
250 1725
251 701
252 700
253 1723
254 1722
255 1722
240 1721
241 1720
242 1720
243 1719
244 1718
245 694
246 1717
247 1716
248 1715
249 1715
250 1714
251 690
252 1714
253 1713
254 1713
255 1712
240 1711
241 1711
242 1710
243 1710
244 686
245 1709
246 1709
247 1708
248 684
249 2731
250 1707
251 683
252 1706
253 1706
254 1705
255 681
240 1704
241 1704
242 1703
243 679
244 1702
245 1701
246 1701
247 2724
248 1700
249 1699
250 1699
251 2722
252 1698
253 1698
254 1697
255 1697
240 1696
241 1696
242 1695
243 2718
244 1694
245 670
246 2717
247 1693
248 669
249 2716
250 1692
251 2716
252 1692
253 1692
254 1692
255 1692
256 512  # eta_bin 16, pt 0
257 3071
258 4095
259 4095
260 5119
261 6143
262 7167
263 7167
264 8191
265 9215
266 10239
267 10239
268 11263
269 12287
270 13311
271 13311
272 13311
273 13311
274 13311
275 13311
276 13311
277 12287
278 12287
279 12287
280 11263
281 11263
282 10239
283 10239
284 9215
285 8191
286 8191
287 7167
288 6143
289 5119
290 4095
291 3071
292 2047
293 1019
294 1013
295 1006
296 1000
297 994
298 988
299 2006
300 2001
301 1996
302 1990
303 1985
304 956
305 952
306 1971
307 1967
308 1962
309 934
310 930
311 927
312 924
313 1944
314 1941
315 913
316 910
317 1930
318 1927
319 1924
320 897
321 1918
322 1915
323 887
324 885
325 1906
326 1904
327 1902
328 876
329 1897
330 1894
331 867
332 1888
333 1885
334 1883
335 856
336 1878
337 1876
338 1873
339 1871
340 1868
341 1866
342 1863
343 1861
344 1858
345 832
346 1854
347 1852
348 1850
349 1848
350 1846
351 1844
352 1842
353 1840
354 1838
355 812
356 1834
357 1832
358 806
359 804
360 1825
361 1823
362 797
363 795
364 1817
365 792
366 1814
367 789
368 1811
369 1809
370 784
371 1807
372 1805
373 1804
374 1802
375 1800
376 775
377 1797
378 1796
379 1795
380 1794
381 768
382 1791
383 766
384 1789
385 1787
386 1786
387 1785
388 1784
389 1782
390 1781
391 1780
392 1779
393 755
394 1778
395 1777
396 752
397 750
398 1773
399 1772
400 747
401 1770
402 1768
403 744
404 1767
405 1766
406 1765
407 1764
408 1763
409 1763
410 1762
411 737
412 1760
413 1759
414 734
415 1757
416 1756
417 732
418 1755
419 1754
420 1753
421 1752
422 1751
423 1750
424 726
425 1749
426 1748
427 2771
428 1747
429 1746
430 721
431 1744
432 1743
433 1742
434 718
435 1741
436 717
437 716
438 1739
439 1738
440 714
441 1737
442 1736
443 712
444 1735
445 1734
446 1734
447 1733
448 708
449 1731
450 1731
451 1730
452 1730
453 1729
454 1728
455 1727
456 1726
457 702
458 1725
459 1725
460 1725
461 1724
462 1723
463 699
464 698
465 1721
466 1721
467 1721
468 1720
469 696
470 1719
471 2742
472 1718
473 1718
474 1717
475 1717
476 1717
477 1716
478 692
479 2739
480 1715
481 1714
482 690
483 1713
484 1712
485 1712
486 1711
487 1711
488 1710
489 686
490 1709
491 1709
492 1709
493 1708
494 1708
495 1707
496 683
497 1706
498 1706
499 1705
500 1704
501 1704
502 1704
503 1703
504 1703
505 1703
506 1702
507 2726
508 1702
509 1702
510 2726
511 1702
272 512  # eta_bin 17, pt 0
273 3071
274 3071
275 4095
276 4095
277 5119
278 6143
279 6143
280 7167
281 7167
282 8191
283 9215
284 9215
285 10239
286 10239
287 11263
272 11263
273 11263
274 10239
275 10239
276 9215
277 9215
278 8191
279 8191
280 7167
281 6143
282 6143
283 5119
284 4095
285 4095
286 3071
287 2045
304 2037
305 2029
306 997
307 989
308 983
309 976
310 1994
311 1988
312 1982
313 1976
314 946
315 941
316 1960
317 1955
318 926
319 921
304 1940
305 1936
306 907
307 1927
308 1922
309 894
310 1915
311 1912
312 1908
313 881
314 1901
315 873
316 1894
317 1891
318 863
319 1884
336 856
337 1876
338 1872
339 845
340 1865
341 1862
342 1859
343 833
344 1854
345 1851
346 824
347 1845
348 1842
349 815
350 1837
351 811
336 1833
337 807
338 1828
339 802
340 1824
341 1821
342 795
343 1817
344 1815
345 789
346 1811
347 785
348 1807
349 782
350 1804
351 1802
368 776
369 1799
370 1797
371 771
372 1793
373 1791
374 1789
375 1787
376 761
377 759
378 1781
379 1779
380 1777
381 752
382 1775
383 1773
368 1772
369 1771
370 1769
371 744
372 1767
373 1765
374 740
375 738
376 1761
377 1760
378 735
379 1757
380 1756
381 1755
382 1754
383 1753
400 728
401 1751
402 1750
403 1749
404 724
405 1747
406 1746
407 721
408 1744
409 720
410 1743
411 1742
412 717
413 716
414 1738
415 1738
400 713
401 712
402 1735
403 1734
404 1733
405 1732
406 1732
407 707
408 1730
409 1729
410 1728
411 1727
412 1726
413 1725
414 1724
415 1724
432 1723
433 1722
434 1721
435 1721
436 1720
437 1719
438 694
439 693
440 692
441 691
442 1714
443 1713
444 1712
445 1711
446 1710
447 1709
432 1708
433 1707
434 1707
435 1706
436 1705
437 1704
438 1703
439 1702
440 678
441 677
442 676
443 1699
444 1699
445 1698
446 1697
447 1696
464 1695
465 1694
466 1694
467 1693
468 1692
469 1691
470 1690
471 1690
472 1689
473 1688
474 1688
475 1688
476 1687
477 1687
478 1686
479 662
464 661
465 2708
466 1684
467 1684
468 2707
469 1683
470 1682
471 1682
472 658
473 2705
474 1681
475 657
476 1680
477 656
478 1679
479 1679
496 1678
497 1678
498 1677
499 653
500 1676
501 1675
502 1675
503 1674
504 650
505 1673
506 649
507 2696
508 1672
509 1672
510 1671
511 647
496 1670
497 1670
498 1670
499 1669
500 2692
501 1668
502 1668
503 1668
504 1668
505 1667
506 2691
507 1667
508 2691
509 1667
510 2691
511 1667
288 512  # eta_bin 18, pt 0
289 3071
290 3071
291 4095
292 4095
293 5119
294 6143
295 6143
296 7167
297 7167
298 8191
299 9215
300 9215
301 10239
302 10239
303 11263
304 11263
305 10239
306 10239
307 10239
308 9215
309 9215
310 8191
311 7167
312 7167
313 6143
314 5119
315 5119
316 4095
317 3071
318 2047
319 1017
288 1009
289 2024
290 2016
291 2008
292 2001
293 971
294 964
295 1982
296 1976
297 1970
298 940
299 935
300 1954
301 1949
302 919
303 1938
304 1933
305 905
306 1925
307 1920
308 892
309 1912
310 1908
311 880
312 1900
313 872
314 1892
315 864
316 1884
317 857
318 1877
319 1873
352 845
353 1865
354 1861
355 834
356 1854
357 1851
358 824
359 1845
360 818
361 815
362 1835
363 1832
364 1828
365 802
366 1823
367 1821
368 795
369 1816
370 790
371 1812
372 1809
373 1807
374 1805
375 1803
376 777
377 1799
378 1797
379 771
380 1794
381 768
382 1790
383 1789
352 763
353 1785
354 1784
355 758
356 1780
357 1778
358 1776
359 1774
360 1772
361 747
362 1769
363 1767
364 742
365 1765
366 1763
367 1762
368 1761
369 1759
370 1758
371 733
372 1756
373 731
374 729
375 728
376 1750
377 1749
378 724
379 1747
380 1746
381 721
382 1744
383 1743
416 718
417 1741
418 1740
419 1739
420 714
421 1737
422 1736
423 1735
424 1735
425 1734
426 1733
427 1733
428 708
429 1730
430 1729
431 1728
432 704
433 703
434 702
435 1725
436 1724
437 1723
438 1723
439 1722
440 1721
441 1721
442 1720
443 1718
444 1718
445 693
446 692
447 1715
416 1714
417 1714
418 689
419 1713
420 1712
421 1711
422 1710
423 1710
424 1709
425 685
426 1708
427 1707
428 1707
429 1706
430 1705
431 1704
432 1703
433 679
434 1702
435 678
436 677
437 1700
438 1699
439 1699
440 1698
441 674
442 1697
443 2720
444 1696
445 1695
446 1694
447 1694
480 1693
481 669
482 1692
483 1692
484 1691
485 667
486 1690
487 2713
488 1689
489 1688
490 1688
491 1688
492 664
493 1687
494 1687
495 1686
496 1685
497 1685
498 661
499 2708
500 1684
501 1683
502 1683
503 1682
504 1682
505 1682
506 1681
507 1681
508 1681
509 1680
510 1680
511 1679
480 655
481 1679
482 1678
483 1677
484 1677
485 1676
486 1676
487 1675
488 1674
489 1674
490 1673
491 1673
492 1673
493 1673
494 1672
495 1672
496 1671
497 647
498 1670
499 646
500 1669
501 1669
502 1669
503 645
504 2692
505 1668
506 1668
507 1668
508 1668
509 1668
510 1668
511 1668
304 512  # eta_bin 19, pt 0
305 3071
306 3071
307 4095
308 4095
309 5119
310 6143
311 6143
312 7167
313 7167
314 8191
315 9215
316 9215
317 10239
318 10239
319 11263
304 11263
305 10239
306 10239
307 10239
308 9215
309 8191
310 8191
311 7167
312 7167
313 6143
314 5119
315 4095
316 4095
317 3071
318 2046
319 2037
304 2029
305 2021
306 988
307 981
308 1998
309 1992
310 1985
311 1979
312 948
313 943
314 1961
315 1956
316 927
317 1945
318 1940
319 911
304 1930
305 1926
306 897
307 1917
308 1912
309 884
310 1905
311 1901
312 1897
313 1893
314 1889
315 1885
316 1881
317 1878
318 1874
319 846
368 1866
369 1862
370 834
371 1855
372 1851
373 824
374 1845
375 819
376 815
377 1836
378 1832
379 1829
380 802
381 799
382 1820
383 794
368 1816
369 1814
370 787
371 1809
372 1807
373 781
374 1803
375 777
376 1799
377 1797
378 771
379 1794
380 768
381 1790
382 1789
383 763
368 1786
369 1784
370 1783
371 1781
372 1779
373 753
374 1775
375 1774
376 1771
377 1770
378 744
379 742
380 1765
381 740
382 1762
383 1761
368 736
369 735
370 1757
371 1756
372 1755
373 1754
374 729
375 1751
376 726
377 1749
378 1747
379 1746
380 1746
381 721
382 720
383 1743
432 718
433 717
434 1740
435 1739
436 1737
437 1736
438 1736
439 1735
440 710
441 1734
442 709
443 1732
444 1731
445 1730
446 705
447 1728
432 1727
433 1726
434 1725
435 2748
436 1724
437 1723
438 1723
439 1722
440 1721
441 1720
442 695
443 1718
444 1717
445 1716
446 1715
447 691
432 1714
433 1713
434 689
435 1712
436 1712
437 1711
438 1710
439 1709
440 1709
441 1708
442 684
443 1707
444 1706
445 1706
446 1705
447 1704
432 1703
433 1702
434 1702
435 1701
436 677
437 1700
438 1699
439 1698
440 1698
441 1697
442 1697
443 1696
444 1696
445 1695
446 1694
447 1693
496 1693
497 1692
498 1692
499 1692
500 1691
501 667
502 1690
503 2713
504 1689
505 1688
506 1688
507 1688
508 1687
509 1687
510 1687
511 1686
496 1685
497 1685
498 661
499 2708
500 1684
501 1683
502 1683
503 1682
504 1682
505 1682
506 1681
507 1681
508 1681
509 1680
510 1680
511 1679
496 655
497 1679
498 1678
499 1677
500 1677
501 1676
502 1676
503 1675
504 1674
505 1674
506 1673
507 1673
508 1673
509 1673
510 1672
511 1672
496 1671
497 647
498 1670
499 646
500 1669
501 1669
502 1669
503 645
504 2692
505 1668
506 1668
507 1668
508 1668
509 1668
510 1668
511 1668
320 512  # eta_bin 20, pt 0
321 3071
322 3071
323 4095
324 5119
325 6143
326 6143
327 7167
328 8191
329 8191
330 9215
331 10239
332 10239
333 11263
334 12287
335 13311
336 12287
337 11263
338 11263
339 10239
340 9215
341 8191
342 8191
343 7167
344 6143
345 6143
346 5119
347 4095
348 3071
349 2047
350 1018
351 1010
352 1002
353 993
354 2009
355 2001
356 970
357 963
358 957
359 1974
360 1968
361 938
362 1956
363 1951
364 1946
365 917
366 1935
367 906
368 1925
369 1921
370 893
371 1912
372 1907
373 1903
374 1899
375 871
376 1890
377 1886
378 857
379 1877
380 1873
381 1870
382 1866
383 838
320 1858
321 1854
322 827
323 823
324 1843
325 817
326 1837
327 1835
328 808
329 804
330 1825
331 1821
332 1818
333 1815
334 1813
335 1810
336 784
337 1806
338 1804
339 778
340 1800
341 1798
342 772
343 1794
344 768
345 766
346 1788
347 763
348 1785
349 760
350 1782
351 1781
352 755
353 1777
354 1776
355 750
356 1772
357 1771
358 1769
359 1767
360 741
361 739
362 1761
363 1760
364 1758
365 733
366 1756
367 1755
368 730
369 1752
370 1751
371 726
372 1749
373 1748
374 1746
375 721
376 1744
377 1742
378 1741
379 716
380 1740
381 715
382 714
383 1737
448 712
449 711
450 1734
451 1733
452 708
453 707
454 1730
455 1729
456 1729
457 1728
458 1727
459 1727
460 1726
461 701
462 700
463 1723
464 1722
465 1721
466 1720
467 1720
468 1719
469 1718
470 1718
471 1717
472 1717
473 1716
474 1715
475 1714
476 1713
477 1712
478 1711
479 1711
480 1710
481 1710
482 1709
483 1709
484 1709
485 1708
486 1707
487 1707
488 1706
489 1706
490 1705
491 1705
492 1704
493 1704
494 1703
495 1702
496 1701
497 1700
498 676
499 1700
500 1699
501 1698
502 674
503 673
504 1696
505 1696
506 1695
507 671
508 1694
509 1694
510 1693
511 1692
448 668
449 1691
450 1691
451 667
452 1690
453 1690
454 1689
455 1688
456 1688
457 1687
458 663
459 1687
460 663
461 1686
462 1686
463 1685
464 1684
465 1684
466 1684
467 1684
468 1683
469 659
470 658
471 1682
472 1681
473 1681
474 1681
475 1680
476 1680
477 1679
478 655
479 2702
480 1678
481 1678
482 1677
483 1676
484 1676
485 1675
486 1675
487 1674
488 1673
489 1673
490 649
491 2696
492 1672
493 1672
494 1671
495 647
496 1670
497 1670
498 2693
499 645
500 2692
501 1668
502 1668
503 1668
504 1668
505 1667
506 2691
507 1667
508 2691
509 1667
510 2691
511 1667
336 512  # eta_bin 21, pt 0
337 3071
338 3071
339 4095
340 5119
341 5119
342 6143
343 6143
344 7167
345 8191
346 8191
347 9215
348 10239
349 10239
350 11263
351 12287
336 11263
337 10239
338 10239
339 9215
340 8191
341 7167
342 6143
343 6143
344 5119
345 4095
346 3071
347 2046
348 2037
349 2027
350 2018
351 985
368 976
369 1992
370 959
371 951
372 1968
373 1961
374 930
375 1948
376 917
377 1935
378 1929
379 900
380 1919
381 889
382 1908
383 879
368 1898
369 1894
370 1889
371 1885
372 1880
373 1876
374 1872
375 844
376 1863
377 1858
378 830
379 826
380 1847
381 819
382 1839
383 1836
336 809
337 1829
338 1826
339 799
340 1820
341 1817
342 791
343 1812
344 1809
345 1806
346 1802
347 775
348 772
349 1793
350 1791
351 765
336 1787
337 762
338 1784
339 1782
340 756
341 1779
342 1777
343 1775
344 1774
345 748
346 1771
347 746
348 1768
349 1767
350 1766
351 1765
368 1764
369 1762
370 737
371 1759
372 1758
373 1756
374 1754
375 1752
376 1750
377 1748
378 1746
379 1744
380 1743
381 1742
382 717
383 716
368 1738
369 1737
370 712
371 1735
372 1734
373 709
374 708
375 706
376 1729
377 1728
378 703
379 1726
380 1725
381 1724
382 699
383 1722
464 1721
465 1720
466 1719
467 1718
468 1717
469 1716
470 692
471 1715
472 1714
473 690
474 1713
475 1712
476 688
477 1710
478 1709
479 1709
464 1708
465 1707
466 1706
467 1706
468 1705
469 1704
470 1704
471 1703
472 679
473 678
474 677
475 676
476 1699
477 1698
478 1697
479 1697
496 1696
497 1696
498 1696
499 1696
500 1695
501 1695
502 1694
503 670
504 669
505 1693
506 1692
507 668
508 667
509 1690
510 1690
511 1689
496 1688
497 664
498 2711
499 1687
500 663
501 662
502 1685
503 1685
504 1684
505 1684
506 1683
507 1683
508 1682
509 1682
510 1681
511 1680
464 656
465 1679
466 1679
467 1679
468 1678
469 1678
470 1677
471 1677
472 1676
473 1676
474 1675
475 1675
476 1675
477 1675
478 1674
479 1674
464 1673
465 1673
466 1672
467 1672
468 1672
469 1671
470 1671
471 1670
472 1670
473 1670
474 646
475 2693
476 1669
477 1669
478 1668
479 2692
496 1668
497 1667
498 1667
499 1666
500 1666
501 1665
502 1665
503 1664
504 640
505 1663
506 639
507 1663
508 639
509 1662
510 638
511 2685
496 1661
497 1661
498 1660
499 1660
500 1659
501 2683
502 1659
503 1659
504 1659
505 1659
506 635
507 1659
508 635
509 1659
510 635
511 1659
352 512  # eta_bin 22, pt 0
353 2047
354 3071
355 3071
356 4095
357 4095
358 5119
359 5119
360 6143
361 6143
362 7167
363 7167
364 7167
365 8191
366 8191
367 9215
368 8191
369 7167
370 7167
371 6143
372 5119
373 4095
374 3071
375 2047
376 2036
377 2026
378 2017
379 2008
380 1999
381 965
382 1979
383 1970
352 937
353 1953
354 920
355 1937
356 1931
357 901
358 1919
359 1913
360 1907
361 1902
362 872
363 1891
364 862
365 1881
366 852
367 1871
368 1866
369 837
370 1857
371 1852
372 823
373 1842
374 1838
375 810
376 1831
377 1827
378 800
379 1820
380 1817
381 1815
382 1811
383 1808
352 781
353 1802
354 1799
355 772
356 1793
357 1791
358 765
359 1787
360 761
361 758
362 1778
363 751
364 748
365 746
366 1768
367 1766
368 740
369 1763
370 737
371 1760
372 735
373 1757
374 1756
375 730
376 1752
377 1751
378 1749
379 724
380 1746
381 1745
382 720
383 1742
352 1741
353 1739
354 1738
355 1737
356 712
357 1735
358 1734
359 709
360 707
361 1730
362 1729
363 704
364 1727
365 1726
366 1724
367 699
368 1722
369 1720
370 1719
371 1718
372 693
373 1715
374 690
375 689
376 1712
377 1711
378 1710
379 685
380 1708
381 1707
382 683
383 682
480 1705
481 1704
482 1703
483 1702
484 677
485 676
486 1699
487 1698
488 674
489 1697
490 1697
491 1696
492 1695
493 670
494 669
495 1692
496 1692
497 1691
498 1690
499 1689
500 1689
501 1688
502 664
503 1688
504 1687
505 663
506 662
507 661
508 660
509 1683
510 1683
511 1682
480 1682
481 1682
482 658
483 1681
484 1681
485 1680
486 656
487 1679
488 1679
489 1678
490 654
491 653
492 1676
493 2699
494 1675
495 1674
496 1673
497 1673
498 1672
499 1672
500 1672
501 1671
502 1670
503 1670
504 1669
505 1668
506 1667
507 1667
508 1666
509 1665
510 1664
511 1664
480 1663
481 1663
482 639
483 2686
484 1662
485 1661
486 1661
487 1660
488 1660
489 1659
490 635
491 1658
492 1658
493 1658
494 634
495 1657
496 1656
497 1656
498 1655
499 1655
500 1655
501 1654
502 1654
503 1653
504 1653
505 629
506 1653
507 1652
508 1652
509 628
510 1651
511 627
480 2674
481 1650
482 1650
483 1649
484 1649
485 1648
486 1648
487 1647
488 1647
489 1646
490 1646
491 1646
492 1646
493 1646
494 1645
495 1645
496 1644
497 1644
498 620
499 1643
500 2667
501 1643
502 1643
503 1643
504 1643
505 619
506 1643
507 1643
508 1643
509 1643
510 619
511 1643
368 512  # eta_bin 23, pt 0
369 2047
370 3071
371 3071
372 3071
373 3071
374 4095
375 4095
376 4095
377 4095
378 5119
379 5119
380 5119
381 5119
382 6143
383 6143
368 5119
369 3071
370 2047
371 1003
372 2007
373 965
374 1974
375 935
376 922
377 1934
378 898
379 1911
380 878
381 1894
382 863
383 1882
368 1876
369 846
370 1864
371 834
372 1854
373 826
374 822
375 1842
376 814
377 1834
378 807
379 804
380 1825
381 798
382 1819
383 791
368 1812
369 1810
370 1807
371 1804
372 1801
373 773
374 1794
375 1791
376 764
377 1785
378 1783
379 756
380 1778
381 752
382 1774
383 1771
368 744
369 742
370 1763
371 1761
372 735
373 1757
374 732
375 1754
376 1752
377 1749
378 1746
379 1744
380 718
381 716
382 1738
383 713
368 1736
369 1735
370 709
371 1732
372 1730
373 705
374 1728
375 1726
376 1725
377 1724
378 1723
379 698
380 1721
381 1720
382 695
383 693
368 1716
369 1715
370 690
371 688
372 1712
373 687
374 686
375 1709
376 1708
377 683
378 1705
379 1704
380 1703
381 1702
382 1701
383 676
368 675
369 673
370 672
371 1695
372 1694
373 1693
374 1692
375 667
376 1691
377 1690
378 1690
379 1689
380 665
381 664
382 1687
383 1686
496 662
497 661
498 660
499 1683
500 1682
501 1681
502 1681
503 1680
504 1679
505 1679
506 655
507 654
508 653
509 652
510 651
511 1674
496 1674
497 1673
498 1672
499 648
500 647
501 1671
502 647
503 1671
504 647
505 1670
506 1670
507 1669
508 1668
509 1667
510 1667
511 643
496 1666
497 1666
498 1666
499 1666
500 1665
501 1664
502 640
503 1663
504 1662
505 638
506 1661
507 1661
508 1660
509 1659
510 1659
511 1658
496 1658
497 634
498 1657
499 1657
500 633
501 1656
502 1655
503 1654
504 1653
505 1653
506 1652
507 627
508 1651
509 1650
510 1649
511 1649
496 1648
497 1648
498 1648
499 1648
500 2671
501 1647
502 1647
503 1646
504 1646
505 1645
506 621
507 1645
508 1644
509 1644
510 1644
511 1643
496 1643
497 1642
498 1642
499 618
500 2665
501 1641
502 2664
503 1640
504 1640
505 616
506 1639
507 615
508 1639
509 1638
510 1638
511 1638
496 1637
497 1637
498 1636
499 1636
500 1635
501 1635
502 1635
503 1634
504 1634
505 1633
506 1633
507 609
508 1632
509 2656
510 608
511 1631
496 607
497 607
498 1630
499 606
500 1629
501 1629
502 1629
503 1629
504 1629
505 1629
506 1629
507 605
508 1629
509 1629
510 605
511 1629
384 512  # eta_bin 24, pt 0
385 2047
386 2047
387 2047
388 3071
389 3071
390 3071
391 3071
392 3071
393 3071
394 3071
395 4095
396 4095
397 4095
398 4095
399 4095
400 3071
401 2031
402 986
403 1989
404 1969
405 928
406 1937
407 1924
408 888
409 1902
410 869
411 1885
412 853
413 1871
414 1866
415 837
416 833
417 1851
418 822
419 1841
420 813
421 1833
422 1829
423 802
424 1822
425 794
426 1815
427 788
428 1809
429 1806
430 1803
431 1800
432 1797
433 1795
434 768
435 1789
436 1786
437 1782
438 755
439 1776
440 1773
441 747
442 1768
443 742
444 1764
445 739
446 736
447 1758
448 1755
449 729
450 727
451 1749
452 723
453 1746
454 1744
455 1743
456 1741
457 1739
458 713
459 711
460 1733
461 1731
462 1729
463 704
464 1727
465 702
466 700
467 1723
468 698
469 696
470 1719
471 1718
472 693
473 1716
474 1715
475 690
476 1713
477 1712
478 1710
479 685
480 1708
481 1706
482 1705
483 1704
484 1704
485 1703
486 678
487 1701
488 1700
489 1699
490 674
491 673
492 1696
493 1695
494 1694
495 669
496 668
497 1690
498 665
499 664
500 663
501 1686
502 1685
503 1684
504 660
505 1683
506 659
507 658
508 1681
509 1681
510 1680
511 1679
384 1679
385 1678
386 1677
387 1676
388 1675
389 1674
390 650
391 1673
392 1673
393 1672
394 648
395 1671
396 1670
397 1669
398 1668
399 1668
400 1667
401 1666
402 642
403 641
404 1664
405 1664
406 640
407 1664
408 640
409 1664
410 1663
411 1662
412 1661
413 1661
414 1660
415 636
416 1660
417 1660
418 1660
419 1659
420 1659
421 1658
422 1657
423 1657
424 1656
425 632
426 631
427 1654
428 1654
429 1653
430 1653
431 1652
432 1652
433 628
434 1652
435 628
436 1651
437 1650
438 1649
439 1649
440 1648
441 1647
442 1647
443 1646
444 1645
445 1645
446 1644
447 1644
448 1643
449 1643
450 619
451 1643
452 1643
453 1642
454 1642
455 1641
456 617
457 1640
458 1640
459 1640
460 1640
461 616
462 2663
463 615
464 1638
465 1637
466 1637
467 1637
468 1637
469 1636
470 1636
471 1635
472 1635
473 1635
474 611
475 1634
476 1634
477 1634
478 1633
479 1633
480 1632
481 1632
482 1632
483 1631
484 1631
485 1630
486 1630
487 2653
488 605
489 1628
490 604
491 1627
492 1627
493 603
494 1626
495 602
496 1625
497 1625
498 1624
499 1624
500 2647
501 1623
502 1623
503 1623
504 1622
505 1622
506 2646
507 1622
508 1622
509 2646
510 1622
511 1622
400 512  # eta_bin 25, pt 0
401 2047
402 2047
403 2047
404 2047
405 2047
406 2047
407 2047
408 2047
409 2047
410 2047
411 2047
412 2047
413 2047
414 2047
415 2047
400 2015
401 1984
402 1959
403 1938
404 898
405 1909
406 1896
407 1888
408 856
409 1869
410 1860
411 827
412 1843
413 813
414 1833
415 804
432 800
433 1821
434 1818
435 790
436 1809
437 1804
438 1798
439 768
440 763
441 1782
442 1778
443 753
444 752
445 752
446 754
447 1778
432 753
433 1774
434 1771
435 744
436 740
437 1762
438 735
439 732
440 1754
441 1751
442 725
443 1746
444 1743
445 1740
446 1736
447 708
464 705
465 702
466 1722
467 1719
468 693
469 691
470 1713
471 1712
472 1710
473 685
474 1708
475 683
476 682
477 1704
478 680
479 1703
464 1702
465 1700
466 1698
467 1696
468 1693
469 1692
470 1690
471 1689
472 1687
473 662
474 1685
475 1685
476 660
477 1683
478 1682
479 1681
496 656
497 655
498 1677
499 652
500 1676
501 1675
502 1674
503 649
504 648
505 1670
506 1670
507 1669
508 1668
509 1667
510 1665
511 1664
496 640
497 639
498 638
499 637
500 1659
501 1658
502 634
503 633
504 1656
505 1655
506 1654
507 1653
508 1653
509 1652
510 1651
511 627
400 1651
401 1650
402 1649
403 1648
404 1648
405 1647
406 1646
407 1645
408 1645
409 1644
410 620
411 1643
412 1643
413 1642
414 1641
415 1641
400 617
401 1640
402 1639
403 615
404 1639
405 1638
406 1637
407 1636
408 1635
409 1634
410 1634
411 610
412 1633
413 1632
414 1631
415 1630
432 1630
433 1629
434 1628
435 1628
436 1627
437 1626
438 1626
439 1626
440 1625
441 1624
442 1624
443 1624
444 600
445 1624
446 1624
447 1623
432 1623
433 1623
434 1623
435 1624
436 1624
437 600
438 1623
439 1622
440 1621
441 1620
442 596
443 1619
444 1618
445 1618
446 1617
447 1617
464 592
465 1615
466 1615
467 1614
468 2637
469 589
470 1612
471 588
472 1612
473 1612
474 1613
475 1612
476 1612
477 1612
478 1612
479 1612
464 1612
465 1611
466 1611
467 2634
468 586
469 1609
470 1609
471 1609
472 1609
473 1609
474 1609
475 1609
476 1609
477 585
478 585
479 1609
496 1609
497 1609
498 1609
499 1609
500 1608
501 1608
502 1608
503 2632
504 1608
505 1608
506 1608
507 1607
508 1607
509 1608
510 1608
511 1608
496 1608
497 2631
498 1606
499 582
500 1605
501 581
502 581
503 1605
504 1605
505 581
506 1605
507 1605
508 1605
509 581
510 1605
511 1605
416 512  # eta_bin 26, pt 0
417 2047
418 2047
419 3071
420 3071
421 3071
422 3071
423 3071
424 4095
425 4095
426 4095
427 4095
428 4095
429 5119
430 5119
431 5119
432 3071
433 2029
434 2002
435 1979
436 937
437 1946
438 909
439 1923
440 889
441 1902
442 867
443 856
444 1871
445 840
446 1858
447 827
416 1845
417 1838
418 807
419 800
420 792
421 1809
422 1803
423 1796
424 1791
425 1785
426 757
427 1779
428 1777
429 753
430 1778
431 1778
432 752
433 749
434 1769
435 1765
436 1760
437 1756
438 1753
439 1750
440 723
441 720
442 1741
443 1738
444 1735
445 1731
446 703
447 700
480 696
481 1716
482 1713
483 685
484 1707
485 1705
486 1703
487 1701
488 676
489 1699
490 1697
491 1696
492 671
493 1694
494 1693
495 668
496 667
497 1689
498 663
499 1684
500 1681
501 1679
502 1677
503 1675
504 1674
505 1673
506 1672
507 1671
508 646
509 1670
510 1669
511 1668
480 643
481 1665
482 1663
483 639
484 638
485 1661
486 1660
487 1659
488 1658
489 1657
490 1656
491 1655
492 1654
493 1653
494 1652
495 1651
496 627
497 1650
498 1649
499 624
500 623
501 622
502 621
503 620
504 1643
505 1643
506 1642
507 1641
508 1640
509 1639
510 1639
511 1638
416 614
417 614
418 613
419 612
420 611
421 611
422 610
423 609
424 1633
425 1632
426 1632
427 1631
428 1630
429 1630
430 1629
431 1629
432 1628
433 1627
434 1626
435 1626
436 1625
437 1625
438 1624
439 599
440 1621
441 1621
442 1620
443 1620
444 1619
445 1618
446 1617
447 1616
416 1615
417 1615
418 1614
419 1613
420 589
421 1612
422 588
423 1611
424 587
425 1610
426 1609
427 1609
428 1609
429 1609
430 1609
431 1609
432 1608
433 1608
434 1609
435 585
436 1609
437 1609
438 1608
439 1607
440 1606
441 2629
442 581
443 1604
444 1604
445 580
446 1603
447 1603
480 1602
481 1602
482 1601
483 1600
484 576
485 1599
486 1599
487 1599
488 1599
489 1599
490 1600
491 1600
492 576
493 576
494 1600
495 1600
496 576
497 576
498 1599
499 1599
500 1598
501 1598
502 1598
503 1598
504 1598
505 1598
506 1599
507 1599
508 575
509 575
510 1599
511 1599
480 1599
481 1599
482 1599
483 1599
484 575
485 1599
486 1599
487 1599
488 1599
489 1599
490 1599
491 2622
492 1598
493 1599
494 1600
495 1600
496 576
497 1599
498 1599
499 1598
500 1597
501 1597
502 1597
503 1597
504 1597
505 1597
506 1597
507 2621
508 1597
509 1597
510 1597
511 2621
432 512  # eta_bin 27, pt 0
433 790
434 790
435 790
436 790
437 790
438 1814
439 1814
440 1814
441 1814
442 1814
443 1814
444 790
445 790
446 790
447 790
432 1786
433 1758
434 1732
435 1708
436 1688
437 1670
438 632
439 1644
440 608
441 597
442 1612
443 581
444 1599
445 1596
446 1593
447 1591
432 1589
433 1589
434 565
435 1591
436 570
437 1598
438 1601
439 1605
440 1609
441 589
442 593
443 598
444 1626
445 1630
446 1636
447 616
432 1642
433 1644
434 621
435 1646
436 622
437 1645
438 1645
439 620
440 1644
441 1643
442 619
443 1643
444 619
445 1643
446 620
447 622
496 624
497 627
498 1654
499 1656
500 1659
501 1660
502 1660
503 636
504 1659
505 1657
506 1656
507 1655
508 630
509 629
510 628
511 626
496 624
497 1645
498 1641
499 614
500 1635
501 609
502 1631
503 1630
504 1629
505 1628
506 1627
507 1626
508 602
509 1625
510 1625
511 1624
496 1623
497 1623
498 1621
499 1620
500 1620
501 1618
502 593
503 592
504 1614
505 1613
506 1612
507 1611
508 1610
509 1610
510 585
511 584
496 583
497 1606
498 1605
499 1604
500 1602
501 1601
502 1600
503 1599
504 1599
505 1599
506 575
507 575
508 1599
509 1598
510 573
511 1596
432 1595
433 1594
434 1593
435 1592
436 1592
437 1591
438 1590
439 1590
440 1590
441 1589
442 1589
443 1588
444 564
445 563
446 1586
447 1586
432 1585
433 1584
434 1583
435 1583
436 559
437 559
438 1582
439 1581
440 1581
441 1580
442 557
443 557
444 1580
445 1580
446 1579
447 1578
432 1578
433 554
434 1577
435 553
436 1576
437 1576
438 1576
439 552
440 1575
441 1575
442 1574
443 550
444 1573
445 1572
446 1571
447 1570
432 1570
433 1569
434 2593
435 1570
436 1570
437 546
438 546
439 546
440 1569
441 1569
442 2593
443 1570
444 1570
445 1571
446 1571
447 1571
496 1571
497 1571
498 1571
499 1571
500 1571
501 2595
502 1572
503 1572
504 1572
505 1572
506 1572
507 1571
508 1570
509 1569
510 1568
511 1567
496 1566
497 1565
498 2588
499 540
500 1563
501 1563
502 1562
503 2586
504 2586
505 1562
506 1562
507 1562
508 1562
509 1561
510 1561
511 1561
496 1560
497 1560
498 1559
499 1559
500 1558
501 1558
502 2581
503 2581
504 533
505 1556
506 1555
507 1555
508 1554
509 1554
510 1554
511 1554
496 2577
497 1552
498 528
499 527
500 1550
501 1549
502 1549
503 1549
504 1549
505 1549
506 1549
507 1549
508 1549
509 1549
510 1549
511 1549
448 512  # eta_bin 28, pt 0
449 512
450 512
451 512
452 512
453 512
454 512
455 512
456 512
457 512
458 512
459 512
460 512
461 512
462 512
463 512
464 512
465 512
466 512
467 512
468 512
469 512
470 512
471 512
472 512
473 512
474 512
475 512
476 512
477 512
478 512
479 512
480 512
481 512
482 512
483 512
484 512
485 512
486 512
487 512
488 512
489 512
490 512
491 512
492 512
493 512
494 512
495 512
496 512
497 512
498 512
499 512
500 512
501 512
502 512
503 512
504 512
505 512
506 512
507 512
508 512
509 512
510 512
511 512
448 512
449 512
450 512
451 512
452 512
453 512
454 512
455 512
456 512
457 512
458 512
459 512
460 512
461 512
462 512
463 512
464 512
465 512
466 512
467 512
468 512
469 512
470 512
471 512
472 512
473 512
474 512
475 512
476 512
477 512
478 512
479 512
480 512
481 512
482 512
483 512
484 512
485 512
486 512
487 512
488 512
489 512
490 512
491 512
492 512
493 512
494 512
495 512
496 512
497 512
498 512
499 512
500 512
501 512
502 512
503 512
504 512
505 512
506 512
507 512
508 512
509 512
510 512
511 512
448 512
449 512
450 512
451 512
452 512
453 512
454 512
455 512
456 512
457 512
458 512
459 512
460 512
461 512
462 512
463 512
464 512
465 512
466 512
467 512
468 512
469 512
470 512
471 512
472 512
473 512
474 512
475 512
476 512
477 512
478 512
479 512
480 512
481 512
482 512
483 512
484 512
485 512
486 512
487 512
488 512
489 512
490 512
491 512
492 512
493 512
494 512
495 512
496 512
497 512
498 512
499 512
500 512
501 512
502 512
503 512
504 512
505 512
506 512
507 512
508 512
509 512
510 512
511 512
448 512
449 512
450 512
451 512
452 512
453 512
454 512
455 512
456 512
457 512
458 512
459 512
460 512
461 512
462 512
463 512
464 512
465 512
466 512
467 512
468 512
469 512
470 512
471 512
472 512
473 512
474 512
475 512
476 512
477 512
478 512
479 512
480 512
481 512
482 512
483 512
484 512
485 512
486 512
487 512
488 512
489 512
490 512
491 512
492 512
493 512
494 512
495 512
496 512
497 512
498 512
499 512
500 512
501 512
502 512
503 512
504 512
505 512
506 512
507 512
508 512
509 512
510 512
511 512
464 512  # eta_bin 29, pt 0
465 1730
466 1730
467 706
468 706
469 1730
470 1730
471 706
472 706
473 1730
474 1730
475 706
476 706
477 1730
478 1730
479 706
464 1707
465 1684
466 1663
467 620
468 604
469 590
470 1603
471 569
472 559
473 1573
474 1564
475 532
476 1550
477 521
478 1541
479 513
496 1534
497 1532
498 507
499 507
500 1533
501 1535
502 513
503 1539
504 1542
505 520
506 1546
507 525
508 1552
509 531
510 1558
511 1561
496 1562
497 1562
498 1561
499 1560
500 1558
501 1557
502 533
503 532
504 532
505 1556
506 1556
507 1556
508 1557
509 533
510 1558
511 537
464 540
465 1567
466 1570
467 547
468 1573
469 550
470 549
471 1572
472 1571
473 1570
474 544
475 543
476 1566
477 542
478 542
479 1566
464 1567
465 544
466 1568
467 1568
468 1568
469 1568
470 1567
471 542
472 1565
473 541
474 1564
475 1563
476 1563
477 540
478 1564
479 1565
496 1565
497 1565
498 1564
499 1564
500 1563
501 1562
502 538
503 537
504 1560
505 1560
506 1560
507 536
508 536
509 536
510 536
511 1559
496 535
497 1560
498 1560
499 1560
500 537
501 1561
502 1561
503 1561
504 1561
505 538
506 1561
507 1562
508 1562
509 537
510 1560
511 1559
464 1559
465 534
466 1556
467 1555
468 1555
469 1554
470 1553
471 1552
472 1551
473 1550
474 525
475 1548
476 1547
477 523
478 523
479 1546
464 1546
465 1546
466 1545
467 1546
468 1546
469 1547
470 1547
471 1546
472 1546
473 1546
474 522
475 522
476 522
477 522
478 1545
479 1545
496 1546
497 1547
498 2571
499 1548
500 525
501 1549
502 1550
503 1551
504 1551
505 1551
506 1551
507 1550
508 1550
509 1549
510 1548
511 524
496 1547
497 1547
498 1547
499 1547
500 1548
501 1548
502 1547
503 1547
504 1547
505 1547
506 2571
507 1548
508 1548
509 1549
510 1549
511 1549
464 1550
465 1550
466 1550
467 1550
468 1550
469 1550
470 1550
471 1551
472 1552
473 1553
474 1553
475 1553
476 1553
477 1552
478 1551
479 527
464 1550
465 1549
466 2572
467 1548
468 523
469 1545
470 1544
471 1543
472 518
473 517
474 1539
475 1538
476 1537
477 512
478 511
479 1533
496 1532
497 1531
498 1529
499 1528
500 1526
501 1525
502 500
503 1522
504 497
505 1519
506 1517
507 1516
508 1514
509 1513
510 2535
511 1510
496 1508
497 1506
498 1504
499 1502
500 1500
501 1498
502 1496
503 1494
504 1493
505 1492
506 467
507 1491
508 1491
509 1491
510 1491
511 1491
480 512  # eta_bin 30, pt 0
481 614
482 1638
483 614
484 1638
485 1638
486 614
487 1638
488 614
489 1638
490 1638
491 614
492 1638
493 614
494 1638
495 1638
496 594
497 575
498 558
499 542
500 528
501 515
502 504
503 493
504 483
505 473
506 464
507 1479
508 1471
509 1464
510 1457
511 1451
480 1446
481 420
482 1442
483 417
484 1440
485 1438
486 413
487 1436
488 412
489 1436
490 1437
491 1439
492 1440
493 1442
494 1445
495 425
496 428
497 1456
498 1459
499 438
500 1465
501 1466
502 1467
503 1468
504 1470
505 1471
506 1472
507 1473
508 1475
509 1476
510 1478
511 1481
480 460
481 1488
482 466
483 1490
484 467
485 468
486 1492
487 469
488 470
489 471
490 471
491 1496
492 1497
493 1498
494 1498
495 474
496 474
497 1498
498 1498
499 1498
500 1498
501 1498
502 1499
503 1500
504 1501
505 1501
506 1501
507 1501
508 476
509 1500
510 1500
511 1500
480 1500
481 1500
482 476
483 476
484 1500
485 1500
486 1499
487 475
488 1499
489 476
490 1501
491 1501
492 1502
493 1502
494 1502
495 1503
496 1503
497 1504
498 1504
499 1503
500 479
501 1503
502 1503
503 478
504 1501
505 1501
506 1500
507 1500
508 475
509 1498
510 1497
511 472
480 1495
481 1494
482 469
483 1492
484 1492
485 468
486 1492
487 1492
488 1492
489 1493
490 1493
491 1493
492 1493
493 469
494 1492
495 1492
496 1492
497 468
498 1491
499 1491
500 2515
501 468
502 1491
503 1491
504 1490
505 1490
506 1491
507 468
508 1492
509 1493
510 1493
511 1493
480 1494
481 1494
482 471
483 1495
484 1495
485 1495
486 1495
487 471
488 1494
489 470
490 1493
491 469
492 1492
493 1492
494 468
495 1491
496 1490
497 466
498 1489
499 465
500 1488
501 1487
502 1486
503 1485
504 1484
505 1482
506 457
507 1479
508 455
509 1478
510 1478
511 1478
480 1478
481 1478
482 1479
483 1479
484 1479
485 1479
486 1480
487 1481
488 1483
489 460
490 2508
491 1485
492 1485
493 461
494 1485
495 1485
496 2508
497 1484
498 460
499 1483
500 1482
501 458
502 1481
503 1481
504 2504
505 1480
506 1480
507 1479
508 455
509 2502
510 1478
511 1477
480 1476
481 1475
482 451
483 450
484 1473
485 1472
486 1471
487 1469
488 1468
489 443
490 1465
491 1464
492 1463
493 1462
494 438
495 1461
496 1460
497 1459
498 1457
499 432
500 1454
501 1453
502 1451
503 426
504 1449
505 1448
506 1447
507 2471
508 1447
509 1447
510 1447
511 1447
496 512  # eta_bin 31, pt 0
497 614
498 1638
499 614
500 1638
501 1638
502 614
503 1638
504 614
505 1638
506 1638
507 614
508 1638
509 614
510 1638
511 1638
496 595
497 576
498 559
499 543
500 529
501 516
502 505
503 494
504 484
505 473
506 464
507 1479
508 1471
509 1463
510 1456
511 1450
496 1445
497 1441
498 1437
499 410
500 407
501 403
502 400
503 1422
504 397
505 395
506 1418
507 394
508 1418
509 394
510 1419
511 1419
496 396
497 1421
498 1422
499 1424
500 1426
501 1428
502 1430
503 1432
504 1434
505 1437
506 416
507 1442
508 1445
509 424
510 427
511 1453
496 432
497 434
498 435
499 1459
500 1460
501 1461
502 439
503 440
504 442
505 443
506 1468
507 1470
508 1471
509 1472
510 450
511 1476
496 1477
497 1479
498 456
499 1482
500 1484
501 461
502 462
503 1487
504 463
505 464
506 464
507 1488
508 1488
509 1488
510 1488
511 464
496 464
497 1488
498 1488
499 1488
500 464
501 464
502 1488
503 1488
504 1488
505 1488
506 1489
507 1490
508 1490
509 1491
510 1491
511 1491
496 1492
497 1492
498 1492
499 468
500 1491
501 1491
502 1491
503 1490
504 1490
505 466
506 1489
507 1489
508 465
509 1488
510 464
511 464
496 464
497 1488
498 1488
499 464
500 1488
501 1489
502 1489
503 1489
504 1490
505 1490
506 1491
507 1491
508 467
509 1490
510 1490
511 1490
496 466
497 1489
498 465
499 465
500 1489
501 1489
502 1489
503 1488
504 1488
505 1488
506 1489
507 1489
508 1490
509 1490
510 1490
511 467
496 1491
497 468
498 1492
499 2516
500 1492
501 1492
502 469
503 1492
504 468
505 1491
506 467
507 1490
508 466
509 1490
510 465
511 1488
496 464
497 1487
498 1487
499 1486
500 1486
501 1485
502 460
503 459
504 1481
505 1480
506 1478
507 1477
508 2500
509 1476
510 1476
511 452
496 452
497 1476
498 1476
499 1476
500 1477
501 1477
502 1478
503 1479
504 1480
505 1482
506 1482
507 1483
508 1483
509 1483
510 459
511 1482
496 1482
497 1482
498 2505
499 1481
500 1480
501 1480
502 1479
503 455
504 1478
505 1478
506 1478
507 1477
508 1477
509 1476
510 1475
511 1475
496 1474
497 1473
498 1472
499 448
500 447
501 1470
502 1469
503 2491
504 1466
505 1465
506 440
507 1462
508 2485
509 1461
510 1460
511 1459
496 2482
497 1457
498 1456
499 1454
500 1453
501 2475
502 1450
503 425
504 1448
505 1447
506 423
507 1447
508 1447
509 423
510 1447
511 1447
512 512  # eta_bin 32, pt 0
513 584
514 1608
515 1608
516 584
517 584
518 1608
519 1608
520 584
521 1608
522 1608
523 584
524 584
525 1608
526 1608
527 584
528 565
529 546
530 529
531 512
532 1521
533 1507
534 470
535 457
536 1470
537 434
538 424
539 1438
540 404
541 1419
542 387
543 1403
544 1397
545 367
546 362
547 1381
548 1377
549 1373
550 346
551 343
552 341
553 339
554 336
555 335
556 334
557 1357
558 1357
559 333
560 1358
561 1358
562 1360
563 338
564 341
565 344
566 347
567 350
568 353
569 356
570 1383
571 1386
572 1389
573 1392
574 1394
575 1396
576 1399
577 1401
578 1403
579 1404
580 1406
581 1408
582 385
583 387
584 388
585 390
586 391
587 393
588 1418
589 396
590 1421
591 399
592 401
593 1427
594 1429
595 1431
596 409
597 1435
598 412
599 412
600 1436
601 1437
602 1438
603 1439
604 1440
605 416
606 417
607 1441
608 1442
609 418
610 1441
611 1442
612 418
613 1442
614 1442
615 1443
616 1443
617 1444
618 1445
619 422
620 422
621 1446
622 1446
623 423
624 423
625 1447
626 1447
627 423
628 1447
629 1446
630 1446
631 1445
632 1444
633 419
634 1443
635 419
636 1443
637 1443
638 1443
639 1444
640 1445
641 1446
642 422
643 1446
644 423
645 1447
646 1448
647 1448
648 1449
649 1450
650 427
651 1451
652 1451
653 1451
654 428
655 428
656 1452
657 1452
658 1451
659 1451
660 1452
661 428
662 1451
663 1451
664 1450
665 427
666 1451
667 428
668 1452
669 429
670 1453
671 1453
672 1453
673 1454
674 1454
675 1455
676 431
677 1455
678 1455
679 1454
680 430
681 1453
682 1453
683 1452
684 1452
685 1452
686 1452
687 1451
688 1451
689 427
690 1450
691 2474
692 1450
693 426
694 425
695 424
696 423
697 1446
698 1445
699 1445
700 421
701 1445
702 1445
703 421
704 1445
705 1445
706 1445
707 1445
708 422
709 1446
710 423
711 1448
712 425
713 1450
714 1451
715 1451
716 1451
717 1451
718 1451
719 1451
720 1451
721 1450
722 1450
723 426
724 1449
725 2472
726 1448
727 424
728 2471
729 1447
730 423
731 1446
732 1446
733 422
734 1445
735 1445
736 1444
737 1443
738 1443
739 1442
740 1441
741 1440
742 1440
743 1439
744 414
745 2460
746 1435
747 1434
748 1433
749 2456
750 1432
751 2455
752 1431
753 406
754 2452
755 1427
756 402
757 2448
758 1423
759 1422
760 1422
761 1421
762 1421
763 1421
764 1421
765 1421
766 1421
767 1421
528 512  # eta_bin 33, pt 0
529 555
530 555
531 1579
532 1579
533 1579
534 555
535 555
536 555
537 1579
538 1579
539 1579
540 555
541 555
542 555
543 1579
528 1561
529 1544
530 503
531 488
532 1497
533 1484
534 447
535 436
536 1449
537 1438
538 405
539 1420
540 388
541 381
542 1397
543 1391
560 362
561 358
562 354
563 1375
564 1372
565 346
566 344
567 342
568 342
569 1365
570 1364
571 340
572 340
573 1364
574 341
575 1365
560 342
561 1367
562 344
563 1370
564 1373
565 353
566 356
567 359
568 363
569 1390
570 1393
571 1396
572 1399
573 378
574 380
575 383
592 385
593 387
594 389
595 390
596 392
597 1417
598 395
599 1420
600 1422
601 1423
602 1424
603 1426
604 1428
605 1429
606 407
607 1432
592 410
593 412
594 1438
595 1440
596 418
597 419
598 420
599 1444
600 1445
601 1445
602 1446
603 1447
604 424
605 424
606 1448
607 1449
624 425
625 425
626 1448
627 1448
628 425
629 1448
630 1448
631 1449
632 1449
633 1450
634 1451
635 1451
636 1452
637 428
638 1452
639 1452
624 1453
625 1453
626 429
627 1453
628 1452
629 1452
630 1451
631 426
632 1449
633 1449
634 424
635 1448
636 1448
637 1449
638 425
639 426
656 1451
657 427
658 1451
659 1451
660 1452
661 1452
662 428
663 429
664 1454
665 1454
666 1455
667 1456
668 432
669 1456
670 1456
671 1456
656 432
657 1456
658 1455
659 1455
660 1455
661 1455
662 1455
663 1454
664 1454
665 1454
666 431
667 1455
668 432
669 1456
670 1456
671 1456
688 1456
689 433
690 433
691 1457
692 1457
693 433
694 1457
695 1457
696 1456
697 432
698 1455
699 1455
700 1454
701 1454
702 430
703 1453
688 1453
689 1453
690 429
691 1453
692 1452
693 1452
694 1451
695 1450
696 1449
697 1448
698 1447
699 1447
700 1446
701 1446
702 1446
703 1446
720 1446
721 1447
722 1447
723 423
724 1447
725 1447
726 1448
727 1449
728 1450
729 1451
730 2475
731 1452
732 428
733 1452
734 1452
735 1451
720 2475
721 1451
722 427
723 1450
724 1450
725 1449
726 425
727 1448
728 1448
729 424
730 1447
731 1447
732 1447
733 1446
734 1446
735 1445
752 1445
753 1444
754 2467
755 2466
756 1442
757 417
758 1440
759 1439
760 1438
761 1437
762 1436
763 411
764 1434
765 1433
766 1432
767 1432
752 1431
753 1430
754 1429
755 1428
756 1426
757 1425
758 1424
759 1423
760 1422
761 398
762 1421
763 1421
764 2445
765 1421
766 2445
767 1421
544 512  # eta_bin 34, pt 0
545 572
546 572
547 1596
548 1596
549 572
550 572
551 1596
552 1596
553 572
554 572
555 1596
556 1596
557 572
558 572
559 1596
560 1577
561 1559
562 517
563 501
564 1510
565 1496
566 459
567 447
568 1459
569 424
570 414
571 1428
572 395
573 1411
574 379
575 372
544 1391
545 1386
546 357
547 353
548 349
549 346
550 1367
551 1365
552 340
553 338
554 337
555 1360
556 1360
557 336
558 1360
559 1361
560 337
561 1362
562 339
563 1365
564 1368
565 1371
566 1374
567 1377
568 357
569 360
570 363
571 366
572 1393
573 1395
574 1398
575 1400
608 1402
609 1404
610 1406
611 383
612 385
613 386
614 388
615 1413
616 1415
617 1416
618 1417
619 1419
620 1420
621 1422
622 1423
623 1425
624 1427
625 405
626 407
627 1433
628 1435
629 1436
630 1437
631 1437
632 414
633 1438
634 416
635 1440
636 1441
637 1441
638 1442
639 418
608 419
609 1442
610 418
611 1442
612 1442
613 1442
614 1442
615 1442
616 419
617 420
618 421
619 1445
620 422
621 1446
622 1446
623 1446
624 423
625 1447
626 1447
627 423
628 1446
629 1446
630 421
631 1444
632 1443
633 419
634 1442
635 1442
636 1443
637 1443
638 1443
639 1444
672 1445
673 421
674 1445
675 1445
676 1446
677 1446
678 423
679 423
680 424
681 1448
682 1449
683 426
684 1450
685 1450
686 1450
687 1450
688 1450
689 1450
690 1450
691 1450
692 426
693 1450
694 425
695 1449
696 1448
697 1448
698 1449
699 1449
700 1450
701 426
702 1450
703 1450
672 1450
673 1451
674 1451
675 1451
676 1451
677 1451
678 1451
679 1451
680 1450
681 426
682 1449
683 1449
684 1448
685 1448
686 424
687 1447
688 1447
689 1447
690 423
691 1447
692 1446
693 1446
694 1445
695 1444
696 1443
697 1442
698 1442
699 1441
700 417
701 1441
702 1441
703 417
736 1441
737 1441
738 1441
739 1441
740 1441
741 1442
742 1442
743 1443
744 1444
745 1445
746 1446
747 1446
748 1446
749 2470
750 1446
751 1446
752 1446
753 1446
754 1445
755 1445
756 2468
757 1444
758 1443
759 1443
760 1443
761 1442
762 2466
763 1442
764 418
765 2465
766 1441
767 1440
736 416
737 1439
738 1438
739 414
740 1437
741 1436
742 1435
743 2458
744 1433
745 1432
746 407
747 1430
748 1429
749 1428
750 1428
751 1427
752 2450
753 402
754 1424
755 1423
756 1422
757 2444
758 1419
759 1418
760 1418
761 1417
762 1417
763 1417
764 1417
765 1417
766 1417
767 1417
560 512  # eta_bin 35, pt 0
561 584
562 1608
563 1608
564 584
565 584
566 1608
567 1608
568 584
569 1608
570 1608
571 584
572 584
573 1608
574 1608
575 584
560 564
561 545
562 528
563 1535
564 1519
565 1505
566 468
567 1479
568 1467
569 432
570 1445
571 411
572 1426
573 1417
574 385
575 1401
560 371
561 365
562 1384
563 1380
564 1376
565 348
566 345
567 343
568 341
569 339
570 338
571 1361
572 1360
573 336
574 1360
575 1361
560 337
561 1362
562 339
563 1365
564 1368
565 1371
566 1374
567 1377
568 357
569 360
570 363
571 366
572 1393
573 1395
574 1398
575 1400
624 1402
625 1404
626 1406
627 383
628 385
629 386
630 388
631 1413
632 1415
633 1416
634 1417
635 1419
636 1420
637 1422
638 1423
639 1425
624 1426
625 1428
626 406
627 408
628 1434
629 1436
630 1436
631 413
632 1437
633 1438
634 1439
635 1440
636 1440
637 1441
638 417
639 418
624 1442
625 418
626 1441
627 1441
628 418
629 1441
630 417
631 418
632 1442
633 1443
634 1444
635 1445
636 1445
637 1445
638 1445
639 1445
624 1446
625 1446
626 1446
627 1446
628 1445
629 1445
630 421
631 420
632 419
633 1442
634 1441
635 1441
636 1442
637 418
638 1442
639 1443
688 420
689 1444
690 1444
691 1444
692 421
693 1445
694 1446
695 1446
696 1447
697 1448
698 1448
699 1449
700 1449
701 425
702 1449
703 1450
688 1449
689 1449
690 1449
691 425
692 1449
693 1449
694 1448
695 424
696 1447
697 1447
698 424
699 1448
700 1449
701 1449
702 425
703 1449
688 1449
689 1449
690 1450
691 1450
692 1450
693 1450
694 426
695 1449
696 1449
697 1448
698 1448
699 1447
700 1447
701 1447
702 1447
703 1446
688 422
689 1445
690 1445
691 1445
692 421
693 1445
694 1444
695 1443
696 1442
697 1441
698 1440
699 1440
700 1439
701 416
702 1440
703 416
752 416
753 1440
754 1440
755 1440
756 1440
757 1441
758 1441
759 2466
760 1443
761 2468
762 1445
763 2469
764 1445
765 1445
766 1445
767 1445
752 1445
753 1445
754 1444
755 1444
756 1444
757 1443
758 419
759 1442
760 1442
761 418
762 1441
763 1441
764 1441
765 1440
766 1440
767 416
752 1439
753 2462
754 1438
755 1437
756 2460
757 1435
758 1434
759 1433
760 2456
761 1431
762 1430
763 1429
764 1428
765 404
766 1427
767 1426
752 1426
753 1425
754 400
755 2446
756 1421
757 1420
758 1419
759 394
760 1417
761 393
762 2440
763 1416
764 2440
765 1416
766 2440
767 1416
576 512  # eta_bin 36, pt 0
577 608
578 1632
579 608
580 1632
581 1632
582 608
583 1632
584 608
585 608
586 1632
587 608
588 1632
589 1632
590 608
591 1632
592 1612
593 1593
594 1575
595 1557
596 517
597 503
598 489
599 1499
600 463
601 1474
602 1463
603 428
604 1442
605 408
606 1423
607 391
608 1407
609 1400
610 369
611 1386
612 1379
613 1374
614 345
615 342
616 1363
617 1359
618 331
619 328
620 326
621 1348
622 323
623 322
624 321
625 320
626 1344
627 1345
628 321
629 1346
630 323
631 1349
632 1351
633 330
634 332
635 1358
636 1360
637 1362
638 1364
639 343
576 345
577 347
578 1372
579 1373
580 351
581 1376
582 1378
583 1379
584 356
585 1381
586 1383
587 1384
588 361
589 1386
590 1388
591 1389
592 1391
593 1392
594 1394
595 1396
596 1398
597 1399
598 1400
599 377
600 1401
601 1402
602 379
603 380
604 1404
605 1405
606 1405
607 1406
608 382
609 1406
610 382
611 1406
612 1407
613 383
614 1407
615 1408
616 1409
617 1410
618 1412
619 1413
620 1414
621 1415
622 391
623 1416
624 1416
625 1417
626 393
627 1417
628 393
629 1417
630 393
631 1416
632 1416
633 1415
634 1415
635 1415
636 1416
637 1416
638 393
639 394
704 394
705 395
706 1419
707 1420
708 1420
709 1421
710 398
711 1422
712 1423
713 400
714 401
715 1425
716 1426
717 1426
718 1426
719 403
720 1427
721 403
722 1427
723 1427
724 2451
725 404
726 1428
727 1427
728 403
729 1427
730 404
731 1428
732 1429
733 1429
734 1429
735 406
736 1430
737 1431
738 1431
739 1432
740 408
741 1432
742 1432
743 408
744 1431
745 1431
746 1430
747 1430
748 1430
749 1430
750 1430
751 1429
752 1429
753 405
754 1429
755 405
756 1429
757 1428
758 404
759 403
760 1426
761 1425
762 401
763 1424
764 1424
765 1424
766 1425
767 401
704 1425
705 1425
706 1425
707 1425
708 1426
709 1426
710 1427
711 404
712 1429
713 1430
714 1431
715 1432
716 408
717 1432
718 1432
719 1432
720 1432
721 408
722 1432
723 1431
724 407
725 2454
726 1430
727 1430
728 2453
729 1429
730 1429
731 1429
732 405
733 1429
734 1428
735 1428
736 1427
737 1427
738 2450
739 402
740 1425
741 1424
742 1423
743 399
744 1422
745 397
746 1420
747 1419
748 394
749 2441
750 1417
751 2440
752 1416
753 391
754 1414
755 389
756 2435
757 1410
758 1409
759 1408
760 1407
761 1407
762 383
763 1407
764 383
765 1407
766 383
767 1407
592 512  # eta_bin 37, pt 0
593 1667
594 643
595 1667
596 643
597 1667
598 643
599 1667
600 643
601 1667
602 643
603 1667
604 643
605 1667
606 643
607 1667
592 1643
593 1620
594 575
595 557
596 540
597 1548
598 1533
599 1519
600 482
601 1493
602 1482
603 446
604 1460
605 426
606 1441
607 408
624 401
625 1418
626 1412
627 382
628 1400
629 1395
630 1391
631 364
632 361
633 358
634 1380
635 1379
636 1378
637 353
638 1378
639 1378
624 1378
625 1379
626 1379
627 1380
628 356
629 1380
630 357
631 359
632 1385
633 1387
634 1389
635 1391
636 1394
637 1396
638 1397
639 1399
592 377
593 379
594 1404
595 1405
596 1407
597 1408
598 385
599 386
600 388
601 1413
602 1414
603 1415
604 1416
605 393
606 395
607 396
592 398
593 1424
594 1425
595 1427
596 1429
597 1430
598 1431
599 407
600 1431
601 1432
602 1432
603 1433
604 410
605 1434
606 1434
607 1435
624 411
625 1435
626 1434
627 1434
628 410
629 1434
630 1433
631 1434
632 1434
633 1435
634 1436
635 1437
636 1438
637 1439
638 415
639 1439
624 416
625 1440
626 1441
627 417
628 1440
629 416
630 1440
631 1439
632 414
633 1438
634 1437
635 1438
636 1438
637 1438
638 415
639 416
720 416
721 417
722 1441
723 1441
724 1442
725 418
726 1442
727 1443
728 420
729 421
730 1445
731 422
732 1446
733 1446
734 1446
735 423
720 1447
721 1447
722 423
723 1447
724 1447
725 1447
726 1447
727 1446
728 1446
729 422
730 423
731 423
732 424
733 424
734 1448
735 1448
752 1449
753 1449
754 2473
755 426
756 1450
757 1450
758 426
759 1449
760 1449
761 1448
762 1448
763 1447
764 1447
765 1447
766 1447
767 1446
752 422
753 1446
754 422
755 1445
756 1445
757 1445
758 1444
759 1443
760 1442
761 1441
762 1440
763 1440
764 1440
765 416
766 1440
767 1440
720 416
721 1440
722 1440
723 2464
724 417
725 1441
726 418
727 1443
728 420
729 1445
730 1446
731 1446
732 1446
733 1446
734 1446
735 422
720 1446
721 1445
722 1445
723 1445
724 1444
725 420
726 1443
727 1443
728 1442
729 1442
730 1442
731 1442
732 1441
733 1441
734 2464
735 1440
752 416
753 1439
754 1438
755 1437
756 1437
757 1436
758 1435
759 1434
760 1433
761 1432
762 407
763 1430
764 1429
765 1428
766 1428
767 1427
752 2450
753 1425
754 1424
755 1423
756 398
757 2444
758 1419
759 1418
760 1418
761 1417
762 1417
763 1417
764 1417
765 1417
766 1417
767 1417
608 512  # eta_bin 38, pt 0
609 1666
610 642
611 1666
612 642
613 1666
614 642
615 1666
616 642
617 1666
618 642
619 1666
620 642
621 1666
622 642
623 1666
624 1642
625 1620
626 1600
627 558
628 541
629 525
630 1534
631 1520
632 483
633 1495
634 1484
635 449
636 439
637 1454
638 421
639 413
608 1430
609 1425
610 1421
611 1417
612 1414
613 388
614 386
615 1408
616 1407
617 381
618 380
619 1403
620 1402
621 1402
622 379
623 1403
624 380
625 1405
626 1405
627 382
628 1407
629 1408
630 385
631 1410
632 1412
633 1413
634 390
635 391
636 1416
637 1417
638 1418
639 396
608 397
609 398
610 1423
611 1424
612 1425
613 402
614 403
615 404
616 1429
617 1430
618 1430
619 407
620 408
621 409
622 1434
623 412
624 413
625 415
626 416
627 417
628 1441
629 1441
630 1440
631 416
632 1439
633 1440
634 416
635 417
636 1441
637 1441
638 417
639 1441
608 1441
609 417
610 416
611 1439
612 415
613 1438
614 1438
615 1438
616 1439
617 1439
618 1440
619 1441
620 418
621 1442
622 1442
623 1443
624 1443
625 420
626 420
627 1444
628 420
629 1443
630 419
631 1442
632 1441
633 417
634 1440
635 417
636 1441
637 1441
638 1442
639 1443
736 1443
737 1444
738 1444
739 1444
740 421
741 1445
742 1445
743 1446
744 1447
745 1447
746 1448
747 1449
748 1449
749 425
750 1449
751 1450
752 1450
753 426
754 1449
755 1450
756 1450
757 1450
758 1450
759 1449
760 425
761 425
762 1449
763 1450
764 1450
765 1451
766 1451
767 427
736 1451
737 428
738 1452
739 1452
740 1452
741 1452
742 1452
743 428
744 1451
745 1451
746 1450
747 1450
748 426
749 1450
750 1449
751 1449
752 1448
753 1448
754 1448
755 1448
756 424
757 423
758 1446
759 2469
760 2468
761 1443
762 1443
763 1442
764 1442
765 1442
766 1442
767 1442
736 1442
737 1442
738 1443
739 419
740 1443
741 1443
742 1444
743 1445
744 1446
745 1447
746 1448
747 1448
748 1448
749 1448
750 1448
751 1448
752 1448
753 424
754 2471
755 1447
756 1446
757 422
758 2469
759 1445
760 1444
761 1444
762 1444
763 420
764 1443
765 1443
766 419
767 1442
736 1442
737 1441
738 1440
739 1440
740 1439
741 1438
742 1437
743 1436
744 1435
745 410
746 1433
747 1432
748 407
749 2454
750 1430
751 1429
752 2452
753 1427
754 1426
755 1425
756 400
757 2446
758 1421
759 1420
760 1420
761 1419
762 1419
763 1419
764 1419
765 1419
766 1419
767 1419
624 512  # eta_bin 39, pt 0
625 785
626 785
627 785
628 785
629 785
630 785
631 785
632 1809
633 1809
634 1809
635 1809
636 1809
637 1809
638 1809
639 1809
624 752
625 724
626 699
627 677
628 658
629 1664
630 1647
631 1630
632 591
633 576
634 563
635 551
636 1562
637 1551
638 1540
639 506
624 498
625 492
626 1510
627 1504
628 1499
629 1493
630 1487
631 1482
632 1476
633 1471
634 1467
635 1463
636 1460
637 1459
638 1458
639 1458
624 433
625 1457
626 431
627 428
628 424
629 1444
630 1440
631 1438
632 412
633 1435
634 1434
635 409
636 1433
637 1433
638 409
639 1434
624 1435
625 1435
626 412
627 1436
628 1437
629 1438
630 415
631 416
632 416
633 1441
634 1442
635 1443
636 1444
637 1445
638 1446
639 1447
624 1448
625 1449
626 1450
627 1451
628 1450
629 426
630 1448
631 1447
632 1447
633 423
634 424
635 1448
636 1449
637 1449
638 425
639 1449
624 1449
625 1448
626 1447
627 422
628 1445
629 1444
630 420
631 1443
632 1444
633 1444
634 1445
635 1446
636 422
637 423
638 1447
639 1447
624 1448
625 1448
626 425
627 1449
628 424
629 1448
630 424
631 1447
632 1446
633 1445
634 1445
635 1445
636 422
637 422
638 1446
639 1447
752 424
753 1448
754 1449
755 1449
756 1449
757 426
758 1450
759 427
760 1451
761 428
762 1453
763 1453
764 430
765 1454
766 1454
767 1455
752 1455
753 431
754 1454
755 1455
756 1455
757 1455
758 1455
759 1454
760 1454
761 1454
762 1454
763 1455
764 1455
765 1456
766 1456
767 1456
752 1456
753 1457
754 433
755 1457
756 1457
757 1457
758 1457
759 1457
760 1456
761 432
762 1455
763 1455
764 1455
765 431
766 1454
767 1454
752 2477
753 1453
754 1453
755 1453
756 1453
757 1452
758 1451
759 1450
760 1449
761 1448
762 424
763 1447
764 1447
765 1447
766 1447
767 1447
752 1447
753 2471
754 1447
755 1447
756 1448
757 1448
758 1449
759 426
760 1451
761 1452
762 1453
763 1453
764 1453
765 1453
766 1453
767 1453
752 1453
753 429
754 1452
755 1452
756 1451
757 427
758 1450
759 1450
760 1449
761 1449
762 1449
763 1449
764 1448
765 424
766 2471
767 1447
752 1446
753 1446
754 1445
755 1444
756 1443
757 1443
758 1442
759 417
760 416
761 2462
762 1437
763 1436
764 2459
765 1435
766 1434
767 1434
752 1433
753 408
754 1431
755 1429
756 1428
757 1427
758 402
759 1425
760 1424
761 400
762 1423
763 1423
764 1423
765 1423
766 2447
767 1423
640 512  # eta_bin 40, pt 0
641 785
642 785
643 785
644 785
645 785
646 785
647 785
648 1809
649 1809
650 1809
651 1809
652 1809
653 1809
654 1809
655 1809
656 752
657 724
658 699
659 677
660 658
661 1664
662 1647
663 1630
664 591
665 576
666 563
667 551
668 1562
669 1551
670 1540
671 506
672 498
673 492
674 1510
675 1504
676 1499
677 1493
678 1487
679 1482
680 1476
681 1471
682 1467
683 1463
684 1460
685 1459
686 1458
687 1458
688 433
689 1457
690 431
691 428
692 424
693 1444
694 1440
695 1438
696 412
697 1435
698 1434
699 409
700 1433
701 1433
702 409
703 1434
704 1435
705 1435
706 412
707 1436
708 1437
709 1438
710 415
711 416
712 416
713 1441
714 1442
715 1443
716 1444
717 1445
718 1446
719 1447
720 1448
721 1449
722 1450
723 1451
724 1450
725 426
726 1448
727 1447
728 1447
729 423
730 424
731 1448
732 1449
733 1449
734 425
735 1449
736 1449
737 1448
738 1447
739 422
740 1445
741 1444
742 420
743 1443
744 1444
745 1444
746 1445
747 1446
748 422
749 423
750 1447
751 1447
752 1448
753 1448
754 425
755 1449
756 424
757 1448
758 424
759 1447
760 1446
761 1445
762 1445
763 1445
764 422
765 422
766 1446
767 1447
640 424
641 1448
642 1449
643 1449
644 1449
645 426
646 1450
647 427
648 1451
649 428
650 1453
651 1453
652 430
653 1454
654 1454
655 1455
656 1455
657 431
658 1454
659 1455
660 1455
661 1455
662 1455
663 1454
664 1454
665 1454
666 1454
667 1455
668 1455
669 1456
670 1456
671 1456
672 1456
673 1457
674 433
675 1457
676 1457
677 1457
678 1457
679 1457
680 1456
681 432
682 1455
683 1455
684 1455
685 431
686 1454
687 1454
688 2477
689 1453
690 1453
691 1453
692 1453
693 1452
694 1451
695 1450
696 1449
697 1448
698 424
699 1447
700 1447
701 1447
702 1447
703 1447
704 1447
705 2471
706 1447
707 1447
708 1448
709 1448
710 1449
711 426
712 1451
713 1452
714 1453
715 1453
716 1453
717 1453
718 1453
719 1453
720 1453
721 429
722 1452
723 1452
724 1451
725 427
726 1450
727 1450
728 1449
729 1449
730 1449
731 1449
732 1448
733 424
734 2471
735 1447
736 1446
737 1446
738 1445
739 1444
740 1443
741 1443
742 1442
743 417
744 416
745 2462
746 1437
747 1436
748 2459
749 1435
750 1434
751 1434
752 1433
753 408
754 1431
755 1429
756 1428
757 1427
758 402
759 1425
760 1424
761 400
762 1423
763 1423
764 1423
765 1423
766 2447
767 1423
