0 0 0 0 0 0 1.000000   # ieta [1, 2, 3, 4, 5], pt 0
0 1 19 10 0 1 1.823515
0 20 20 20 0 2 1.830890
0 21 21 21 0 3 1.826578
0 22 25 24 0 4 1.808399
0 26 29 28 0 5 1.773269
0 30 34 32 0 6 1.733078
0 35 40 38 0 7 1.685328
0 41 48 45 0 8 1.624129
0 49 58 54 0 9 1.569087
0 59 71 65 0 10 1.509413
0 72 88 80 0 11 1.449442
0 89 113 101 0 12 1.393985
0 114 155 135 0 13 1.331883
0 156 254 205 0 14 1.260491
0 255 255 255 0 15 1.229299
1 0 0 0 1 0 1.000000   # ieta [6, 7, 8, 9], pt 0
1 1 19 10 1 1 1.899154
1 20 20 20 1 2 1.899208
1 21 21 21 1 3 1.893069
1 22 25 24 1 4 1.872114
1 26 29 28 1 5 1.825718
1 30 34 32 1 6 1.781450
1 35 40 38 1 7 1.725782
1 41 48 45 1 8 1.661578
1 49 58 54 1 9 1.600031
1 59 71 65 1 10 1.538220
1 72 88 80 1 11 1.473309
1 89 113 101 1 12 1.414036
1 114 155 135 1 13 1.348812
1 156 254 205 1 14 1.274013
1 255 255 255 1 15 1.240366
2 0 0 0 2 0 1.000000   # ieta [10, 11, 12, 13], pt 0
2 1 19 10 2 1 1.981260
2 20 20 20 2 2 1.978228
2 21 21 21 2 3 1.967219
2 22 25 24 2 4 1.940859
2 26 29 28 2 5 1.888159
2 30 34 32 2 6 1.838247
2 35 40 38 2 7 1.784734
2 41 48 45 2 8 1.714608
2 49 58 54 2 9 1.648974
2 59 71 65 2 10 1.582558
2 72 88 80 2 11 1.513336
2 89 113 101 2 12 1.449417
2 114 155 135 2 13 1.377370
2 156 254 205 2 14 1.296369
2 255 255 255 2 15 1.259870
3 0 0 0 3 0 1.000000   # ieta [14, 15], pt 0
3 1 19 10 3 1 2.157280
3 20 20 20 3 2 2.145146
3 21 21 21 3 3 2.143787
3 22 25 24 3 4 2.107363
3 26 29 28 3 5 2.043519
3 30 34 32 3 6 1.975222
3 35 40 38 3 7 1.907718
3 41 48 45 3 8 1.829008
3 49 58 54 3 9 1.753979
3 59 71 65 3 10 1.673157
3 72 88 80 3 11 1.592705
3 89 113 101 3 12 1.518848
3 114 155 135 3 13 1.437159
3 156 254 205 3 14 1.346042
3 255 255 255 3 15 1.307802
4 0 0 0 4 0 1.000000   # ieta [16, 17], pt 0
4 1 19 10 4 1 2.318673
4 20 20 20 4 2 2.303709
4 21 21 21 4 3 2.301377
4 22 25 24 4 4 2.245643
4 26 29 28 4 5 2.174059
4 30 34 32 4 6 2.103914
4 35 40 38 4 7 2.027747
4 41 48 45 4 8 1.945615
4 49 58 54 4 9 1.865156
4 59 71 65 4 10 1.783327
4 72 88 80 4 11 1.702268
4 89 113 101 4 12 1.619256
4 114 155 135 4 13 1.539080
4 156 254 205 4 14 1.446402
4 255 255 255 4 15 1.409540
5 0 0 0 5 0 1.000000   # ieta [18, 19], pt 0
5 1 19 10 5 1 2.204743
5 20 20 20 5 2 2.205368
5 21 21 21 5 3 2.182066
5 22 25 24 5 4 2.134074
5 26 29 28 5 5 2.068141
5 30 34 32 5 6 1.989301
5 35 40 38 5 7 1.906798
5 41 48 45 5 8 1.825495
5 49 58 54 5 9 1.739893
5 59 71 65 5 10 1.652269
5 72 88 80 5 11 1.574728
5 89 113 101 5 12 1.492571
5 114 155 135 5 13 1.407698
5 156 254 205 5 14 1.312699
5 255 255 255 5 15 1.276036
6 0 0 0 6 0 1.000000   # ieta [20, 21], pt 0
6 1 19 10 6 1 2.215083
6 20 20 20 6 2 2.198144
6 21 21 21 6 3 2.187421
6 22 25 24 6 4 2.118116
6 26 29 28 6 5 2.031660
6 30 34 32 6 6 1.947406
6 35 40 38 6 7 1.867372
6 41 48 45 6 8 1.788660
6 49 58 54 6 9 1.705396
6 59 71 65 6 10 1.624277
6 72 88 80 6 11 1.547680
6 89 113 101 6 12 1.467630
6 114 155 135 6 13 1.387647
6 156 254 205 6 14 1.293805
6 255 255 255 6 15 1.257253
7 0 0 0 7 0 1.000000   # ieta [22], pt 0
7 1 19 10 7 1 2.166227
7 20 20 20 7 2 2.135865
7 21 21 21 7 3 2.132066
7 22 25 24 7 4 2.051170
7 26 29 28 7 5 1.969609
7 30 34 32 7 6 1.891943
7 35 40 38 7 7 1.816679
7 41 48 45 7 8 1.733386
7 49 58 54 7 9 1.655590
7 59 71 65 7 10 1.582895
7 72 88 80 7 11 1.509742
7 89 113 101 7 12 1.433877
7 114 155 135 7 13 1.358495
7 156 254 205 7 14 1.272496
7 255 255 255 7 15 1.239054
8 0 0 0 8 0 1.000000   # ieta [23], pt 0
8 1 19 10 8 1 2.037187
8 20 20 20 8 2 2.003677
8 21 21 21 8 3 1.994332
8 22 25 24 8 4 1.951342
8 26 29 28 8 5 1.883448
8 30 34 32 8 6 1.804633
8 35 40 38 8 7 1.741436
8 41 48 45 8 8 1.671593
8 49 58 54 8 9 1.597956
8 59 71 65 8 10 1.530110
8 72 88 80 8 11 1.463023
8 89 113 101 8 12 1.398195
8 114 155 135 8 13 1.325978
8 156 254 205 8 14 1.245859
8 255 255 255 8 15 1.215473
9 0 0 0 9 0 1.000000   # ieta [24], pt 0
9 1 19 10 9 1 1.645193
9 20 20 20 9 2 1.661386
9 21 21 21 9 3 1.654353
9 22 25 24 9 4 1.619466
9 26 29 28 9 5 1.595430
9 30 34 32 9 6 1.571261
9 35 40 38 9 7 1.532731
9 41 48 45 9 8 1.499328
9 49 58 54 9 9 1.459708
9 59 71 65 9 10 1.415252
9 72 88 80 9 11 1.364983
9 89 113 101 9 12 1.320003
9 114 155 135 9 13 1.263740
9 156 254 205 9 14 1.202450
9 255 255 255 9 15 1.175658
10 0 0 0 10 0 1.000000   # ieta [25], pt 0
10 1 19 10 10 1 1.585154
10 20 20 20 10 2 1.595767
10 21 21 21 10 3 1.567587
10 22 25 24 10 4 1.548270
10 26 29 28 10 5 1.532961
10 30 34 32 10 6 1.515416
10 35 40 38 10 7 1.490523
10 41 48 45 10 8 1.460553
10 49 58 54 10 9 1.426005
10 59 71 65 10 10 1.389762
10 72 88 80 10 11 1.343394
10 89 113 101 10 12 1.299150
10 114 155 135 10 13 1.247994
10 156 254 205 10 14 1.189556
10 255 255 255 10 15 1.164217
11 0 0 0 11 0 1.000000   # ieta [26], pt 0
11 1 19 10 11 1 1.470338
11 20 20 20 11 2 1.490053
11 21 21 21 11 3 1.475059
11 22 25 24 11 4 1.451053
11 26 29 28 11 5 1.459357
11 30 34 32 11 6 1.455205
11 35 40 38 11 7 1.441124
11 41 48 45 11 8 1.415809
11 49 58 54 11 9 1.388306
11 59 71 65 11 10 1.349157
11 72 88 80 11 11 1.305953
11 89 113 101 11 12 1.261516
11 114 155 135 11 13 1.212281
11 156 254 205 11 14 1.157031
11 255 255 255 11 15 1.136949
12 0 0 0 12 0 1.000000   # ieta [27, 28], pt 0
12 1 19 10 12 1 1.401419
12 20 20 20 12 2 1.399529
12 21 21 21 12 3 1.371090
12 22 25 24 12 4 1.349852
12 26 29 28 12 5 1.319740
12 30 34 32 12 6 1.311480
12 35 40 38 12 7 1.320223
12 41 48 45 12 8 1.321682
12 49 58 54 12 9 1.306577
12 59 71 65 12 10 1.272958
12 72 88 80 12 11 1.230617
12 89 113 101 12 12 1.186598
12 114 155 135 12 13 1.136962
12 156 254 205 12 14 1.084332
12 255 255 255 12 15 1.063575
13 0 0 0 13 0 1.000000   # ieta [29, 30, 31], pt 0
13 1 19 10 13 1 0.915924
13 20 20 20 13 2 0.913428
13 21 21 21 13 3 0.906718
13 22 25 24 13 4 0.903067
13 26 29 28 13 5 0.902136
13 30 34 32 13 6 0.904399
13 35 40 38 13 7 0.914326
13 41 48 45 13 8 0.924476
13 49 58 54 13 9 0.940188
13 59 71 65 13 10 0.947721
13 72 88 80 13 11 0.957114
13 89 113 101 13 12 0.958414
13 114 155 135 13 13 0.953284
13 156 254 205 13 14 0.946098
13 255 255 255 13 15 0.933459
14 0 0 0 14 0 1.000000   # ieta [32, 33, 34, 35], pt 0
14 1 19 10 14 1 0.900000
14 20 20 20 14 2 0.900000
14 21 21 21 14 3 0.900000
14 22 25 24 14 4 0.900000
14 26 29 28 14 5 0.900000
14 30 34 32 14 6 0.900000
14 35 40 38 14 7 0.900000
14 41 48 45 14 8 0.900000
14 49 58 54 14 9 0.900000
14 59 71 65 14 10 0.900000
14 72 88 80 14 11 0.900000
14 89 113 101 14 12 0.900000
14 114 155 135 14 13 0.900000
14 156 254 205 14 14 0.900000
14 255 255 255 14 15 0.900000
15 0 0 0 15 0 1.000000   # ieta [36, 37, 38, 39, 40], pt 0
15 1 19 10 15 1 1.046487
15 20 20 20 15 2 1.036570
15 21 21 21 15 3 1.040431
15 22 25 24 15 4 1.006327
15 26 29 28 15 5 0.962355
15 30 34 32 15 6 0.936793
15 35 40 38 15 7 0.914212
15 41 48 45 15 8 0.914341
15 49 58 54 15 9 0.901117
15 59 71 65 15 10 0.903133
15 72 88 80 15 11 0.900031
15 89 113 101 15 12 0.900000
15 114 155 135 15 13 0.900000
15 156 254 205 15 14 0.900000
15 255 255 255 15 15 0.900000
