# columns 
# CaloToolMPEtaBin PtMin PtMax avgPt IEtaBin_forLUT_col1 PtBin_forLUT SF
0 0 0 0 0 0 1.000000   # ieta [1], pt 0
0 1 15 8 0 1 1.427872
0 16 16 16 0 2 1.422504
0 17 17 17 0 3 1.418695
0 18 18 18 0 4 1.417084
0 19 19 19 0 5 1.424053
0 20 20 20 0 6 1.425048
0 21 21 21 0 7 1.426054
0 22 22 22 0 8 1.430522
0 23 23 23 0 9 1.445291
0 24 24 24 0 10 1.443265
0 25 25 25 0 11 1.442754
0 26 26 26 0 12 1.456087
0 27 27 27 0 13 1.461663
0 28 28 28 0 14 1.461663
0 29 29 29 0 15 1.463130
0 30 30 30 0 16 1.461704
0 31 31 31 0 17 1.452402
0 32 33 33 0 18 1.449481
0 34 35 35 0 19 1.451398
0 36 37 37 0 20 1.445952
0 38 39 39 0 21 1.434385
0 40 41 41 0 22 1.431642
0 42 43 43 0 23 1.422898
0 44 45 45 0 24 1.414058
0 46 47 47 0 25 1.406850
0 48 49 49 0 26 1.383541
0 50 51 51 0 27 1.377986
0 52 53 53 0 28 1.368467
0 54 55 55 0 29 1.359988
0 56 57 57 0 30 1.355625
0 58 59 59 0 31 1.354362
0 60 61 61 0 32 1.344496
0 62 64 63 0 33 1.337651
0 65 67 66 0 34 1.337790
0 68 70 69 0 35 1.325339
0 71 73 72 0 36 1.320530
0 74 76 75 0 37 1.306417
0 77 79 78 0 38 1.304837
0 80 82 81 0 39 1.302607
0 83 85 84 0 40 1.293687
0 86 88 87 0 41 1.279824
0 89 91 90 0 42 1.277060
0 92 94 93 0 43 1.270641
0 95 97 96 0 44 1.267748
0 98 100 99 0 45 1.265174
0 101 103 102 0 46 1.260756
0 104 109 107 0 47 1.253125
0 110 115 113 0 48 1.234076
0 116 121 119 0 49 1.231772
0 122 127 125 0 50 1.230252
0 128 133 131 0 51 1.224132
0 134 139 137 0 52 1.218776
0 140 145 143 0 53 1.217100
0 146 151 149 0 54 1.216004
0 152 157 155 0 55 1.205876
0 158 163 161 0 56 1.203442
0 164 169 167 0 57 1.202313
0 170 175 173 0 58 1.201180
0 176 181 179 0 59 1.200727
0 182 187 185 0 60 1.195271
0 188 193 191 0 61 1.183846
0 194 254 224 0 62 1.166567
0 255 255 255 0 63 1.125683
1 0 0 0 1 0 1.000000   # ieta [2], pt 0
1 1 15 8 1 1 1.484701
1 16 16 16 1 2 1.478345
1 17 17 17 1 3 1.473174
1 18 18 18 1 4 1.471501
1 19 19 19 1 5 1.472698
1 20 20 20 1 6 1.470016
1 21 21 21 1 7 1.471054
1 22 22 22 1 8 1.476243
1 23 23 23 1 9 1.491900
1 24 24 24 1 10 1.489809
1 25 25 25 1 11 1.490034
1 26 26 26 1 12 1.500234
1 27 27 27 1 13 1.500352
1 28 28 28 1 14 1.500352
1 29 29 29 1 15 1.497778
1 30 30 30 1 16 1.496318
1 31 31 31 1 17 1.485702
1 32 33 33 1 18 1.481051
1 34 35 35 1 19 1.477424
1 36 37 37 1 20 1.469940
1 38 39 39 1 21 1.454686
1 40 41 41 1 22 1.450598
1 42 43 43 1 23 1.441020
1 44 45 45 1 24 1.429283
1 46 47 47 1 25 1.423657
1 48 49 49 1 26 1.398499
1 50 51 51 1 27 1.392608
1 52 53 53 1 28 1.384008
1 54 55 55 1 29 1.376174
1 56 57 57 1 30 1.371648
1 58 59 59 1 31 1.369517
1 60 61 61 1 32 1.359541
1 62 64 63 1 33 1.352619
1 65 67 66 1 34 1.352760
1 68 70 69 1 35 1.339106
1 71 73 72 1 36 1.333843
1 74 76 75 1 37 1.319242
1 77 79 78 1 38 1.318531
1 80 82 81 1 39 1.318047
1 83 85 84 1 40 1.309021
1 86 88 87 1 41 1.295972
1 89 91 90 1 42 1.293173
1 92 94 93 1 43 1.286490
1 95 97 96 1 44 1.283469
1 98 100 99 1 45 1.280863
1 101 103 102 1 46 1.275898
1 104 109 107 1 47 1.266575
1 110 115 113 1 48 1.246549
1 116 121 119 1 49 1.244192
1 122 127 125 1 50 1.242657
1 128 133 131 1 51 1.234703
1 134 139 137 1 52 1.228946
1 140 145 143 1 53 1.227191
1 146 151 149 1 54 1.225762
1 152 157 155 1 55 1.213518
1 158 163 161 1 56 1.210628
1 164 169 167 1 57 1.209431
1 170 175 173 1 58 1.208292
1 176 181 179 1 59 1.207836
1 182 187 185 1 60 1.202348
1 188 193 191 1 61 1.190855
1 194 254 224 1 62 1.175384
1 255 255 255 1 63 1.134684
2 0 0 0 2 0 1.000000   # ieta [3], pt 0
2 1 15 8 2 1 1.525795
2 16 16 16 2 2 1.517292
2 17 17 17 2 3 1.505330
2 18 18 18 2 4 1.502791
2 19 19 19 2 5 1.499629
2 20 20 20 2 6 1.494881
2 21 21 21 2 7 1.495082
2 22 22 22 2 8 1.500356
2 23 23 23 2 9 1.513064
2 24 24 24 2 10 1.514380
2 25 25 25 2 11 1.517925
2 26 26 26 2 12 1.526866
2 27 27 27 2 13 1.526987
2 28 28 28 2 14 1.526987
2 29 29 29 2 15 1.517175
2 30 30 30 2 16 1.515425
2 31 31 31 2 17 1.504674
2 32 33 33 2 18 1.499292
2 34 35 35 2 19 1.492603
2 36 37 37 2 20 1.483085
2 38 39 39 2 21 1.466141
2 40 41 41 2 22 1.461709
2 42 43 43 2 23 1.445589
2 44 45 45 2 24 1.431367
2 46 47 47 2 25 1.424520
2 48 49 49 2 26 1.399883
2 50 51 51 2 27 1.394114
2 52 53 53 2 28 1.385380
2 54 55 55 2 29 1.377538
2 56 57 57 2 30 1.374342
2 58 59 59 2 31 1.372144
2 60 61 61 2 32 1.362149
2 62 64 63 2 33 1.355562
2 65 67 66 2 34 1.355703
2 68 70 69 2 35 1.342019
2 71 73 72 2 36 1.336745
2 74 76 75 2 37 1.323841
2 77 79 78 2 38 1.324098
2 80 82 81 2 39 1.323611
2 83 85 84 2 40 1.314548
2 86 88 87 2 41 1.300399
2 89 91 90 2 42 1.297068
2 92 94 93 2 43 1.290115
2 95 97 96 2 44 1.286960
2 98 100 99 2 45 1.284346
2 101 103 102 2 46 1.279602
2 104 109 107 2 47 1.270721
2 110 115 113 2 48 1.250514
2 116 121 119 2 49 1.248035
2 122 127 125 2 50 1.246495
2 128 133 131 2 51 1.238517
2 134 139 137 2 52 1.232742
2 140 145 143 2 53 1.230853
2 146 151 149 2 54 1.228777
2 152 157 155 2 55 1.216502
2 158 163 161 2 56 1.213224
2 164 169 167 2 57 1.211265
2 170 175 173 2 58 1.211784
2 176 181 179 2 59 1.209667
2 182 187 185 2 60 1.203787
2 188 193 191 2 61 1.191897
2 194 254 224 2 62 1.175764
2 255 255 255 2 63 1.135050
3 0 0 0 3 0 1.000000   # ieta [4], pt 0
3 1 15 8 3 1 1.527336
3 16 16 16 3 2 1.519989
3 17 17 17 3 3 1.507363
3 18 18 18 3 4 1.504821
3 19 19 19 3 5 1.505040
3 20 20 20 3 6 1.500275
3 21 21 21 3 7 1.500477
3 22 22 22 3 8 1.505770
3 23 23 23 3 9 1.517885
3 24 24 24 3 10 1.516434
3 25 25 25 3 11 1.518450
3 26 26 26 3 12 1.527395
3 27 27 27 3 13 1.527516
3 28 28 28 3 14 1.527516
3 29 29 29 3 15 1.519349
3 30 30 30 3 16 1.515950
3 31 31 31 3 17 1.506021
3 32 33 33 3 18 1.500412
3 34 35 35 3 19 1.493217
3 36 37 37 3 20 1.483420
3 38 39 39 3 21 1.468005
3 40 41 41 3 22 1.463567
3 42 43 43 3 23 1.448641
3 44 45 45 3 24 1.437670
3 46 47 47 3 25 1.430793
3 48 49 49 3 26 1.410207
3 50 51 51 3 27 1.404628
3 52 53 53 3 28 1.395828
3 54 55 55 3 29 1.387927
3 56 57 57 3 30 1.385352
3 58 59 59 3 31 1.383138
3 60 61 61 3 32 1.372422
3 62 64 63 3 33 1.365785
3 65 67 66 3 34 1.365621
3 68 70 69 3 35 1.350490
3 71 73 72 3 36 1.345182
3 74 76 75 3 37 1.331081
3 77 79 78 3 38 1.330662
3 80 82 81 3 39 1.328819
3 83 85 84 3 40 1.317945
3 86 88 87 3 41 1.302160
3 89 91 90 3 42 1.297840
3 92 94 93 3 43 1.290883
3 95 97 96 3 44 1.287726
3 98 100 99 3 45 1.285110
3 101 103 102 3 46 1.280363
3 104 109 107 3 47 1.271477
3 110 115 113 3 48 1.251258
3 116 121 119 3 49 1.248777
3 122 127 125 3 50 1.247237
3 128 133 131 3 51 1.239033
3 134 139 137 3 52 1.233211
3 140 145 143 3 53 1.231322
3 146 151 149 3 54 1.229244
3 152 157 155 3 55 1.216562
3 158 163 161 3 56 1.213285
3 164 169 167 3 57 1.211325
3 170 175 173 3 58 1.211844
3 176 181 179 3 59 1.209727
3 182 187 185 3 60 1.203847
3 188 193 191 3 61 1.191956
3 194 254 224 3 62 1.175822
3 255 255 255 3 63 1.135107
4 0 0 0 4 0 1.000000   # ieta [5], pt 0
4 1 15 8 4 1 1.565522
4 16 16 16 4 2 1.561563
4 17 17 17 4 3 1.552043
4 18 18 18 4 4 1.549425
4 19 19 19 4 5 1.549651
4 20 20 20 4 6 1.544744
4 21 21 21 4 7 1.544953
4 22 22 22 4 8 1.548893
4 23 23 23 4 9 1.572038
4 24 24 24 4 10 1.570536
4 25 25 25 4 11 1.561936
4 26 26 26 4 12 1.565924
4 27 27 27 4 13 1.566666
4 28 28 28 4 14 1.566666
4 29 29 29 4 15 1.561563
4 30 30 30 4 16 1.561636
4 31 31 31 4 17 1.542650
4 32 33 33 4 18 1.534073
4 34 35 35 4 19 1.516870
4 36 37 37 4 20 1.506034
4 38 39 39 4 21 1.493219
4 40 41 41 4 22 1.488705
4 42 43 43 4 23 1.472006
4 44 45 45 4 24 1.458042
4 46 47 47 4 25 1.448311
4 48 49 49 4 26 1.427411
4 50 51 51 4 27 1.419606
4 52 53 53 4 28 1.407914
4 54 55 55 4 29 1.397182
4 56 57 57 4 30 1.393346
4 58 59 59 4 31 1.390822
4 60 61 61 4 32 1.380315
4 62 64 63 4 33 1.374952
4 65 67 66 4 34 1.374210
4 68 70 69 4 35 1.357020
4 71 73 72 4 36 1.352046
4 74 76 75 4 37 1.339393
4 77 79 78 4 38 1.338971
4 80 82 81 4 39 1.337116
4 83 85 84 4 40 1.327508
4 86 88 87 4 41 1.312957
4 89 91 90 4 42 1.308008
4 92 94 93 4 43 1.300997
4 95 97 96 4 44 1.297815
4 98 100 99 4 45 1.295425
4 101 103 102 4 46 1.292938
4 104 109 107 4 47 1.284798
4 110 115 113 4 48 1.264297
4 116 121 119 4 49 1.262664
4 122 127 125 4 50 1.260574
4 128 133 131 4 51 1.250691
4 134 139 137 4 52 1.244815
4 140 145 143 4 53 1.242908
4 146 151 149 4 54 1.240698
4 152 157 155 4 55 1.225636
4 158 163 161 4 56 1.221990
4 164 169 167 4 57 1.220016
4 170 175 173 4 58 1.220539
4 176 181 179 4 59 1.218407
4 182 187 185 4 60 1.211984
4 188 193 191 4 61 1.199513
4 194 254 224 4 62 1.182610
4 255 255 255 4 63 1.150332
5 0 0 0 5 0 1.000000   # ieta [6], pt 0
5 1 15 8 5 1 1.693748
5 16 16 16 5 2 1.673583
5 17 17 17 5 3 1.659461
5 18 18 18 5 4 1.656662
5 19 19 19 5 5 1.656904
5 20 20 20 5 6 1.646691
5 21 21 21 5 7 1.646913
5 22 22 22 5 8 1.646720
5 23 23 23 5 9 1.664398
5 24 24 24 5 10 1.661020
5 25 25 25 5 11 1.652209
5 26 26 26 5 12 1.638293
5 27 27 27 5 13 1.629690
5 28 28 28 5 14 1.629690
5 29 29 29 5 15 1.620552
5 30 30 30 5 16 1.615837
5 31 31 31 5 17 1.594688
5 32 33 33 5 18 1.584526
5 34 35 35 5 19 1.569139
5 36 37 37 5 20 1.545624
5 38 39 39 5 21 1.525130
5 40 41 41 5 22 1.524726
5 42 43 43 5 23 1.501075
5 44 45 45 5 24 1.488673
5 46 47 47 5 25 1.477839
5 48 49 49 5 26 1.456156
5 50 51 51 5 27 1.448603
5 52 53 53 5 28 1.437851
5 54 55 55 5 29 1.429824
5 56 57 57 5 30 1.420806
5 58 59 59 5 31 1.418233
5 60 61 61 5 32 1.407527
5 62 64 63 5 33 1.400938
5 65 67 66 5 34 1.399584
5 68 70 69 5 35 1.382320
5 71 73 72 5 36 1.376487
5 74 76 75 5 37 1.357896
5 77 79 78 5 38 1.356535
5 80 82 81 5 39 1.354656
5 83 85 84 5 40 1.343228
5 86 88 87 5 41 1.329055
5 89 91 90 5 42 1.323353
5 92 94 93 5 43 1.314779
5 95 97 96 5 44 1.310819
5 98 100 99 5 45 1.303099
5 101 103 102 5 46 1.300597
5 104 109 107 5 47 1.292182
5 110 115 113 5 48 1.271093
5 116 121 119 5 49 1.269206
5 122 127 125 5 50 1.267105
5 128 133 131 5 51 1.258654
5 134 139 137 5 52 1.253244
5 140 145 143 5 53 1.252355
5 146 151 149 5 54 1.250129
5 152 157 155 5 55 1.234438
5 158 163 161 5 56 1.230172
5 164 169 167 5 57 1.227205
5 170 175 173 5 58 1.227731
5 176 181 179 5 59 1.225346
5 182 187 185 5 60 1.217422
5 188 193 191 5 61 1.204628
5 194 254 224 5 62 1.187155
5 255 255 255 5 63 1.154351
6 0 0 0 6 0 1.000000   # ieta [7], pt 0
6 1 15 8 6 1 1.700948
6 16 16 16 6 2 1.680697
6 17 17 17 6 3 1.667485
6 18 18 18 6 4 1.667926
6 19 19 19 6 5 1.668801
6 20 20 20 6 6 1.663783
6 21 21 21 6 7 1.664007
6 22 22 22 6 8 1.662649
6 23 23 23 6 9 1.671120
6 24 24 24 6 10 1.667729
6 25 25 25 6 11 1.658155
6 26 26 26 6 12 1.644189
6 27 27 27 6 13 1.635555
6 28 28 28 6 14 1.635555
6 29 29 29 6 15 1.625478
6 30 30 30 6 16 1.618988
6 31 31 31 6 17 1.597798
6 32 33 33 6 18 1.587028
6 34 35 35 6 19 1.570784
6 36 37 37 6 20 1.546248
6 38 39 39 6 21 1.524987
6 40 41 41 6 22 1.524583
6 42 43 43 6 23 1.500934
6 44 45 45 6 24 1.488533
6 46 47 47 6 25 1.477700
6 48 49 49 6 26 1.456020
6 50 51 51 6 27 1.448467
6 52 53 53 6 28 1.437717
6 54 55 55 6 29 1.429690
6 56 57 57 6 30 1.420673
6 58 59 59 6 31 1.418100
6 60 61 61 6 32 1.407395
6 62 64 63 6 33 1.400807
6 65 67 66 6 34 1.399453
6 68 70 69 6 35 1.382190
6 71 73 72 6 36 1.376358
6 74 76 75 6 37 1.357769
6 77 79 78 6 38 1.356407
6 80 82 81 6 39 1.354529
6 83 85 84 6 40 1.343101
6 86 88 87 6 41 1.328930
6 89 91 90 6 42 1.323229
6 92 94 93 6 43 1.316139
6 95 97 96 6 44 1.312921
6 98 100 99 6 45 1.307047
6 101 103 102 6 46 1.304537
6 104 109 107 6 47 1.296364
6 110 115 113 6 48 1.280161
6 116 121 119 6 49 1.278260
6 122 127 125 6 50 1.276144
6 128 133 131 6 51 1.267276
6 134 139 137 6 52 1.260044
6 140 145 143 6 53 1.259151
6 146 151 149 6 54 1.257177
6 152 157 155 6 55 1.238922
6 158 163 161 6 56 1.233877
6 164 169 167 6 57 1.230900
6 170 175 173 6 58 1.231428
6 176 181 179 6 59 1.229035
6 182 187 185 6 60 1.220836
6 188 193 191 6 61 1.207754
6 194 254 224 6 62 1.190236
6 255 255 255 6 63 1.157347
7 0 0 0 7 0 1.000000   # ieta [8], pt 0
7 1 15 8 7 1 1.693221
7 16 16 16 7 2 1.667592
7 17 17 17 7 3 1.649613
7 18 18 18 7 4 1.671264
7 19 19 19 7 5 1.672141
7 20 20 20 7 6 1.667113
7 21 21 21 7 7 1.667338
7 22 22 22 7 8 1.665461
7 23 23 23 7 9 1.670709
7 24 24 24 7 10 1.668565
7 25 25 25 7 11 1.654220
7 26 26 26 7 12 1.640287
7 27 27 27 7 13 1.633289
7 28 28 28 7 14 1.633289
7 29 29 29 7 15 1.624130
7 30 30 30 7 16 1.617646
7 31 31 31 7 17 1.596473
7 32 33 33 7 18 1.586074
7 34 35 35 7 19 1.570202
7 36 37 37 7 20 1.545675
7 38 39 39 7 21 1.524422
7 40 41 41 7 22 1.524018
7 42 43 43 7 23 1.500378
7 44 45 45 7 24 1.487982
7 46 47 47 7 25 1.477153
7 48 49 49 7 26 1.455481
7 50 51 51 7 27 1.447931
7 52 53 53 7 28 1.437184
7 54 55 55 7 29 1.429160
7 56 57 57 7 30 1.420147
7 58 59 59 7 31 1.417574
7 60 61 61 7 32 1.406873
7 62 64 63 7 33 1.400288
7 65 67 66 7 34 1.398934
7 68 70 69 7 35 1.381678
7 71 73 72 7 36 1.375848
7 74 76 75 7 37 1.356643
7 77 79 78 7 38 1.355283
7 80 82 81 7 39 1.353406
7 83 85 84 7 40 1.341988
7 86 88 87 7 41 1.327828
7 89 91 90 7 42 1.322132
7 92 94 93 7 43 1.315048
7 95 97 96 7 44 1.311833
7 98 100 99 7 45 1.305963
7 101 103 102 7 46 1.303455
7 104 109 107 7 47 1.295289
7 110 115 113 7 48 1.279255
7 116 121 119 7 49 1.277355
7 122 127 125 7 50 1.275241
7 128 133 131 7 51 1.266379
7 134 139 137 7 52 1.259153
7 140 145 143 7 53 1.258260
7 146 151 149 7 54 1.256288
7 152 157 155 7 55 1.238045
7 158 163 161 7 56 1.233003
7 164 169 167 7 57 1.230029
7 170 175 173 7 58 1.230556
7 176 181 179 7 59 1.228165
7 182 187 185 7 60 1.219972
7 188 193 191 7 61 1.206900
7 194 254 224 7 62 1.189730
7 255 255 255 7 63 1.157083
8 0 0 0 8 0 1.000000   # ieta [9], pt 0
8 1 15 8 8 1 1.793087
8 16 16 16 8 2 1.762221
8 17 17 17 8 3 1.743787
8 18 18 18 8 4 1.747672
8 19 19 19 8 5 1.748589
8 20 20 20 8 6 1.743331
8 21 21 21 8 7 1.744895
8 22 22 22 8 8 1.740238
8 23 23 23 8 9 1.744015
8 24 24 24 8 10 1.736797
8 25 25 25 8 11 1.718258
8 26 26 26 8 12 1.701986
8 27 27 27 8 13 1.685889
8 28 28 28 8 14 1.688700
8 29 29 29 8 15 1.672019
8 30 30 30 8 16 1.662760
8 31 31 31 8 17 1.633167
8 32 33 33 8 18 1.622912
8 34 35 35 8 19 1.602559
8 36 37 37 8 20 1.580191
8 38 39 39 8 21 1.561090
8 40 41 41 8 22 1.559191
8 42 43 43 8 23 1.531541
8 44 45 45 8 24 1.516072
8 46 47 47 8 25 1.506852
8 48 49 49 8 26 1.488232
8 50 51 51 8 27 1.482264
8 52 53 53 8 28 1.465052
8 54 55 55 8 29 1.456873
8 56 57 57 8 30 1.450419
8 58 59 59 8 31 1.448051
8 60 61 61 8 32 1.432205
8 62 64 63 8 33 1.422963
8 65 67 66 8 34 1.421588
8 68 70 69 8 35 1.403492
8 71 73 72 8 36 1.395835
8 74 76 75 8 37 1.375036
8 77 79 78 8 38 1.373488
8 80 82 81 8 39 1.371586
8 83 85 84 8 40 1.360015
8 86 88 87 8 41 1.346077
8 89 91 90 8 42 1.336210
8 92 94 93 8 43 1.329050
8 95 97 96 8 44 1.325800
8 98 100 99 8 45 1.317745
8 101 103 102 8 46 1.315807
8 104 109 107 8 47 1.306478
8 110 115 113 8 48 1.287776
8 116 121 119 8 49 1.281337
8 122 127 125 8 50 1.278311
8 128 133 131 8 51 1.269428
8 134 139 137 8 52 1.262184
8 140 145 143 8 53 1.261289
8 146 151 149 8 54 1.259312
8 152 157 155 8 55 1.243383
8 158 163 161 8 56 1.238797
8 164 169 167 8 57 1.235809
8 170 175 173 8 58 1.236339
8 176 181 179 8 59 1.233936
8 182 187 185 8 60 1.225705
8 188 193 191 8 61 1.212571
8 194 254 224 8 62 1.195320
8 255 255 255 8 63 1.162520
9 0 0 0 9 0 1.000000   # ieta [10], pt 0
9 1 15 8 9 1 1.809145
9 16 16 16 9 2 1.778642
9 17 17 17 9 3 1.769636
9 18 18 18 9 4 1.757908
9 19 19 19 9 5 1.764646
9 20 20 20 9 6 1.757599
9 21 21 21 9 7 1.759177
9 22 22 22 9 8 1.753772
9 23 23 23 9 9 1.757578
9 24 24 24 9 10 1.750304
9 25 25 25 9 11 1.724029
9 26 26 26 9 12 1.707702
9 27 27 27 9 13 1.691551
9 28 28 28 9 14 1.694371
9 29 29 29 9 15 1.676549
9 30 30 30 9 16 1.667265
9 31 31 31 9 17 1.637414
9 32 33 33 9 18 1.628269
9 34 35 35 9 19 1.606434
9 36 37 37 9 20 1.584012
9 38 39 39 9 21 1.564865
9 40 41 41 9 22 1.562553
9 42 43 43 9 23 1.534441
9 44 45 45 9 24 1.518943
9 46 47 47 9 25 1.509882
9 48 49 49 9 26 1.491064
9 50 51 51 9 27 1.484971
9 52 53 53 9 28 1.468647
9 54 55 55 9 29 1.460447
9 56 57 57 9 30 1.453443
9 58 59 59 9 31 1.450535
9 60 61 61 9 32 1.434662
9 62 64 63 9 33 1.425404
9 65 67 66 9 34 1.424027
9 68 70 69 9 35 1.405899
9 71 73 72 9 36 1.398230
9 74 76 75 9 37 1.377395
9 77 79 78 9 38 1.375844
9 80 82 81 9 39 1.373939
9 83 85 84 9 40 1.362348
9 86 88 87 9 41 1.348386
9 89 91 90 9 42 1.338502
9 92 94 93 9 43 1.331330
9 95 97 96 9 44 1.328075
9 98 100 99 9 45 1.320005
9 101 103 102 9 46 1.318064
9 104 109 107 9 47 1.308719
9 110 115 113 9 48 1.289750
9 116 121 119 9 49 1.283067
9 122 127 125 9 50 1.280037
9 128 133 131 9 51 1.270404
9 134 139 137 9 52 1.262640
9 140 145 143 9 53 1.261744
9 146 151 149 9 54 1.259767
9 152 157 155 9 55 1.243832
9 158 163 161 9 56 1.239224
9 164 169 167 9 57 1.236192
9 170 175 173 9 58 1.236723
9 176 181 179 9 59 1.234320
9 182 187 185 9 60 1.226085
9 188 193 191 9 61 1.212947
9 194 254 224 9 62 1.195603
9 255 255 255 9 63 1.162639
10 0 0 0 10 0 1.000000   # ieta [11], pt 0
10 1 15 8 10 1 1.764043
10 16 16 16 10 2 1.743032
10 17 17 17 10 3 1.738452
10 18 18 18 10 4 1.737787
10 19 19 19 10 5 1.738699
10 20 20 20 10 6 1.733470
10 21 21 21 10 7 1.733704
10 22 22 22 10 8 1.728378
10 23 23 23 10 9 1.731579
10 24 24 24 10 10 1.724856
10 25 25 25 10 11 1.713211
10 26 26 26 10 12 1.695423
10 27 27 27 10 13 1.679389
10 28 28 28 10 14 1.688921
10 29 29 29 10 15 1.672716
10 30 30 30 10 16 1.663453
10 31 31 31 10 17 1.633670
10 32 33 33 10 18 1.624546
10 34 35 35 10 19 1.601386
10 36 37 37 10 20 1.577671
10 38 39 39 10 21 1.559446
10 40 41 41 10 22 1.557843
10 42 43 43 10 23 1.530507
10 44 45 45 10 24 1.515049
10 46 47 47 10 25 1.505625
10 48 49 49 10 26 1.486983
10 50 51 51 10 27 1.481867
10 52 53 53 10 28 1.465577
10 54 55 55 10 29 1.457395
10 56 57 57 10 30 1.451333
10 58 59 59 10 31 1.449020
10 60 61 61 10 32 1.433163
10 62 64 63 10 33 1.423916
10 65 67 66 10 34 1.422539
10 68 70 69 10 35 1.404431
10 71 73 72 10 36 1.396769
10 74 76 75 10 37 1.375956
10 77 79 78 10 38 1.374407
10 80 82 81 10 39 1.372504
10 83 85 84 10 40 1.360925
10 86 88 87 10 41 1.348144
10 89 91 90 10 42 1.338846
10 92 94 93 10 43 1.333161
10 95 97 96 10 44 1.330651
10 98 100 99 10 45 1.322566
10 101 103 102 10 46 1.320621
10 104 109 107 10 47 1.312343
10 110 115 113 10 48 1.298692
10 116 121 119 10 49 1.291962
10 122 127 125 10 50 1.288074
10 128 133 131 10 51 1.277259
10 134 139 137 10 52 1.268014
10 140 145 143 10 53 1.267114
10 146 151 149 10 54 1.265128
10 152 157 155 10 55 1.246619
10 158 163 161 10 56 1.241542
10 164 169 167 10 57 1.238603
10 170 175 173 10 58 1.239134
10 176 181 179 10 59 1.236726
10 182 187 185 10 60 1.228476
10 188 193 191 10 61 1.215312
10 194 254 224 10 62 1.198941
10 255 255 255 10 63 1.165865
11 0 0 0 11 0 1.000000   # ieta [12], pt 0
11 1 15 8 11 1 1.727700
11 16 16 16 11 2 1.712939
11 17 17 17 11 3 1.710038
11 18 18 18 11 4 1.709384
11 19 19 19 11 5 1.713528
11 20 20 20 11 6 1.708375
11 21 21 21 11 7 1.705922
11 22 22 22 11 8 1.700635
11 23 23 23 11 9 1.704708
11 24 24 24 11 10 1.698090
11 25 25 25 11 11 1.698179
11 26 26 26 11 12 1.682879
11 27 27 27 11 13 1.672288
11 28 28 28 11 14 1.681516
11 29 29 29 11 15 1.670136
11 30 30 30 11 16 1.660888
11 31 31 31 11 17 1.631150
11 32 33 33 11 18 1.622684
11 34 35 35 11 19 1.600191
11 36 37 37 11 20 1.576494
11 38 39 39 11 21 1.558581
11 40 41 41 11 22 1.558150
11 42 43 43 11 23 1.531666
11 44 45 45 11 24 1.516196
11 46 47 47 11 25 1.506765
11 48 49 49 11 26 1.485077
11 50 51 51 11 27 1.479968
11 52 53 53 11 28 1.464705
11 54 55 55 11 29 1.457528
11 56 57 57 11 30 1.450550
11 58 59 59 11 31 1.447047
11 60 61 61 11 32 1.430936
11 62 64 63 11 33 1.422576
11 65 67 66 11 34 1.421201
11 68 70 69 11 35 1.403110
11 71 73 72 11 36 1.395455
11 74 76 75 11 37 1.374662
11 77 79 78 11 38 1.373114
11 80 82 81 11 39 1.371213
11 83 85 84 11 40 1.359645
11 86 88 87 11 41 1.346875
11 89 91 90 11 42 1.337586
11 92 94 93 11 43 1.331907
11 95 97 96 11 44 1.329399
11 98 100 99 11 45 1.321321
11 101 103 102 11 46 1.319378
11 104 109 107 11 47 1.311108
11 110 115 113 11 48 1.299703
11 116 121 119 11 49 1.293205
11 122 127 125 11 50 1.290010
11 128 133 131 11 51 1.279873
11 134 139 137 11 52 1.270609
11 140 145 143 11 53 1.269707
11 146 151 149 11 54 1.267717
11 152 157 155 11 55 1.249170
11 158 163 161 11 56 1.244083
11 164 169 167 11 57 1.241138
11 170 175 173 11 58 1.241670
11 176 181 179 11 59 1.239257
11 182 187 185 11 60 1.230492
11 188 193 191 11 61 1.214801
11 194 254 224 11 62 1.192848
11 255 255 255 11 63 1.154896
12 0 0 0 12 0 1.000000   # ieta [13], pt 0
12 1 15 8 12 1 1.820480
12 16 16 16 12 2 1.799080
12 17 17 17 12 3 1.797803
12 18 18 18 12 4 1.797822
12 19 19 19 12 5 1.798084
12 20 20 20 12 6 1.786860
12 21 21 21 12 7 1.787101
12 22 22 22 12 8 1.773092
12 23 23 23 12 9 1.774893
12 24 24 24 12 10 1.766806
12 25 25 25 12 11 1.756267
12 26 26 26 12 12 1.733597
12 27 27 27 12 13 1.718687
12 28 28 28 12 14 1.718687
12 29 29 29 12 15 1.698396
12 30 30 30 12 16 1.693503
12 31 31 31 12 17 1.663181
12 32 33 33 12 18 1.651430
12 34 35 35 12 19 1.626829
12 36 37 37 12 20 1.613885
12 38 39 39 12 21 1.602610
12 40 41 41 12 22 1.600649
12 42 43 43 12 23 1.573047
12 44 45 45 12 24 1.555327
12 46 47 47 12 25 1.546771
12 48 49 49 12 26 1.519346
12 50 51 51 12 27 1.509171
12 52 53 53 12 28 1.487428
12 54 55 55 12 29 1.475183
12 56 57 57 12 30 1.469949
12 58 59 59 12 31 1.466998
12 60 61 61 12 32 1.453950
12 62 64 63 12 33 1.446595
12 65 67 66 12 34 1.445197
12 68 70 69 12 35 1.429176
12 71 73 72 12 36 1.423512
12 74 76 75 12 37 1.411283
12 77 79 78 12 38 1.409695
12 80 82 81 12 39 1.407742
12 83 85 84 12 40 1.402224
12 86 88 87 12 41 1.389822
12 89 91 90 12 42 1.380106
12 92 94 93 12 43 1.374246
12 95 97 96 12 44 1.371658
12 98 100 99 12 45 1.363324
12 101 103 102 12 46 1.361319
12 104 109 107 12 47 1.351729
12 110 115 113 12 48 1.319102
12 116 121 119 12 49 1.311861
12 122 127 125 12 50 1.305532
12 128 133 131 12 51 1.290717
12 134 139 137 12 52 1.281374
12 140 145 143 12 53 1.279611
12 146 151 149 12 54 1.276750
12 152 157 155 12 55 1.259897
12 158 163 161 12 56 1.255093
12 164 169 167 12 57 1.252034
12 170 175 173 12 58 1.252571
12 176 181 179 12 59 1.250137
12 182 187 185 12 60 1.241294
12 188 193 191 12 61 1.225466
12 194 254 224 12 62 1.203933
12 255 255 255 12 63 1.163932
13 0 0 0 13 0 1.000000   # ieta [14], pt 0
13 1 15 8 13 1 1.889430
13 16 16 16 13 2 1.890099
13 17 17 17 13 3 1.888106
13 18 18 18 13 4 1.888125
13 19 19 19 13 5 1.888400
13 20 20 20 13 6 1.868274
13 21 21 21 13 7 1.868526
13 22 22 22 13 8 1.853879
13 23 23 23 13 9 1.847360
13 24 24 24 13 10 1.836141
13 25 25 25 13 11 1.825188
13 26 26 26 13 12 1.799300
13 27 27 27 13 13 1.787651
13 28 28 28 13 14 1.787651
13 29 29 29 13 15 1.757090
13 30 30 30 13 16 1.752028
13 31 31 31 13 17 1.723524
13 32 33 33 13 18 1.715184
13 34 35 35 13 19 1.697929
13 36 37 37 13 20 1.666738
13 38 39 39 13 21 1.639124
13 40 41 41 13 22 1.636367
13 42 43 43 13 23 1.605936
13 44 45 45 13 24 1.594168
13 46 47 47 13 25 1.585719
13 48 49 49 13 26 1.560962
13 50 51 51 13 27 1.551598
13 52 53 53 13 28 1.529372
13 54 55 55 13 29 1.518660
13 56 57 57 13 30 1.513115
13 58 59 59 13 31 1.509922
13 60 61 61 13 32 1.491119
13 62 64 63 13 33 1.478557
13 65 67 66 13 34 1.477253
13 68 70 69 13 35 1.452359
13 71 73 72 13 36 1.446455
13 74 76 75 13 37 1.430800
13 77 79 78 13 38 1.429224
13 80 82 81 13 39 1.427314
13 83 85 84 13 40 1.420215
13 86 88 87 13 41 1.408356
13 89 91 90 13 42 1.399691
13 92 94 93 13 43 1.391851
13 95 97 96 13 44 1.388277
13 98 100 99 13 45 1.379842
13 101 103 102 13 46 1.377335
13 104 109 107 13 47 1.370173
13 110 115 113 13 48 1.340541
13 116 121 119 13 49 1.335752
13 122 127 125 13 50 1.329822
13 128 133 131 13 51 1.314731
13 134 139 137 13 52 1.305214
13 140 145 143 13 53 1.303418
13 146 151 149 13 54 1.300504
13 152 157 155 13 55 1.287235
13 158 163 161 13 56 1.280524
13 164 169 167 13 57 1.275295
13 170 175 173 13 58 1.275512
13 176 181 179 13 59 1.274328
13 182 187 185 13 60 1.265547
13 188 193 191 13 61 1.249409
13 194 254 224 13 62 1.229747
13 255 255 255 13 63 1.176669
14 0 0 0 14 0 1.000000   # ieta [15], pt 0
14 1 15 8 14 1 1.889430
14 16 16 16 14 2 1.890760
14 17 17 17 14 3 1.889014
14 18 18 18 14 4 1.889034
14 19 19 19 14 5 1.889309
14 20 20 20 14 6 1.869173
14 21 21 21 14 7 1.869425
14 22 22 22 14 8 1.858696
14 23 23 23 14 9 1.852160
14 24 24 24 14 10 1.840912
14 25 25 25 14 11 1.829930
14 26 26 26 14 12 1.803975
14 27 27 27 14 13 1.792296
14 28 28 28 14 14 1.792296
14 29 29 29 14 15 1.763679
14 30 30 30 14 16 1.758597
14 31 31 31 14 17 1.732829
14 32 33 33 14 18 1.725869
14 34 35 35 14 19 1.711331
14 36 37 37 14 20 1.682875
14 38 39 39 14 21 1.658153
14 40 41 41 14 22 1.655365
14 42 43 43 14 23 1.627468
14 44 45 45 14 24 1.615543
14 46 47 47 14 25 1.608840
14 48 49 49 14 26 1.587169
14 50 51 51 14 27 1.580084
14 52 53 53 14 28 1.557977
14 54 55 55 14 29 1.547065
14 56 57 57 14 30 1.542901
14 58 59 59 14 31 1.539730
14 60 61 61 14 32 1.518895
14 62 64 63 14 33 1.507620
14 65 67 66 14 34 1.506071
14 68 70 69 14 35 1.476843
14 71 73 72 14 36 1.469901
14 74 76 75 14 37 1.447682
14 77 79 78 14 38 1.446087
14 80 82 81 14 39 1.443269
14 83 85 84 14 40 1.432521
14 86 88 87 14 41 1.421597
14 89 91 90 14 42 1.412850
14 92 94 93 14 43 1.404937
14 95 97 96 14 44 1.401330
14 98 100 99 14 45 1.393160
14 101 103 102 14 46 1.391778
14 104 109 107 14 47 1.385911
14 110 115 113 14 48 1.356028
14 116 121 119 14 49 1.351183
14 122 127 125 14 50 1.344566
14 128 133 131 14 51 1.328079
14 134 139 137 14 52 1.318466
14 140 145 143 14 53 1.316651
14 146 151 149 14 54 1.313879
14 152 157 155 14 55 1.301321
14 158 163 161 14 56 1.294537
14 164 169 167 14 57 1.289250
14 170 175 173 14 58 1.289469
14 176 181 179 14 59 1.288273
14 182 187 185 14 60 1.279395
14 188 193 191 14 61 1.262813
14 194 254 224 14 62 1.243525
14 255 255 255 14 63 1.190219
15 0 0 0 15 0 1.000000   # ieta [16], pt 0
15 1 15 8 15 1 1.837682
15 16 16 16 15 2 1.857019
15 17 17 17 15 3 1.865733
15 18 18 18 15 4 1.868272
15 19 19 19 15 5 1.885694
15 20 20 20 15 6 1.858151
15 21 21 21 15 7 1.858401
15 22 22 22 15 8 1.857798
15 23 23 23 15 9 1.848708
15 24 24 24 15 10 1.840750
15 25 25 25 15 11 1.835617
15 26 26 26 15 12 1.817730
15 27 27 27 15 13 1.807715
15 28 28 28 15 14 1.807715
15 29 29 29 15 15 1.783164
15 30 30 30 15 16 1.778231
15 31 31 31 15 17 1.754205
15 32 33 33 15 18 1.748605
15 34 35 35 15 19 1.738168
15 36 37 37 15 20 1.709266
15 38 39 39 15 21 1.684157
15 40 41 41 15 22 1.681325
15 42 43 43 15 23 1.655887
15 44 45 45 15 24 1.646753
15 46 47 47 15 25 1.641578
15 48 49 49 15 26 1.619336
15 50 51 51 15 27 1.612107
15 52 53 53 15 28 1.590549
15 54 55 55 15 29 1.579409
15 56 57 57 15 30 1.573864
15 58 59 59 15 31 1.571281
15 60 61 61 15 32 1.550049
15 62 64 63 15 33 1.538819
15 65 67 66 15 34 1.538074
15 68 70 69 15 35 1.512657
15 71 73 72 15 36 1.505293
15 74 76 75 15 37 1.482311
15 77 79 78 15 38 1.480819
15 80 82 81 15 39 1.478217
15 83 85 84 15 40 1.467208
15 86 88 87 15 41 1.456020
15 89 91 90 15 42 1.444887
15 92 94 93 15 43 1.435464
15 95 97 96 15 44 1.431109
15 98 100 99 15 45 1.422765
15 101 103 102 15 46 1.421354
15 104 109 107 15 47 1.415362
15 110 115 113 15 48 1.385193
15 116 121 119 15 49 1.380591
15 122 127 125 15 50 1.373830
15 128 133 131 15 51 1.358058
15 134 139 137 15 52 1.348443
15 140 145 143 15 53 1.346587
15 146 151 149 15 54 1.343751
15 152 157 155 15 55 1.330908
15 158 163 161 15 56 1.324326
15 164 169 167 15 57 1.319633
15 170 175 173 15 58 1.319857
15 176 181 179 15 59 1.318690
15 182 187 185 15 60 1.309891
15 188 193 191 15 61 1.292914
15 194 254 224 15 62 1.272853
15 255 255 255 15 63 1.216849
16 0 0 0 16 0 1.000000   # ieta [17], pt 0
16 1 15 8 16 1 2.151702
16 16 16 16 16 2 2.083344
16 17 17 17 16 3 2.065394
16 18 18 18 16 4 2.062275
16 19 19 19 16 5 2.054910
16 20 20 20 16 6 2.036158
16 21 21 21 16 7 2.036158
16 22 22 22 16 8 2.004694
16 23 23 23 16 9 2.003613
16 24 24 24 16 10 1.996284
16 25 25 25 16 11 1.981466
16 26 26 26 16 12 1.942026
16 27 27 27 16 13 1.925796
16 28 28 28 16 14 1.925796
16 29 29 29 16 15 1.889609
16 30 30 30 16 16 1.884382
16 31 31 31 16 17 1.858858
16 32 33 33 16 18 1.851676
16 34 35 35 16 19 1.835141
16 36 37 37 16 20 1.804108
16 38 39 39 16 21 1.775280
16 40 41 41 16 22 1.771750
16 42 43 43 16 23 1.738424
16 44 45 45 16 24 1.724305
16 46 47 47 16 25 1.711151
16 48 49 49 16 26 1.685912
16 50 51 51 16 27 1.678011
16 52 53 53 16 28 1.655572
16 54 55 55 16 29 1.643976
16 56 57 57 16 30 1.635272
16 58 59 59 16 31 1.630462
16 60 61 61 16 32 1.608431
16 62 64 63 16 33 1.599746
16 65 67 66 16 34 1.600091
16 68 70 69 16 35 1.575856
16 71 73 72 16 36 1.568184
16 74 76 75 16 37 1.544718
16 77 79 78 16 38 1.541308
16 80 82 81 16 39 1.538099
16 83 85 84 16 40 1.526645
16 86 88 87 16 41 1.515004
16 89 91 90 16 42 1.503419
16 92 94 93 16 43 1.493614
16 95 97 96 16 44 1.489083
16 98 100 99 16 45 1.480402
16 101 103 102 16 46 1.478933
16 104 109 107 16 47 1.472698
16 110 115 113 16 48 1.441307
16 116 121 119 16 49 1.436519
16 122 127 125 16 50 1.429484
16 128 133 131 16 51 1.413073
16 134 139 137 16 52 1.403068
16 140 145 143 16 53 1.401137
16 146 151 149 16 54 1.398187
16 152 157 155 16 55 1.384823
16 158 163 161 16 56 1.377974
16 164 169 167 16 57 1.373091
16 170 175 173 16 58 1.373324
16 176 181 179 16 59 1.372110
16 182 187 185 16 60 1.362955
16 188 193 191 16 61 1.345290
16 194 254 224 16 62 1.324416
16 255 255 255 16 63 1.266144
17 0 0 0 17 0 1.000000   # ieta [18], pt 0
17 1 15 8 17 1 2.052485
17 16 16 16 17 2 2.025105
17 17 17 17 17 3 2.018404
17 18 18 18 17 4 2.015356
17 19 19 19 17 5 2.010885
17 20 20 20 17 6 1.992535
17 21 21 21 17 7 1.992535
17 22 22 22 17 8 1.961746
17 23 23 23 17 9 1.956835
17 24 24 24 17 10 1.933400
17 25 25 25 17 11 1.905239
17 26 26 26 17 12 1.873967
17 27 27 27 17 13 1.857379
17 28 28 28 17 14 1.857379
17 29 29 29 17 15 1.820541
17 30 30 30 17 16 1.815505
17 31 31 31 17 17 1.791262
17 32 33 33 17 18 1.783184
17 34 35 35 17 19 1.762941
17 36 37 37 17 20 1.733129
17 38 39 39 17 21 1.705436
17 40 41 41 17 22 1.702044
17 42 43 43 17 23 1.670030
17 44 45 45 17 24 1.656466
17 46 47 47 17 25 1.642510
17 48 49 49 17 26 1.618010
17 50 51 51 17 27 1.610154
17 52 53 53 17 28 1.588622
17 54 55 55 17 29 1.577495
17 56 57 57 17 30 1.569381
17 58 59 59 17 31 1.566270
17 60 61 61 17 32 1.545106
17 62 64 63 17 33 1.532915
17 65 67 66 17 34 1.531670
17 68 70 69 17 35 1.505367
17 71 73 72 17 36 1.498933
17 74 76 75 17 37 1.478864
17 77 79 78 17 38 1.473051
17 80 82 81 17 39 1.466697
17 83 85 84 17 40 1.455774
17 86 88 87 17 41 1.444673
17 89 91 90 17 42 1.433626
17 92 94 93 17 43 1.424277
17 95 97 96 17 44 1.419955
17 98 100 99 17 45 1.411678
17 101 103 102 17 46 1.410277
17 104 109 107 17 47 1.404068
17 110 115 113 17 48 1.373426
17 116 121 119 17 49 1.368411
17 122 127 125 17 50 1.361709
17 128 133 131 17 51 1.343118
17 134 139 137 17 52 1.330417
17 140 145 143 17 53 1.328480
17 146 151 149 17 54 1.325155
17 152 157 155 17 55 1.312204
17 158 163 161 17 56 1.304964
17 164 169 167 17 57 1.299562
17 170 175 173 17 58 1.299172
17 176 181 179 17 59 1.298526
17 182 187 185 17 60 1.289323
17 188 193 191 17 61 1.272612
17 194 254 224 17 62 1.253182
17 255 255 255 17 63 1.198846
18 0 0 0 18 0 1.000000   # ieta [19], pt 0
18 1 15 8 18 1 2.138580
18 16 16 16 18 2 2.064739
18 17 17 17 18 3 2.046637
18 18 18 18 18 4 2.042743
18 19 19 19 18 5 2.038212
18 20 20 20 18 6 2.019612
18 21 21 21 18 7 2.019612
18 22 22 22 18 8 1.988405
18 23 23 23 18 9 1.983427
18 24 24 24 18 10 1.961905
18 25 25 25 18 11 1.914954
18 26 26 26 18 12 1.886578
18 27 27 27 18 13 1.865821
18 28 28 28 18 14 1.865821
18 29 29 29 18 15 1.828816
18 30 30 30 18 16 1.817206
18 31 31 31 18 17 1.790675
18 32 33 33 18 18 1.774879
18 34 35 35 18 19 1.765450
18 36 37 37 18 20 1.735596
18 38 39 39 18 21 1.706955
18 40 41 41 18 22 1.702654
18 42 43 43 18 23 1.670627
18 44 45 45 18 24 1.656319
18 46 47 47 18 25 1.641628
18 48 49 49 18 26 1.617140
18 50 51 51 18 27 1.609289
18 52 53 53 18 28 1.587768
18 54 55 55 18 29 1.576648
18 56 57 57 18 30 1.568538
18 58 59 59 18 31 1.565429
18 60 61 61 18 32 1.544276
18 62 64 63 18 33 1.532092
18 65 67 66 18 34 1.530847
18 68 70 69 18 35 1.504559
18 71 73 72 18 36 1.498128
18 74 76 75 18 37 1.476410
18 77 79 78 18 38 1.472259
18 80 82 81 18 39 1.465909
18 83 85 84 18 40 1.454992
18 86 88 87 18 41 1.443897
18 89 91 90 18 42 1.432856
18 92 94 93 18 43 1.423511
18 95 97 96 18 44 1.419193
18 98 100 99 18 45 1.410919
18 101 103 102 18 46 1.409520
18 104 109 107 18 47 1.403313
18 110 115 113 18 48 1.372688
18 116 121 119 18 49 1.367676
18 122 127 125 18 50 1.360978
18 128 133 131 18 51 1.342396
18 134 139 137 18 52 1.329702
18 140 145 143 18 53 1.327766
18 146 151 149 18 54 1.324443
18 152 157 155 18 55 1.311499
18 158 163 161 18 56 1.304102
18 164 169 167 18 57 1.298381
18 170 175 173 18 58 1.297781
18 176 181 179 18 59 1.297093
18 182 187 185 18 60 1.287900
18 188 193 191 18 61 1.271208
18 194 254 224 18 62 1.251800
18 255 255 255 18 63 1.197524
19 0 0 0 19 0 1.000000   # ieta [20], pt 0
19 1 15 8 19 1 2.090299
19 16 16 16 19 2 2.011470
19 17 17 17 19 3 1.982407
19 18 18 18 19 4 1.961794
19 19 19 19 19 5 1.957441
19 20 20 20 19 6 1.939579
19 21 21 21 19 7 1.939579
19 22 22 22 19 8 1.907791
19 23 23 23 19 9 1.901074
19 24 24 24 19 10 1.872818
19 25 25 25 19 11 1.856272
19 26 26 26 19 12 1.821902
19 27 27 27 19 13 1.798599
19 28 28 28 19 14 1.798599
19 29 29 29 19 15 1.762928
19 30 30 30 19 16 1.758051
19 31 31 31 19 17 1.737637
19 32 33 33 19 18 1.726198
19 34 35 35 19 19 1.696468
19 36 37 37 19 20 1.667781
19 38 39 39 19 21 1.641133
19 40 41 41 19 22 1.638606
19 42 43 43 19 23 1.601735
19 44 45 45 19 24 1.578687
19 46 47 47 19 25 1.570554
19 48 49 49 19 26 1.544372
19 50 51 51 19 27 1.533790
19 52 53 53 19 28 1.513279
19 54 55 55 19 29 1.505376
19 56 57 57 19 30 1.500608
19 58 59 59 19 31 1.498042
19 60 61 61 19 32 1.481973
19 62 64 63 19 33 1.475538
19 65 67 66 19 34 1.473633
19 68 70 69 19 35 1.448153
19 71 73 72 19 36 1.440976
19 74 76 75 19 37 1.420833
19 77 79 78 19 38 1.419246
19 80 82 81 19 39 1.417070
19 83 85 84 19 40 1.410378
19 86 88 87 19 41 1.399624
19 89 91 90 19 42 1.391987
19 92 94 93 19 43 1.384797
19 95 97 96 19 44 1.381546
19 98 100 99 19 45 1.373492
19 101 103 102 19 46 1.372130
19 104 109 107 19 47 1.366088
19 110 115 113 19 48 1.336275
19 116 121 119 19 49 1.331396
19 122 127 125 19 50 1.325485
19 128 133 131 19 51 1.307684
19 134 139 137 19 52 1.294407
19 140 145 143 19 53 1.292522
19 146 151 149 19 54 1.289287
19 152 157 155 19 55 1.276687
19 158 163 161 19 56 1.269719
19 164 169 167 19 57 1.264615
19 170 175 173 19 58 1.264716
19 176 181 179 19 59 1.264321
19 182 187 185 19 60 1.255361
19 188 193 191 19 61 1.239090
19 194 254 224 19 62 1.221115
19 255 255 255 19 63 1.176335
20 0 0 0 20 0 1.000000   # ieta [21], pt 0
20 1 15 8 20 1 2.107038
20 16 16 16 20 2 2.023025
20 17 17 17 20 3 1.993795
20 18 18 18 20 4 1.966254
20 19 19 19 20 5 1.961892
20 20 20 20 20 6 1.943989
20 21 21 21 20 7 1.939713
20 22 22 22 20 8 1.907923
20 23 23 23 20 9 1.901205
20 24 24 24 20 10 1.872947
20 25 25 25 20 11 1.854683
20 26 26 26 20 12 1.812986
20 27 27 27 20 13 1.785555
20 28 28 28 20 14 1.785555
20 29 29 29 20 15 1.750142
20 30 30 30 20 16 1.745301
20 31 31 31 20 17 1.722541
20 32 33 33 20 18 1.711201
20 34 35 35 20 19 1.681730
20 36 37 37 20 20 1.653291
20 38 39 39 20 21 1.626875
20 40 41 41 20 22 1.624370
20 42 43 43 20 23 1.586723
20 44 45 45 20 24 1.563892
20 46 47 47 20 25 1.556519
20 48 49 49 20 26 1.534438
20 50 51 51 20 27 1.525727
20 52 53 53 20 28 1.508205
20 54 55 55 20 29 1.500328
20 56 57 57 20 30 1.495576
20 58 59 59 20 31 1.493019
20 60 61 61 20 32 1.474916
20 62 64 63 20 33 1.469428
20 65 67 66 20 34 1.467531
20 68 70 69 20 35 1.444244
20 71 73 72 20 36 1.437086
20 74 76 75 20 37 1.413851
20 77 79 78 20 38 1.412626
20 80 82 81 20 39 1.411170
20 83 85 84 20 40 1.401213
20 86 88 87 20 41 1.390528
20 89 91 90 20 42 1.381070
20 92 94 93 20 43 1.373936
20 95 97 96 20 44 1.370711
20 98 100 99 20 45 1.362720
20 101 103 102 20 46 1.361369
20 104 109 107 20 47 1.353642
20 110 115 113 20 48 1.322399
20 116 121 119 20 49 1.318191
20 122 127 125 20 50 1.315035
20 128 133 131 20 51 1.298821
20 134 139 137 20 52 1.285634
20 140 145 143 20 53 1.283762
20 146 151 149 20 54 1.280549
20 152 157 155 20 55 1.268034
20 158 163 161 20 56 1.262786
20 164 169 167 20 57 1.258031
20 170 175 173 20 58 1.258131
20 176 181 179 20 59 1.257739
20 182 187 185 20 60 1.248825
20 188 193 191 20 61 1.232639
20 194 254 224 20 62 1.215024
20 255 255 255 20 63 1.170928
21 0 0 0 21 0 1.000000   # ieta [22], pt 0
21 1 15 8 21 1 2.099611
21 16 16 16 21 2 2.009507
21 17 17 17 21 3 1.980472
21 18 18 18 21 4 1.945871
21 19 19 19 21 5 1.941553
21 20 20 20 21 6 1.909458
21 21 21 21 21 7 1.909458
21 22 22 22 21 8 1.866953
21 23 23 23 21 9 1.850131
21 24 24 24 21 10 1.819866
21 25 25 25 21 11 1.803049
21 26 26 26 21 12 1.758281
21 27 27 27 21 13 1.731678
21 28 28 28 21 14 1.731678
21 29 29 29 21 15 1.704511
21 30 30 30 21 16 1.694737
21 31 31 31 21 17 1.675338
21 32 33 33 21 18 1.664308
21 34 35 35 21 19 1.639558
21 36 37 37 21 20 1.615699
21 38 39 39 21 21 1.596509
21 40 41 41 21 22 1.594051
21 42 43 43 21 23 1.563648
21 44 45 45 21 24 1.550482
21 46 47 47 21 25 1.545627
21 48 49 49 21 26 1.527021
21 50 51 51 21 27 1.518352
21 52 53 53 21 28 1.500915
21 54 55 55 21 29 1.497533
21 56 57 57 21 30 1.493096
21 58 59 59 21 31 1.490543
21 60 61 61 21 32 1.470877
21 62 64 63 21 33 1.462894
21 65 67 66 21 34 1.461006
21 68 70 69 21 35 1.437822
21 71 73 72 21 36 1.429532
21 74 76 75 21 37 1.404116
21 77 79 78 21 38 1.402899
21 80 82 81 21 39 1.401453
21 83 85 84 21 40 1.391564
21 86 88 87 21 41 1.380953
21 89 91 90 21 42 1.371560
21 92 94 93 21 43 1.364476
21 95 97 96 21 44 1.361273
21 98 100 99 21 45 1.353337
21 101 103 102 21 46 1.351995
21 104 109 107 21 47 1.345779
21 110 115 113 21 48 1.316268
21 116 121 119 21 49 1.312079
21 122 127 125 21 50 1.308939
21 128 133 131 21 51 1.292799
21 134 139 137 21 52 1.279673
21 140 145 143 21 53 1.277718
21 146 151 149 21 54 1.274061
21 152 157 155 21 55 1.261610
21 158 163 161 21 56 1.255397
21 164 169 167 21 57 1.248683
21 170 175 173 21 58 1.248782
21 176 181 179 21 59 1.248393
21 182 187 185 21 60 1.239545
21 188 193 191 21 61 1.223480
21 194 254 224 21 62 1.205306
21 255 255 255 21 63 1.163439
22 0 0 0 22 0 1.000000   # ieta [23], pt 0
22 1 15 8 22 1 2.037171
22 16 16 16 22 2 1.956750
22 17 17 17 22 3 1.918498
22 18 18 18 22 4 1.878644
22 19 19 19 22 5 1.873900
22 20 20 20 22 6 1.847437
22 21 21 21 22 7 1.847437
22 22 22 22 22 8 1.806011
22 23 23 23 22 9 1.784408
22 24 24 24 22 10 1.765549
22 25 25 25 22 11 1.748665
22 26 26 26 22 12 1.716453
22 27 27 27 22 13 1.689705
22 28 28 28 22 14 1.689705
22 29 29 29 22 15 1.652525
22 30 30 30 22 16 1.643049
22 31 31 31 22 17 1.616885
22 32 33 33 22 18 1.608896
22 34 35 35 22 19 1.597916
22 36 37 37 22 20 1.575400
22 38 39 39 22 21 1.554559
22 40 41 41 22 22 1.549571
22 42 43 43 22 23 1.512406
22 44 45 45 22 24 1.506347
22 46 47 47 22 25 1.502433
22 48 49 49 22 26 1.482886
22 50 51 51 22 27 1.474138
22 52 53 53 22 28 1.460231
22 54 55 55 22 29 1.457611
22 56 57 57 22 30 1.453220
22 58 59 59 22 31 1.448279
22 60 61 61 22 32 1.430818
22 62 64 63 22 33 1.424176
22 65 67 66 22 34 1.422338
22 68 70 69 22 35 1.399768
22 71 73 72 22 36 1.392949
22 74 76 75 22 37 1.369334
22 77 79 78 22 38 1.368148
22 80 82 81 22 39 1.366738
22 83 85 84 22 40 1.354569
22 86 88 87 22 41 1.346916
22 89 91 90 22 42 1.343702
22 92 94 93 22 43 1.336761
22 95 97 96 22 44 1.333624
22 98 100 99 22 45 1.329557
22 101 103 102 22 46 1.328238
22 104 109 107 22 47 1.320202
22 110 115 113 22 48 1.291246
22 116 121 119 22 49 1.291691
22 122 127 125 22 50 1.290280
22 128 133 131 22 51 1.280373
22 134 139 137 22 52 1.267278
22 140 145 143 22 53 1.264878
22 146 151 149 22 54 1.260793
22 152 157 155 22 55 1.248471
22 158 163 161 22 56 1.242323
22 164 169 167 22 57 1.235679
22 170 175 173 22 58 1.235777
22 176 181 179 22 59 1.235499
22 182 187 185 22 60 1.226017
22 188 193 191 22 61 1.206528
22 194 254 224 22 62 1.185005
22 255 255 255 22 63 1.146442
23 0 0 0 23 0 1.000000   # ieta [24], pt 0
23 1 15 8 23 1 1.916209
23 16 16 16 23 2 1.843320
23 17 17 17 23 3 1.798464
23 18 18 18 23 4 1.735968
23 19 19 19 23 5 1.732544
23 20 20 20 23 6 1.701900
23 21 21 21 23 7 1.701900
23 22 22 22 23 8 1.680756
23 23 23 23 23 9 1.660651
23 24 24 24 23 10 1.643100
23 25 25 25 23 11 1.619720
23 26 26 26 23 12 1.611060
23 27 27 27 23 13 1.595950
23 28 28 28 23 14 1.595950
23 29 29 29 23 15 1.564756
23 30 30 30 23 16 1.554754
23 31 31 31 23 17 1.536904
23 32 33 33 23 18 1.522993
23 34 35 35 23 19 1.513765
23 36 37 37 23 20 1.483804
23 38 39 39 23 21 1.465747
23 40 41 41 23 22 1.464221
23 42 43 43 23 23 1.441961
23 44 45 45 23 24 1.439979
23 46 47 47 23 25 1.437845
23 48 49 49 23 26 1.427807
23 50 51 51 23 27 1.423799
23 52 53 53 23 28 1.418168
23 54 55 55 23 29 1.407175
23 56 57 57 23 30 1.402936
23 58 59 59 23 31 1.398677
23 60 61 61 23 32 1.380468
23 62 64 63 23 33 1.372892
23 65 67 66 23 34 1.371120
23 68 70 69 23 35 1.349791
23 71 73 72 23 36 1.345049
23 74 76 75 23 37 1.327318
23 77 79 78 23 38 1.326168
23 80 82 81 23 39 1.324801
23 83 85 84 23 40 1.317361
23 86 88 87 23 41 1.312756
23 89 91 90 23 42 1.311048
23 92 94 93 23 43 1.308606
23 95 97 96 23 44 1.307712
23 98 100 99 23 45 1.301361
23 101 103 102 23 46 1.299767
23 104 109 107 23 47 1.293852
23 110 115 113 23 48 1.269080
23 116 121 119 23 49 1.265157
23 122 127 125 23 50 1.261372
23 128 133 131 23 51 1.249319
23 134 139 137 23 52 1.237617
23 140 145 143 23 53 1.234015
23 146 151 149 23 54 1.228772
23 152 157 155 23 55 1.214633
23 158 163 161 23 56 1.208730
23 164 169 167 23 57 1.202541
23 170 175 173 23 58 1.202637
23 176 181 179 23 59 1.202366
23 182 187 185 23 60 1.193857
23 188 193 191 23 61 1.175853
23 194 254 224 23 62 1.157473
23 255 255 255 23 63 1.115805
24 0 0 0 24 0 1.000000   # ieta [25], pt 0
24 1 15 8 24 1 1.824628
24 16 16 16 24 2 1.752907
24 17 17 17 24 3 1.703655
24 18 18 18 24 4 1.648107
24 19 19 19 24 5 1.644857
24 20 20 20 24 6 1.630378
24 21 21 21 24 7 1.630378
24 22 22 22 24 8 1.610123
24 23 23 23 24 9 1.586572
24 24 24 24 24 10 1.572190
24 25 25 25 24 11 1.562677
24 26 26 26 24 12 1.550307
24 27 27 27 24 13 1.537259
24 28 28 28 24 14 1.537259
24 29 29 29 24 15 1.506923
24 30 30 30 24 16 1.500012
24 31 31 31 24 17 1.482791
24 32 33 33 24 18 1.476494
24 34 35 35 24 19 1.474790
24 36 37 37 24 20 1.461955
24 38 39 39 24 21 1.450821
24 40 41 41 24 22 1.449311
24 42 43 43 24 23 1.427277
24 44 45 45 24 24 1.425316
24 46 47 47 24 25 1.424395
24 48 49 49 24 26 1.418130
24 50 51 51 24 27 1.414404
24 52 53 53 24 28 1.412528
24 54 55 55 24 29 1.401578
24 56 57 57 24 30 1.397527
24 58 59 59 24 31 1.393285
24 60 61 61 24 32 1.375146
24 62 64 63 24 33 1.367599
24 65 67 66 24 34 1.365834
24 68 70 69 24 35 1.340751
24 71 73 72 24 36 1.334118
24 74 76 75 24 37 1.316778
24 77 79 78 24 38 1.318942
24 80 82 81 24 39 1.317582
24 83 85 84 24 40 1.308875
24 86 88 87 24 41 1.303648
24 89 91 90 24 42 1.298017
24 92 94 93 24 43 1.295600
24 95 97 96 24 44 1.294715
24 98 100 99 24 45 1.288427
24 101 103 102 24 46 1.286849
24 104 109 107 24 47 1.279010
24 110 115 113 24 48 1.259181
24 116 121 119 24 49 1.255289
24 122 127 125 24 50 1.251534
24 128 133 131 24 51 1.243493
24 134 139 137 24 52 1.234051
24 140 145 143 24 53 1.230459
24 146 151 149 24 54 1.225230
24 152 157 155 24 55 1.211133
24 158 163 161 24 56 1.205246
24 164 169 167 24 57 1.199076
24 170 175 173 24 58 1.199171
24 176 181 179 24 59 1.198901
24 182 187 185 24 60 1.190416
24 188 193 191 24 61 1.172465
24 194 254 224 24 62 1.154225
24 255 255 255 24 63 1.113173
25 0 0 0 25 0 1.000000   # ieta [26], pt 0
25 1 15 8 25 1 1.635704
25 16 16 16 25 2 1.574794
25 17 17 17 25 3 1.514778
25 18 18 18 25 4 1.476663
25 19 19 19 25 5 1.460949
25 20 20 20 25 6 1.451897
25 21 21 21 25 7 1.452007
25 22 22 22 25 8 1.442386
25 23 23 23 25 9 1.434720
25 24 24 24 25 10 1.433177
25 25 25 25 25 11 1.416616
25 26 26 26 25 12 1.398136
25 27 27 27 25 13 1.378636
25 28 28 28 25 14 1.378636
25 29 29 29 25 15 1.371619
25 30 30 30 25 16 1.374298
25 31 31 31 25 17 1.386787
25 32 33 33 25 18 1.384618
25 34 35 35 25 19 1.384010
25 36 37 37 25 20 1.360308
25 38 39 39 25 21 1.337993
25 40 41 41 25 22 1.339772
25 42 43 43 25 23 1.325849
25 44 45 45 25 24 1.324845
25 46 47 47 25 25 1.326142
25 48 49 49 25 26 1.330371
25 50 51 51 25 27 1.329109
25 52 53 53 25 28 1.327945
25 54 55 55 25 29 1.320614
25 56 57 57 25 30 1.325037
25 58 59 59 25 31 1.322678
25 60 61 61 25 32 1.308141
25 62 64 63 25 33 1.305018
25 65 67 66 25 34 1.299660
25 68 70 69 25 35 1.281102
25 71 73 72 25 36 1.274533
25 74 76 75 25 37 1.259456
25 77 79 78 25 38 1.262077
25 80 82 81 25 39 1.262077
25 83 85 84 25 40 1.248877
25 86 88 87 25 41 1.238938
25 89 91 90 25 42 1.233609
25 92 94 93 25 43 1.233606
25 95 97 96 25 44 1.233913
25 98 100 99 25 45 1.227921
25 101 103 102 25 46 1.226416
25 104 109 107 25 47 1.218548
25 110 115 113 25 48 1.217458
25 116 121 119 25 49 1.211371
25 122 127 125 25 50 1.206890
25 128 133 131 25 51 1.202534
25 134 139 137 25 52 1.199152
25 140 145 143 25 53 1.195662
25 146 151 149 25 54 1.190581
25 152 157 155 25 55 1.176882
25 158 163 161 25 56 1.172132
25 164 169 167 25 57 1.168075
25 170 175 173 25 58 1.168380
25 176 181 179 25 59 1.168134
25 182 187 185 25 60 1.161449
25 188 193 191 25 61 1.144377
25 194 254 224 25 62 1.126210
25 255 255 255 25 63 1.089056
26 0 0 0 26 0 1.000000   # ieta [27], pt 0
26 1 15 8 26 1 1.793261
26 16 16 16 26 2 1.731652
26 17 17 17 26 3 1.640261
26 18 18 18 26 4 1.591107
26 19 19 19 26 5 1.562537
26 20 20 20 26 6 1.540957
26 21 21 21 26 7 1.513071
26 22 22 22 26 8 1.459148
26 23 23 23 26 9 1.453133
26 24 24 24 26 10 1.451570
26 25 25 25 26 11 1.420986
26 26 26 26 26 12 1.403090
26 27 27 27 26 13 1.381736
26 28 28 28 26 14 1.379034
26 29 29 29 26 15 1.354296
26 30 30 30 26 16 1.355577
26 31 31 31 26 17 1.360372
26 32 33 33 26 18 1.355073
26 34 35 35 26 19 1.349573
26 36 37 37 26 20 1.324815
26 38 39 39 26 21 1.302680
26 40 41 41 26 22 1.302383
26 42 43 43 26 23 1.288478
26 44 45 45 26 24 1.282305
26 46 47 47 26 25 1.279411
26 48 49 49 26 26 1.282669
26 50 51 51 26 27 1.281857
26 52 53 53 26 28 1.281871
26 54 55 55 26 29 1.274794
26 56 57 57 26 30 1.277245
26 58 59 59 26 31 1.275286
26 60 61 61 26 32 1.265215
26 62 64 63 26 33 1.263476
26 65 67 66 26 34 1.251036
26 68 70 69 26 35 1.232012
26 71 73 72 26 36 1.225426
26 74 76 75 26 37 1.217775
26 77 79 78 26 38 1.218865
26 80 82 81 26 39 1.218865
26 83 85 84 26 40 1.214356
26 86 88 87 26 41 1.203019
26 89 91 90 26 42 1.194508
26 92 94 93 26 43 1.194484
26 95 97 96 26 44 1.194772
26 98 100 99 26 45 1.188969
26 101 103 102 26 46 1.188150
26 104 109 107 26 47 1.179788
26 110 115 113 26 48 1.158567
26 116 121 119 26 49 1.152966
26 122 127 125 26 50 1.150104
26 128 133 131 26 51 1.143772
26 134 139 137 26 52 1.139762
26 140 145 143 26 53 1.135704
26 146 151 149 26 54 1.130215
26 152 157 155 26 55 1.115850
26 158 163 161 26 56 1.112404
26 164 169 167 26 57 1.112163
26 170 175 173 26 58 1.112044
26 176 181 179 26 59 1.111173
26 182 187 185 26 60 1.104831
26 188 193 191 26 61 1.095464
26 194 254 224 26 62 1.079628
26 255 255 255 26 63 1.035043
27 0 0 0 27 0 1.000000   # ieta [28], pt 0
27 1 15 8 27 1 1.677281
27 16 16 16 27 2 1.588595
27 17 17 17 27 3 1.578958
27 18 18 18 27 4 1.501865
27 19 19 19 27 5 1.451571
27 20 20 20 27 6 1.434487
27 21 21 21 27 7 1.396552
27 22 22 22 27 8 1.360613
27 23 23 23 27 9 1.327987
27 24 24 24 27 10 1.326559
27 25 25 25 27 11 1.314073
27 26 26 26 27 12 1.266965
27 27 27 27 27 13 1.239571
27 28 28 28 27 14 1.223942
27 29 29 29 27 15 1.199024
27 30 30 30 27 16 1.201365
27 31 31 31 27 17 1.204650
27 32 33 33 27 18 1.203656
27 34 35 35 27 19 1.210982
27 36 37 37 27 20 1.209491
27 38 39 39 27 21 1.209491
27 40 41 41 27 22 1.209216
27 42 43 43 27 23 1.207227
27 44 45 45 27 24 1.201443
27 46 47 47 27 25 1.200661
27 48 49 49 27 26 1.198064
27 50 51 51 27 27 1.197039
27 52 53 53 27 28 1.194437
27 54 55 55 27 29 1.177341
27 56 57 57 27 30 1.173753
27 58 59 59 27 31 1.173263
27 60 61 61 27 32 1.177714
27 62 64 63 27 33 1.178604
27 65 67 66 27 34 1.163228
27 68 70 69 27 35 1.156422
27 71 73 72 27 36 1.156152
27 74 76 75 27 37 1.139250
27 77 79 78 27 38 1.140269
27 80 82 81 27 39 1.140269
27 83 85 84 27 40 1.139131
27 86 88 87 27 41 1.136476
27 89 91 90 27 42 1.132436
27 92 94 93 27 43 1.132048
27 95 97 96 27 44 1.132138
27 98 100 99 27 45 1.132138
27 101 103 102 27 46 1.131643
27 104 109 107 27 47 1.123578
27 110 115 113 27 48 1.095870
27 116 121 119 27 49 1.094247
27 122 127 125 27 50 1.093749
27 128 133 131 27 51 1.084267
27 134 139 137 27 52 1.082036
27 140 145 143 27 53 1.080414
27 146 151 149 27 54 1.077422
27 152 157 155 27 55 1.073504
27 158 163 161 27 56 1.072005
27 164 169 167 27 57 1.070738
27 170 175 173 27 58 1.070623
27 176 181 179 27 59 1.069455
27 182 187 185 27 60 1.065811
27 188 193 191 27 61 1.064296
27 194 254 224 27 62 1.049566
27 255 255 255 27 63 1.010708
28 0 0 0 28 0 1.000000   # ieta [29], pt 0
28 1 15 8 28 1 1.756670
28 16 16 16 28 2 1.646800
28 17 17 17 28 3 1.583929
28 18 18 18 28 4 1.510329
28 19 19 19 28 5 1.484006
28 20 20 20 28 6 1.471064
28 21 21 21 28 7 1.453862
28 22 22 22 28 8 1.381702
28 23 23 23 28 9 1.339616
28 24 24 24 28 10 1.323341
28 25 25 25 28 11 1.279370
28 26 26 26 28 12 1.237998
28 27 27 27 28 13 1.201183
28 28 28 28 28 14 1.195325
28 29 29 29 28 15 1.180630
28 30 30 30 28 16 1.170019
28 31 31 31 28 17 1.153733
28 32 33 33 28 18 1.135877
28 34 35 35 28 19 1.108595
28 36 37 37 28 20 1.089402
28 38 39 39 28 21 1.076371
28 40 41 41 28 22 1.070688
28 42 43 43 28 23 1.066373
28 44 45 45 28 24 1.065188
28 46 47 47 28 25 1.065050
28 48 49 49 28 26 1.064774
28 50 51 51 28 27 1.065006
28 52 53 53 28 28 1.064789
28 54 55 55 28 29 1.064899
28 56 57 57 28 30 1.065009
28 58 59 59 28 31 1.065009
28 60 61 61 28 32 1.065771
28 62 64 63 28 33 1.065785
28 65 67 66 28 34 1.065432
28 68 70 69 28 35 1.069622
28 71 73 72 28 36 1.069648
28 74 76 75 28 37 1.070013
28 77 79 78 28 38 1.070273
28 80 82 81 28 39 1.070901
28 83 85 84 28 40 1.072158
28 86 88 87 28 41 1.063462
28 89 91 90 28 42 1.062760
28 92 94 93 28 43 1.062760
28 95 97 96 28 44 1.061415
28 98 100 99 28 45 1.057402
28 101 103 102 28 46 1.056574
28 104 109 107 28 47 1.051570
28 110 115 113 28 48 1.047996
28 116 121 119 28 49 1.046490
28 122 127 125 28 50 1.046245
28 128 133 131 28 51 1.045234
28 134 139 137 28 52 1.042639
28 140 145 143 28 53 1.040704
28 146 151 149 28 54 1.039308
28 152 157 155 28 55 1.037154
28 158 163 161 28 56 1.034957
28 164 169 167 28 57 1.031718
28 170 175 173 28 58 1.031518
28 176 181 179 28 59 1.030888
28 182 187 185 28 60 1.029033
28 188 193 191 28 61 1.028549
28 194 254 224 28 62 1.016878
28 255 255 255 28 63 0.989383
29 0 0 0 29 0 1.000000   # ieta [30], pt 0
29 1 15 8 29 1 2.022412
29 16 16 16 29 2 1.911388
29 17 17 17 29 3 1.824488
29 18 18 18 29 4 1.703112
29 19 19 19 29 5 1.658209
29 20 20 20 29 6 1.579357
29 21 21 21 29 7 1.541981
29 22 22 22 29 8 1.466217
29 23 23 23 29 9 1.402633
29 24 24 24 29 10 1.385290
29 25 25 25 29 11 1.339345
29 26 26 26 29 12 1.284793
29 27 27 27 29 13 1.247978
29 28 28 28 29 14 1.225448
29 29 29 29 29 15 1.203823
29 30 30 30 29 16 1.185565
29 31 31 31 29 17 1.174025
29 32 33 33 29 18 1.150687
29 34 35 35 29 19 1.093104
29 36 37 37 29 20 1.062086
29 38 39 39 29 21 1.046087
29 40 41 41 29 22 1.031872
29 42 43 43 29 23 1.018325
29 44 45 45 29 24 1.004236
29 46 47 47 29 25 0.997709
29 48 49 49 29 26 0.997025
29 50 51 51 29 27 0.996553
29 52 53 53 29 28 0.995533
29 54 55 55 29 29 0.995544
29 56 57 57 29 30 0.995654
29 58 59 59 29 31 0.995654
29 60 61 61 29 32 0.996416
29 62 64 63 29 33 0.996416
29 65 67 66 29 34 0.995887
29 68 70 69 29 35 0.998643
29 71 73 72 29 36 0.999428
29 74 76 75 29 37 1.000247
29 77 79 78 29 38 1.001830
29 80 82 81 29 39 1.002179
29 83 85 84 29 40 1.003765
29 86 88 87 29 41 1.003765
29 89 91 90 29 42 1.003765
29 92 94 93 29 43 1.003765
29 95 97 96 29 44 1.003765
29 98 100 99 29 45 1.001812
29 101 103 102 29 46 1.001715
29 104 109 107 29 47 1.000861
29 110 115 113 29 48 0.999188
29 116 121 119 29 49 0.998002
29 122 127 125 29 50 0.997908
29 128 133 131 29 51 0.997587
29 134 139 137 29 52 0.994993
29 140 145 143 29 53 0.992952
29 146 151 149 29 54 0.991504
29 152 157 155 29 55 0.989349
29 158 163 161 29 56 0.987586
29 164 169 167 29 57 0.985212
29 170 175 173 29 58 0.985012
29 176 181 179 29 59 0.984382
29 182 187 185 29 60 0.982528
29 188 193 191 29 61 0.982043
29 194 254 224 29 62 0.971698
29 255 255 255 29 63 0.947931
30 0 0 0 30 0 1.000000   # ieta [31], pt 0
30 1 15 8 30 1 1.983481
30 16 16 16 30 2 1.873014
30 17 17 17 30 3 1.789844
30 18 18 18 30 4 1.688226
30 19 19 19 30 5 1.645591
30 20 20 20 30 6 1.559492
30 21 21 21 30 7 1.520016
30 22 22 22 30 8 1.442976
30 23 23 23 30 9 1.379871
30 24 24 24 30 10 1.360144
30 25 25 25 30 11 1.316723
30 26 26 26 30 12 1.263582
30 27 27 27 30 13 1.226988
30 28 28 28 30 14 1.205162
30 29 29 29 30 15 1.178212
30 30 30 30 30 16 1.155283
30 31 31 31 30 17 1.122975
30 32 33 33 30 18 1.102077
30 34 35 35 30 19 1.046748
30 36 37 37 30 20 1.003154
30 38 39 39 30 21 0.983352
30 40 41 41 30 22 0.962178
30 42 43 43 30 23 0.953807
30 44 45 45 30 24 0.941633
30 46 47 47 30 25 0.931770
30 48 49 49 30 26 0.930777
30 50 51 51 30 27 0.929408
30 52 53 53 30 28 0.929113
30 54 55 55 30 29 0.929124
30 56 57 57 30 30 0.929234
30 58 59 59 30 31 0.929234
30 60 61 61 30 32 0.929996
30 62 64 63 30 33 0.929996
30 65 67 66 30 34 0.930544
30 68 70 69 30 35 0.934011
30 71 73 72 30 36 0.938275
30 74 76 75 30 37 0.940170
30 77 79 78 30 38 0.943045
30 80 82 81 30 39 0.944041
30 83 85 84 30 40 0.948867
30 86 88 87 30 41 0.954649
30 89 91 90 30 42 0.954649
30 92 94 93 30 43 0.954649
30 95 97 96 30 44 0.954855
30 98 100 99 30 45 0.954958
30 101 103 102 30 46 0.954861
30 104 109 107 30 47 0.956314
30 110 115 113 30 48 0.957662
30 116 121 119 30 49 0.958700
30 122 127 125 30 50 0.959012
30 128 133 131 30 51 0.958550
30 134 139 137 30 52 0.956523
30 140 145 143 30 53 0.954780
30 146 151 149 30 54 0.953332
30 152 157 155 30 55 0.953677
30 158 163 161 30 56 0.953064
30 164 169 167 30 57 0.948975
30 170 175 173 30 58 0.948472
30 176 181 179 30 59 0.947842
30 182 187 185 30 60 0.945987
30 188 193 191 30 61 0.945503
30 194 254 224 30 62 0.932755
30 255 255 255 30 63 0.908870
31 0 0 0 31 0 1.000000   # ieta [32], pt 0
31 1 15 8 31 1 1.953938
31 16 16 16 31 2 1.836766
31 17 17 17 31 3 1.752916
31 18 18 18 31 4 1.654917
31 19 19 19 31 5 1.605999
31 20 20 20 31 6 1.502149
31 21 21 21 31 7 1.475977
31 22 22 22 31 8 1.397117
31 23 23 23 31 9 1.325151
31 24 24 24 31 10 1.303359
31 25 25 25 31 11 1.247086
31 26 26 26 31 12 1.192333
31 27 27 27 31 13 1.143461
31 28 28 28 31 14 1.122574
31 29 29 29 31 15 1.086178
31 30 30 30 31 16 1.062047
31 31 31 31 31 17 1.017486
31 32 33 33 31 18 1.000091
31 34 35 35 31 19 0.959265
31 36 37 37 31 20 0.922546
31 38 39 39 31 21 0.900674
31 40 41 41 31 22 0.862647
31 42 43 43 31 23 0.852898
31 44 45 45 31 24 0.838063
31 46 47 47 31 25 0.824473
31 48 49 49 31 26 0.823756
31 50 51 51 31 27 0.822271
31 52 53 53 31 28 0.821861
31 54 55 55 31 29 0.821872
31 56 57 57 31 30 0.821982
31 58 59 59 31 31 0.821982
31 60 61 61 31 32 0.822744
31 62 64 63 31 33 0.822917
31 65 67 66 31 34 0.823811
31 68 70 69 31 35 0.827041
31 71 73 72 31 36 0.831187
31 74 76 75 31 37 0.833082
31 77 79 78 31 38 0.835957
31 80 82 81 31 39 0.836953
31 83 85 84 31 40 0.841779
31 86 88 87 31 41 0.847561
31 89 91 90 31 42 0.847561
31 92 94 93 31 43 0.847561
31 95 97 96 31 44 0.848472
31 98 100 99 31 45 0.849984
31 101 103 102 31 46 0.850082
31 104 109 107 31 47 0.852159
31 110 115 113 31 48 0.854086
31 116 121 119 31 49 0.855702
31 122 127 125 31 50 0.855966
31 128 133 131 31 51 0.855810
31 134 139 137 31 52 0.855823
31 140 145 143 31 53 0.856992
31 146 151 149 31 54 0.857202
31 152 157 155 31 55 0.858840
31 158 163 161 31 56 0.858475
31 164 169 167 31 57 0.854460
31 170 175 173 31 58 0.853812
31 176 181 179 31 59 0.853511
31 182 187 185 31 60 0.852312
31 188 193 191 31 61 0.851828
31 194 254 224 31 62 0.836386
31 255 255 255 31 63 0.808045
32 0 0 0 32 0 1.000000   # ieta [33], pt 0
32 1 15 8 32 1 1.952252
32 16 16 16 32 2 1.835080
32 17 17 17 32 3 1.751230
32 18 18 18 32 4 1.653232
32 19 19 19 32 5 1.604313
32 20 20 20 32 6 1.493182
32 21 21 21 32 7 1.467010
32 22 22 22 32 8 1.387451
32 23 23 23 32 9 1.315869
32 24 24 24 32 10 1.291972
32 25 25 25 32 11 1.235700
32 26 26 26 32 12 1.180546
32 27 27 27 32 13 1.131673
32 28 28 28 32 14 1.112542
32 29 29 29 32 15 1.074387
32 30 30 30 32 16 1.050141
32 31 31 31 32 17 1.005581
32 32 33 33 32 18 0.988186
32 34 35 35 32 19 0.947359
32 36 37 37 32 20 0.907470
32 38 39 39 32 21 0.884513
32 40 41 41 32 22 0.846487
32 42 43 43 32 23 0.836719
32 44 45 45 32 24 0.821509
32 46 47 47 32 25 0.808636
32 48 49 49 32 26 0.807919
32 50 51 51 32 27 0.804153
32 52 53 53 32 28 0.801461
32 54 55 55 32 29 0.801473
32 56 57 57 32 30 0.798071
32 58 59 59 32 31 0.798071
32 60 61 61 32 32 0.807370
32 62 64 63 32 33 0.805975
32 65 67 66 32 34 0.807085
32 68 70 69 32 35 0.810542
32 71 73 72 32 36 0.814688
32 74 76 75 32 37 0.816966
32 77 79 78 32 38 0.819842
32 80 82 81 32 39 0.821635
32 83 85 84 32 40 0.824243
32 86 88 87 32 41 0.826115
32 89 91 90 32 42 0.826115
32 92 94 93 32 43 0.826115
32 95 97 96 32 44 0.827025
32 98 100 99 32 45 0.828537
32 101 103 102 32 46 0.828537
32 104 109 107 32 47 0.829528
32 110 115 113 32 48 0.830132
32 116 121 119 32 49 0.831170
32 122 127 125 32 50 0.831284
32 128 133 131 32 51 0.831142
32 134 139 137 32 52 0.832298
32 140 145 143 32 53 0.838293
32 146 151 149 32 54 0.839460
32 152 157 155 32 55 0.841693
32 158 163 161 32 56 0.841438
32 164 169 167 32 57 0.837363
32 170 175 173 32 58 0.836644
32 176 181 179 32 59 0.836307
32 182 187 185 32 60 0.835156
32 188 193 191 32 61 0.834719
32 194 254 224 32 62 0.820349
32 255 255 255 32 63 0.792479
33 0 0 0 33 0 1.000000   # ieta [34], pt 0
33 1 15 8 33 1 1.952252
33 16 16 16 33 2 1.835080
33 17 17 17 33 3 1.751230
33 18 18 18 33 4 1.653232
33 19 19 19 33 5 1.604313
33 20 20 20 33 6 1.497143
33 21 21 21 33 7 1.470970
33 22 22 22 33 8 1.392008
33 23 23 23 33 9 1.320425
33 24 24 24 33 10 1.298557
33 25 25 25 33 11 1.242285
33 26 26 26 33 12 1.187130
33 27 27 27 33 13 1.138258
33 28 28 28 33 14 1.118308
33 29 29 29 33 15 1.081936
33 30 30 30 33 16 1.057867
33 31 31 31 33 17 1.013307
33 32 33 33 33 18 0.996255
33 34 35 35 33 19 0.955429
33 36 37 37 33 20 0.916399
33 38 39 39 33 21 0.894301
33 40 41 41 33 22 0.857264
33 42 43 43 33 23 0.848329
33 44 45 45 33 24 0.833119
33 46 47 47 33 25 0.820246
33 48 49 49 33 26 0.819529
33 50 51 51 33 27 0.819842
33 52 53 53 33 28 0.821229
33 54 55 55 33 29 0.821240
33 56 57 57 33 30 0.821350
33 58 59 59 33 31 0.821350
33 60 61 61 33 32 0.822112
33 62 64 63 33 33 0.822059
33 65 67 66 33 34 0.822501
33 68 70 69 33 35 0.825731
33 71 73 72 33 36 0.829877
33 74 76 75 33 37 0.831859
33 77 79 78 33 38 0.834735
33 80 82 81 33 39 0.835731
33 83 85 84 33 40 0.838339
33 86 88 87 33 41 0.840211
33 89 91 90 33 42 0.839384
33 92 94 93 33 43 0.838970
33 95 97 96 33 44 0.839380
33 98 100 99 33 45 0.839891
33 101 103 102 33 46 0.839891
33 104 109 107 33 47 0.840734
33 110 115 113 33 48 0.841131
33 116 121 119 33 49 0.842051
33 122 127 125 33 50 0.842165
33 128 133 131 33 51 0.842023
33 134 139 137 33 52 0.843179
33 140 145 143 33 53 0.848333
33 146 151 149 33 54 0.849332
33 152 157 155 33 55 0.850779
33 158 163 161 33 56 0.850258
33 164 169 167 33 57 0.845918
33 170 175 173 33 58 0.844892
33 176 181 179 33 59 0.844400
33 182 187 185 33 60 0.843061
33 188 193 191 33 61 0.842437
33 194 254 224 33 62 0.829169
33 255 255 255 33 63 0.801299
34 0 0 0 34 0 1.000000   # ieta [35], pt 0
34 1 15 8 34 1 1.962702
34 16 16 16 34 2 1.847449
34 17 17 17 34 3 1.763599
34 18 18 18 34 4 1.666687
34 19 19 19 34 5 1.617769
34 20 20 20 34 6 1.521649
34 21 21 21 34 7 1.489826
34 22 22 22 34 8 1.410552
34 23 23 23 34 9 1.340909
34 24 24 24 34 10 1.319040
34 25 25 25 34 11 1.262768
34 26 26 26 34 12 1.206587
34 27 27 27 34 13 1.158967
34 28 28 28 34 14 1.138066
34 29 29 29 34 15 1.102635
34 30 30 30 34 16 1.078566
34 31 31 31 34 17 1.045933
34 32 33 33 34 18 1.032093
34 34 35 35 34 19 0.992540
34 36 37 37 34 20 0.962522
34 38 39 39 34 21 0.947245
34 40 41 41 34 22 0.918011
34 42 43 43 34 23 0.906162
34 44 45 45 34 24 0.886929
34 46 47 47 34 25 0.874016
34 48 49 49 34 26 0.873586
34 50 51 51 34 27 0.873523
34 52 53 53 34 28 0.874632
34 54 55 55 34 29 0.874742
34 56 57 57 34 30 0.873876
34 58 59 59 34 31 0.873608
34 60 61 61 34 32 0.874370
34 62 64 63 34 33 0.874317
34 65 67 66 34 34 0.874183
34 68 70 69 34 35 0.874707
34 71 73 72 34 36 0.877736
34 74 76 75 34 37 0.880322
34 77 79 78 34 38 0.883198
34 80 82 81 34 39 0.884054
34 83 85 84 34 40 0.885742
34 86 88 87 34 41 0.886796
34 89 91 90 34 42 0.885969
34 92 94 93 34 43 0.885555
34 95 97 96 34 44 0.885762
34 98 100 99 34 45 0.885865
34 101 103 102 34 46 0.885865
34 104 109 107 34 47 0.886225
34 110 115 113 34 48 0.885883
34 116 121 119 34 49 0.886137
34 122 127 125 34 50 0.886251
34 128 133 131 34 51 0.886110
34 134 139 137 34 52 0.887266
34 140 145 143 34 53 0.892327
34 146 151 149 34 54 0.892777
34 152 157 155 34 55 0.893650
34 158 163 161 34 56 0.892868
34 164 169 167 34 57 0.888580
34 170 175 173 34 58 0.887554
34 176 181 179 34 59 0.887063
34 182 187 185 34 60 0.885724
34 188 193 191 34 61 0.885099
34 194 254 224 34 62 0.871532
34 255 255 255 34 63 0.843662
35 0 0 0 35 0 1.000000   # ieta [36], pt 0
35 1 15 8 35 1 1.963878
35 16 16 16 35 2 1.849138
35 17 17 17 35 3 1.765288
35 18 18 18 35 4 1.668376
35 19 19 19 35 5 1.619457
35 20 20 20 35 6 1.525778
35 21 21 21 35 7 1.494313
35 22 22 22 35 8 1.412526
35 23 23 23 35 9 1.346584
35 24 24 24 35 10 1.324715
35 25 25 25 35 11 1.268443
35 26 26 26 35 12 1.212262
35 27 27 27 35 13 1.164642
35 28 28 28 35 14 1.143741
35 29 29 29 35 15 1.106119
35 30 30 30 35 16 1.082050
35 31 31 31 35 17 1.050390
35 32 33 33 35 18 1.037783
35 34 35 35 35 19 1.001738
35 36 37 37 35 20 0.976042
35 38 39 39 35 21 0.960981
35 40 41 41 35 22 0.931549
35 42 43 43 35 23 0.919420
35 44 45 45 35 24 0.900960
35 46 47 47 35 25 0.887567
35 48 49 49 35 26 0.887136
35 50 51 51 35 27 0.887073
35 52 53 53 35 28 0.888183
35 54 55 55 35 29 0.888293
35 56 57 57 35 30 0.887426
35 58 59 59 35 31 0.887159
35 60 61 61 35 32 0.887920
35 62 64 63 35 33 0.887867
35 65 67 66 35 34 0.887733
35 68 70 69 35 35 0.888257
35 71 73 72 35 36 0.891287
35 74 76 75 35 37 0.893873
35 77 79 78 35 38 0.896347
35 80 82 81 35 39 0.897002
35 83 85 84 35 40 0.898690
35 86 88 87 35 41 0.899744
35 89 91 90 35 42 0.898917
35 92 94 93 35 43 0.898503
35 95 97 96 35 44 0.898710
35 98 100 99 35 45 0.898813
35 101 103 102 35 46 0.898813
35 104 109 107 35 47 0.899173
35 110 115 113 35 48 0.898831
35 116 121 119 35 49 0.899085
35 122 127 125 35 50 0.899199
35 128 133 131 35 51 0.899058
35 134 139 137 35 52 0.899068
35 140 145 143 35 53 0.903948
35 146 151 149 35 54 0.904398
35 152 157 155 35 55 0.904891
35 158 163 161 35 56 0.903746
35 164 169 167 35 57 0.899113
35 170 175 173 35 58 0.898086
35 176 181 179 35 59 0.897595
35 182 187 185 35 60 0.896256
35 188 193 191 35 61 0.895632
35 194 254 224 35 62 0.882065
35 255 255 255 35 63 0.854194
36 0 0 0 36 0 1.000000   # ieta [37], pt 0
36 1 15 8 36 1 1.971593
36 16 16 16 36 2 1.856852
36 17 17 17 36 3 1.773002
36 18 18 18 36 4 1.678335
36 19 19 19 36 5 1.629416
36 20 20 20 36 6 1.554715
36 21 21 21 36 7 1.528022
36 22 22 22 36 8 1.448389
36 23 23 23 36 9 1.382447
36 24 24 24 36 10 1.366652
36 25 25 25 36 11 1.311442
36 26 26 26 36 12 1.255261
36 27 27 27 36 13 1.208717
36 28 28 28 36 14 1.187816
36 29 29 29 36 15 1.153697
36 30 30 30 36 16 1.132597
36 31 31 31 36 17 1.100936
36 32 33 33 36 18 1.090136
36 34 35 35 36 19 1.058499
36 36 37 37 36 20 1.027916
36 38 39 39 36 21 1.013479
36 40 41 41 36 22 0.983592
36 42 43 43 36 23 0.966168
36 44 45 45 36 24 0.947422
36 46 47 47 36 25 0.926294
36 48 49 49 36 26 0.924447
36 50 51 51 36 27 0.923773
36 52 53 53 36 28 0.922905
36 54 55 55 36 29 0.923015
36 56 57 57 36 30 0.921502
36 58 59 59 36 31 0.921235
36 60 61 61 36 32 0.921997
36 62 64 63 36 33 0.921944
36 65 67 66 36 34 0.919925
36 68 70 69 36 35 0.917965
36 71 73 72 36 36 0.920470
36 74 76 75 36 37 0.923988
36 77 79 78 36 38 0.926462
36 80 82 81 36 39 0.927118
36 83 85 84 36 40 0.928806
36 86 88 87 36 41 0.929860
36 89 91 90 36 42 0.929033
36 92 94 93 36 43 0.928619
36 95 97 96 36 44 0.928825
36 98 100 99 36 45 0.928928
36 101 103 102 36 46 0.928928
36 104 109 107 36 47 0.929157
36 110 115 113 36 48 0.928683
36 116 121 119 36 49 0.928937
36 122 127 125 36 50 0.929051
36 128 133 131 36 51 0.928910
36 134 139 137 36 52 0.928920
36 140 145 143 36 53 0.933800
36 146 151 149 36 54 0.934250
36 152 157 155 36 55 0.934373
36 158 163 161 36 56 0.933044
36 164 169 167 36 57 0.928411
36 170 175 173 36 58 0.927384
36 176 181 179 36 59 0.926893
36 182 187 185 36 60 0.925554
36 188 193 191 36 61 0.924930
36 194 254 224 36 62 0.911363
36 255 255 255 36 63 0.883492
37 0 0 0 37 0 1.000000   # ieta [38], pt 0
37 1 15 8 37 1 1.974937
37 16 16 16 37 2 1.860196
37 17 17 17 37 3 1.776346
37 18 18 18 37 4 1.681679
37 19 19 19 37 5 1.632761
37 20 20 20 37 6 1.558059
37 21 21 21 37 7 1.531366
37 22 22 22 37 8 1.451733
37 23 23 23 37 9 1.385791
37 24 24 24 37 10 1.371099
37 25 25 25 37 11 1.315889
37 26 26 26 37 12 1.259708
37 27 27 27 37 13 1.213164
37 28 28 28 37 14 1.192263
37 29 29 29 37 15 1.158143
37 30 30 30 37 16 1.137044
37 31 31 31 37 17 1.105383
37 32 33 33 37 18 1.093646
37 34 35 35 37 19 1.062176
37 36 37 37 37 20 1.031760
37 38 39 39 37 21 1.017322
37 40 41 41 37 22 0.986991
37 42 43 43 37 23 0.969205
37 44 45 45 37 24 0.950097
37 46 47 47 37 25 0.928969
37 48 49 49 37 26 0.927123
37 50 51 51 37 27 0.925939
37 52 53 53 37 28 0.924561
37 54 55 55 37 29 0.924671
37 56 57 57 37 30 0.923608
37 58 59 59 37 31 0.923341
37 60 61 61 37 32 0.924103
37 62 64 63 37 33 0.924050
37 65 67 66 37 34 0.922508
37 68 70 69 37 35 0.920786
37 71 73 72 37 36 0.923292
37 74 76 75 37 37 0.926809
37 77 79 78 37 38 0.929284
37 80 82 81 37 39 0.929939
37 83 85 84 37 40 0.931627
37 86 88 87 37 41 0.932681
37 89 91 90 37 42 0.931854
37 92 94 93 37 43 0.931440
37 95 97 96 37 44 0.931646
37 98 100 99 37 45 0.931750
37 101 103 102 37 46 0.931750
37 104 109 107 37 47 0.930896
37 110 115 113 37 48 0.929342
37 116 121 119 37 49 0.929596
37 122 127 125 37 50 0.929710
37 128 133 131 37 51 0.929568
37 134 139 137 37 52 0.929578
37 140 145 143 37 53 0.934459
37 146 151 149 37 54 0.934908
37 152 157 155 37 55 0.935032
37 158 163 161 37 56 0.933702
37 164 169 167 37 57 0.929069
37 170 175 173 37 58 0.928043
37 176 181 179 37 59 0.927552
37 182 187 185 37 60 0.926213
37 188 193 191 37 61 0.925588
37 194 254 224 37 62 0.912021
37 255 255 255 37 63 0.884150
38 0 0 0 38 0 1.000000   # ieta [39], pt 0
38 1 15 8 38 1 1.990104
38 16 16 16 38 2 1.875363
38 17 17 17 38 3 1.791514
38 18 18 18 38 4 1.696846
38 19 19 19 38 5 1.647928
38 20 20 20 38 6 1.622395
38 21 21 21 38 7 1.606908
38 22 22 22 38 8 1.534457
38 23 23 23 38 9 1.468514
38 24 24 24 38 10 1.461610
38 25 25 25 38 11 1.406400
38 26 26 26 38 12 1.350219
38 27 27 27 38 13 1.303675
38 28 28 28 38 14 1.282774
38 29 29 29 38 15 1.272469
38 30 30 30 38 16 1.251370
38 31 31 31 38 17 1.219709
38 32 33 33 38 18 1.208908
38 34 35 35 38 19 1.177438
38 36 37 37 38 20 1.147022
38 38 39 39 38 21 1.122748
38 40 41 41 38 22 1.079810
38 42 43 43 38 23 1.051547
38 44 45 45 38 24 1.032439
38 46 47 47 38 25 0.996436
38 48 49 49 38 26 0.994589
38 50 51 51 38 27 0.990658
38 52 53 53 38 28 0.980479
38 54 55 55 38 29 0.980589
38 56 57 57 38 30 0.979526
38 58 59 59 38 31 0.979259
38 60 61 61 38 32 0.980021
38 62 64 63 38 33 0.979968
38 65 67 66 38 34 0.979347
38 68 70 69 38 35 0.974651
38 71 73 72 38 36 0.975439
38 74 76 75 38 37 0.977042
38 77 79 78 38 38 0.979516
38 80 82 81 38 39 0.980172
38 83 85 84 38 40 0.981860
38 86 88 87 38 41 0.982913
38 89 91 90 38 42 0.982086
38 92 94 93 38 43 0.981673
38 95 97 96 38 44 0.981879
38 98 100 99 38 45 0.981982
38 101 103 102 38 46 0.981982
38 104 109 107 38 47 0.979636
38 110 115 113 38 48 0.976589
38 116 121 119 38 49 0.976843
38 122 127 125 38 50 0.976957
38 128 133 131 38 51 0.976816
38 134 139 137 38 52 0.976826
38 140 145 143 38 53 0.981706
38 146 151 149 38 54 0.982156
38 152 157 155 38 55 0.982279
38 158 163 161 38 56 0.980950
38 164 169 167 38 57 0.976317
38 170 175 173 38 58 0.975290
38 176 181 179 38 59 0.974799
38 182 187 185 38 60 0.973460
38 188 193 191 38 61 0.972836
38 194 254 224 38 62 0.959269
38 255 255 255 38 63 0.931398
39 0 0 0 39 0 1.000000   # ieta [40], pt 0
39 1 15 8 39 1 1.990104
39 16 16 16 39 2 1.875363
39 17 17 17 39 3 1.791514
39 18 18 18 39 4 1.696846
39 19 19 19 39 5 1.647928
39 20 20 20 39 6 1.622395
39 21 21 21 39 7 1.606908
39 22 22 22 39 8 1.534457
39 23 23 23 39 9 1.468514
39 24 24 24 39 10 1.461610
39 25 25 25 39 11 1.406400
39 26 26 26 39 12 1.350219
39 27 27 27 39 13 1.303675
39 28 28 28 39 14 1.282774
39 29 29 29 39 15 1.272469
39 30 30 30 39 16 1.251370
39 31 31 31 39 17 1.219709
39 32 33 33 39 18 1.208908
39 34 35 35 39 19 1.177438
39 36 37 37 39 20 1.147022
39 38 39 39 39 21 1.122748
39 40 41 41 39 22 1.079810
39 42 43 43 39 23 1.051547
39 44 45 45 39 24 1.032439
39 46 47 47 39 25 0.996436
39 48 49 49 39 26 0.994589
39 50 51 51 39 27 0.990658
39 52 53 53 39 28 0.980479
39 54 55 55 39 29 0.980589
39 56 57 57 39 30 0.979526
39 58 59 59 39 31 0.979259
39 60 61 61 39 32 0.980021
39 62 64 63 39 33 0.979968
39 65 67 66 39 34 0.979347
39 68 70 69 39 35 0.974651
39 71 73 72 39 36 0.975439
39 74 76 75 39 37 0.977042
39 77 79 78 39 38 0.979516
39 80 82 81 39 39 0.980172
39 83 85 84 39 40 0.981860
39 86 88 87 39 41 0.982913
39 89 91 90 39 42 0.982086
39 92 94 93 39 43 0.981673
39 95 97 96 39 44 0.981879
39 98 100 99 39 45 0.981982
39 101 103 102 39 46 0.981982
39 104 109 107 39 47 0.979636
39 110 115 113 39 48 0.976589
39 116 121 119 39 49 0.976843
39 122 127 125 39 50 0.976957
39 128 133 131 39 51 0.976816
39 134 139 137 39 52 0.976826
39 140 145 143 39 53 0.981706
39 146 151 149 39 54 0.982156
39 152 157 155 39 55 0.982279
39 158 163 161 39 56 0.980950
39 164 169 167 39 57 0.976317
39 170 175 173 39 58 0.975290
39 176 181 179 39 59 0.974799
39 182 187 185 39 60 0.973460
39 188 193 191 39 61 0.972836
39 194 254 224 39 62 0.959269
39 255 255 255 39 63 0.931398
