# address to addend+multiplicative factor LUT
# maps 11 bits to 18 bits
# 18 bits = (addend<<10) + multiplier)
# addend is signed 8 bits, multiplier is 10 bits
# anything after # is ignored with the exception of the header
# the header is first valid line starting with #<header> versionStr nrBitsAddress nrBitsData </header>
#<header> v1 12 18 </header>
0 512  # compresses ieta bin 0, pt 0
1 2045
2 1016
3 1002
4 1003
5 991
6 980
7 970
8 962
9 963
10 945
11 939
12 932
13 925
14 919
15 914
16 909
17 905
18 896
19 882
20 869
21 858
22 853
23 844
24 834
25 831
26 818
27 812
28 809
29 803
30 797
31 792
32 783
33 779
34 770
35 763
36 756
37 749
38 747
39 741
40 736
41 731
42 727
43 723
44 719
45 715
46 709
47 705
48 699
49 694
50 688
51 682
52 678
53 674
54 670
55 665
56 663
57 659
58 657
59 653
60 650
61 647
62 636
63 628
16 512  # compresses ieta bin 1, pt 0
17 2043
18 1016
19 1002
20 1003
21 980
22 980
23 970
24 961
25 954
26 944
27 939
28 932
29 925
30 920
31 915
16 909
17 905
18 896
19 882
20 869
21 863
22 853
23 849
24 835
25 831
26 819
27 812
28 809
29 803
30 797
31 792
48 787
49 779
50 770
51 763
52 756
53 749
54 747
55 741
56 736
57 731
58 727
59 723
60 719
61 715
62 712
63 707
48 699
49 694
50 688
51 683
52 680
53 674
54 670
55 667
56 663
57 660
58 657
59 655
60 651
61 648
62 637
63 630
32 512  # compresses ieta bin 2, pt 0
33 2047
34 2044
35 1018
36 1017
37 993
38 992
39 982
40 973
41 964
42 955
43 948
44 941
45 934
46 928
47 923
48 918
49 913
50 904
51 889
52 875
53 864
54 859
55 849
56 840
57 832
58 823
59 817
60 814
61 808
62 802
63 797
32 791
33 783
34 774
35 766
36 759
37 753
38 750
39 745
40 739
41 734
42 730
43 725
44 724
45 718
46 714
47 710
48 704
49 696
50 692
51 685
52 682
53 678
54 673
55 670
56 666
57 663
58 659
59 657
60 654
61 651
62 639
63 631
48 512  # compresses ieta bin 3, pt 0
49 3071
50 2047
51 2045
52 1018
53 1005
54 1005
55 994
56 984
57 975
58 965
59 959
60 952
61 944
62 938
63 940
48 927
49 921
50 912
51 896
52 882
53 870
54 865
55 855
56 846
57 842
58 829
59 826
60 819
61 812
62 806
63 801
48 796
49 787
50 778
51 770
52 763
53 756
54 753
55 751
56 742
57 737
58 733
59 731
60 727
61 720
62 717
63 712
48 706
49 701
50 694
51 687
52 683
53 680
54 675
55 672
56 667
57 665
58 661
59 659
60 655
61 654
62 641
63 632
64 512  # compresses ieta bin 4, pt 0
65 3071
66 3071
67 3071
68 2047
69 1017
70 1018
71 1006
72 995
73 985
74 976
75 968
76 960
77 953
78 947
79 941
80 935
81 929
82 920
83 903
84 889
85 877
86 871
87 861
88 851
89 843
90 834
91 827
92 824
93 817
94 811
95 805
96 800
97 791
98 782
99 774
100 770
101 760
102 757
103 751
104 745
105 740
106 735
107 731
108 729
109 723
110 719
111 714
112 708
113 703
114 696
115 691
116 687
117 683
118 678
119 673
120 671
121 668
122 665
123 662
124 658
125 656
126 644
127 635
80 512  # compresses ieta bin 5, pt 0
81 3071
82 3071
83 3071
84 3071
85 1019
86 1018
87 1006
88 996
89 987
90 977
91 970
92 970
93 954
94 955
95 949
80 936
81 930
82 920
83 911
84 896
85 883
86 878
87 867
88 857
89 847
90 839
91 836
92 828
93 822
94 816
95 810
112 804
113 795
114 786
115 781
116 774
117 766
118 760
119 754
120 748
121 743
122 738
123 736
124 732
125 728
126 724
127 717
112 711
113 705
114 700
115 693
116 689
117 685
118 680
119 677
120 672
121 669
122 667
123 663
124 661
125 658
126 645
127 636
96 512  # compresses ieta bin 6, pt 0
97 3071
98 3071
99 3071
100 2047
101 1019
102 1018
103 1006
104 997
105 996
106 977
107 978
108 970
109 954
110 955
111 949
112 943
113 931
114 921
115 911
116 896
117 884
118 878
119 867
120 857
121 853
122 844
123 836
124 828
125 822
126 820
127 814
96 804
97 795
98 786
99 781
100 774
101 766
102 760
103 754
104 748
105 743
106 739
107 736
108 732
109 728
110 724
111 719
112 711
113 705
114 700
115 695
116 689
117 685
118 680
119 677
120 674
121 669
122 667
123 663
124 661
125 658
126 645
127 636
112 512  # compresses ieta bin 7, pt 0
113 4095
114 4095
115 4095
116 3071
117 2047
118 2047
119 1018
120 1008
121 998
122 987
123 980
124 980
125 964
126 965
127 958
112 945
113 938
114 928
115 918
116 903
117 890
118 879
119 873
120 857
121 853
122 844
123 836
124 829
125 822
126 820
127 814
112 804
113 799
114 790
115 785
116 777
117 770
118 763
119 760
120 751
121 746
122 741
123 737
124 735
125 731
126 724
127 719
112 713
113 707
114 702
115 697
116 691
117 687
118 682
119 678
120 675
121 671
122 668
123 665
124 662
125 659
126 646
127 637
128 512  # compresses ieta bin 8, pt 0
129 4095
130 5119
131 5119
132 4095
133 3071
134 3071
135 2047
136 1019
137 1009
138 997
139 989
140 982
141 973
142 974
143 960
144 952
145 946
146 935
147 919
148 904
149 890
150 884
151 873
152 862
153 853
154 844
155 841
156 833
157 826
158 820
159 814
160 808
161 799
162 794
163 785
164 781
165 773
166 766
167 763
168 754
169 749
170 744
171 739
172 737
173 733
174 727
175 722
176 715
177 709
178 702
179 697
180 693
181 689
182 683
183 678
184 675
185 672
186 668
187 666
188 662
189 660
190 646
191 638
144 512  # compresses ieta bin 9, pt 0
145 4095
146 5119
147 5119
148 4095
149 4095
150 3071
151 2047
152 1019
153 1009
154 997
155 999
156 990
157 973
158 974
159 967
144 960
145 946
146 936
147 926
148 911
149 903
150 890
151 879
152 868
153 864
154 854
155 846
156 838
157 831
158 829
159 818
176 812
177 803
178 798
179 789
180 784
181 777
182 770
183 766
184 757
185 755
186 750
187 745
188 740
189 736
190 732
191 726
176 720
177 711
178 706
179 701
180 695
181 691
182 685
183 682
184 677
185 674
186 670
187 667
188 664
189 662
190 649
191 640
160 512  # compresses ieta bin 10, pt 0
161 4095
162 5119
163 5119
164 5119
165 4095
166 4095
167 3071
168 2047
169 1020
170 1008
171 1001
172 1000
173 983
174 983
175 976
176 969
177 955
178 951
179 934
180 918
181 903
182 896
183 885
184 874
185 869
186 861
187 856
188 848
189 840
190 834
191 827
160 821
161 811
162 805
163 796
164 788
165 780
166 776
167 770
168 763
169 761
170 755
171 750
172 748
173 744
174 737
175 731
176 724
177 718
178 710
179 707
180 700
181 696
182 690
183 687
184 682
185 679
186 676
187 672
188 669
189 666
190 653
191 644
176 512  # compresses ieta bin 11, pt 0
177 5119
178 7167
179 7167
180 7167
181 6143
182 6143
183 5119
184 5119
185 4095
186 3071
187 2047
188 1019
189 1012
190 1010
191 994
176 986
177 979
178 966
179 955
180 938
181 923
182 915
183 902
184 891
185 880
186 870
187 861
188 857
189 850
190 847
191 836
176 829
177 819
178 817
179 811
180 802
181 794
182 786
183 779
184 773
185 769
186 764
187 759
188 756
189 749
190 744
191 741
176 733
177 724
178 718
179 713
180 708
181 701
182 697
183 693
184 690
185 685
186 682
187 679
188 676
189 672
190 659
191 650
192 512  # compresses ieta bin 12, pt 0
193 6143
194 10239
195 9215
196 9215
197 8191
198 8191
199 8191
200 7167
201 7167
202 6143
203 5119
204 4095
205 4095
206 3071
207 2046
208 1012
209 1005
210 997
211 984
212 965
213 949
214 934
215 926
216 913
217 902
218 896
219 886
220 877
221 868
222 865
223 857
224 850
225 844
226 832
227 826
228 816
229 807
230 803
231 795
232 788
233 784
234 778
235 772
236 769
237 764
238 759
239 753
240 745
241 739
242 731
243 725
244 719
245 714
246 707
247 701
248 699
249 694
250 691
251 687
252 684
253 680
254 667
255 658
208 512  # compresses ieta bin 13, pt 0
209 7167
210 12287
211 12287
212 12287
213 11263
214 12287
215 11263
216 10239
217 10239
218 8191
219 8191
220 7167
221 6143
222 6143
223 5119
208 3071
209 3071
210 1020
211 1006
212 993
213 975
214 965
215 956
216 942
217 929
218 917
219 911
220 901
221 892
222 883
223 875
240 871
241 860
242 852
243 844
244 834
245 828
246 819
247 814
248 806
249 799
250 792
251 786
252 783
253 777
254 772
255 767
240 756
241 748
242 743
243 738
244 732
245 725
246 719
247 715
248 710
249 705
250 701
251 697
252 694
253 691
254 678
255 669
224 512  # compresses ieta bin 14, pt 0
225 8191
226 13311
227 13311
228 13311
229 13311
230 13311
231 12287
232 12287
233 11263
234 11263
235 10239
236 9215
237 8191
238 8191
239 7167
240 6143
241 5119
242 3071
243 2047
244 1014
245 995
246 990
247 975
248 960
249 951
250 934
251 926
252 920
253 910
254 901
255 896
224 888
225 880
226 867
227 859
228 852
229 842
230 835
231 827
232 818
233 811
234 804
235 800
236 796
237 790
238 785
239 779
240 769
241 763
242 755
243 746
244 739
245 735
246 730
247 725
248 720
249 715
250 711
251 707
252 704
253 700
254 686
255 675
240 512  # compresses ieta bin 15, pt 0
241 9215
242 16383
243 16383
244 16383
245 16383
246 16383
247 16383
248 15359
249 15359
250 14335
251 14335
252 13311
253 12287
254 11263
255 11263
240 11263
241 10239
242 8191
243 7167
244 5119
245 3071
246 2045
247 1016
248 1004
249 990
250 980
251 972
252 964
253 957
254 950
255 944
240 934
241 925
242 914
243 904
244 894
245 886
246 878
247 871
248 864
249 858
250 852
251 847
252 841
253 834
254 827
255 822
240 813
241 804
242 800
243 795
244 788
245 780
246 773
247 767
248 763
249 758
250 754
251 750
252 747
253 745
254 733
255 723
256 512  # compresses ieta bin 16, pt 0
257 10239
258 18431
259 18431
260 18431
261 18431
262 18431
263 18431
264 18431
265 17407
266 17407
267 16383
268 15359
269 14335
270 14335
271 14335
272 13311
273 12287
274 9215
275 8191
276 6143
277 5119
278 3071
279 2045
280 1010
281 1000
282 985
283 981
284 973
285 961
286 955
287 948
288 938
289 929
290 918
291 908
292 902
293 889
294 885
295 877
296 870
297 861
298 855
299 849
300 844
301 837
302 830
303 825
304 815
305 806
306 802
307 799
308 790
309 782
310 774
311 769
312 764
313 760
314 756
315 752
316 748
317 746
318 733
319 722
272 512  # compresses ieta bin 17, pt 0
273 9215
274 14335
275 14335
276 14335
277 13311
278 13311
279 12287
280 12287
281 11263
282 10239
283 10239
284 9215
285 8191
286 7167
287 6143
272 5119
273 4095
274 2047
275 1014
276 1000
277 988
278 971
279 962
280 948
281 940
282 927
283 916
284 906
285 896
286 887
287 879
304 871
305 864
306 852
307 844
308 834
309 825
310 822
311 814
312 806
313 802
314 795
315 789
316 785
317 780
318 775
319 769
304 763
305 754
306 743
307 736
308 728
309 723
310 718
311 713
312 709
313 703
314 699
315 696
316 693
317 688
318 675
319 661
288 512  # compresses ieta bin 18, pt 0
289 8191
290 14335
291 13311
292 13311
293 12287
294 13311
295 12287
296 11263
297 10239
298 9215
299 9215
300 8191
301 6143
302 6143
303 5119
304 3071
305 3071
306 1014
307 1006
308 987
309 975
310 959
311 950
312 936
313 923
314 912
315 901
316 896
317 883
318 874
319 862
288 855
289 848
290 836
291 830
292 820
293 811
294 806
295 798
296 791
297 787
298 781
299 775
300 772
301 764
302 759
303 753
304 742
305 735
306 726
307 719
308 711
309 705
310 699
311 695
312 690
313 685
314 682
315 677
316 675
317 672
318 658
319 644
304 512  # compresses ieta bin 19, pt 0
305 8191
306 14335
307 13311
308 13311
309 12287
310 12287
311 11263
312 11263
313 10239
314 9215
315 8191
316 7167
317 5119
318 4095
319 4095
304 2047
305 1020
306 1005
307 991
308 979
309 962
310 947
311 938
312 925
313 913
314 901
315 891
316 882
317 874
318 865
319 857
304 850
305 844
306 832
307 826
308 816
309 807
310 803
311 795
312 788
313 784
314 778
315 772
316 769
317 764
318 757
319 750
304 740
305 733
306 724
307 719
308 711
309 705
310 699
311 693
312 690
313 685
314 680
315 677
316 673
317 671
318 657
319 643
320 512  # compresses ieta bin 20, pt 0
321 10239
322 16383
323 15359
324 15359
325 14335
326 14335
327 13311
328 12287
329 11263
330 10239
331 9215
332 8191
333 6143
334 5119
335 4095
336 3071
337 2047
338 1006
339 992
340 979
341 962
342 947
343 938
344 925
345 913
346 901
347 891
348 882
349 873
350 865
351 857
352 850
353 840
354 832
355 822
356 813
357 807
358 799
359 792
360 785
361 781
362 775
363 769
364 767
365 759
366 754
367 748
368 738
369 731
370 722
371 717
372 710
373 703
374 697
375 692
376 688
377 683
378 679
379 675
380 672
381 670
382 655
383 642
336 512  # compresses ieta bin 21, pt 0
337 9215
338 14335
339 14335
340 13311
341 12287
342 12287
343 11263
344 10239
345 9215
346 8191
347 6143
348 5119
349 3071
350 2047
351 1020
336 1011
337 1004
338 982
339 969
340 952
341 942
342 928
343 920
344 908
345 896
346 886
347 876
348 867
349 860
350 856
351 849
368 842
369 831
370 821
371 811
372 802
373 794
374 789
375 782
376 773
377 767
378 758
379 753
380 751
381 744
382 739
383 731
368 724
369 716
370 708
371 703
372 696
373 691
374 685
375 680
376 677
377 671
378 668
379 665
380 661
381 659
382 644
383 633
352 512  # compresses ieta bin 22, pt 0
353 7167
354 11263
355 11263
356 10239
357 9215
358 8191
359 7167
360 6143
361 5119
362 4095
363 3071
364 2043
365 1010
366 1001
367 993
368 977
369 971
370 951
371 940
372 925
373 916
374 903
375 896
376 879
377 870
378 860
379 851
380 843
381 836
382 825
383 818
352 817
353 803
354 794
355 785
356 774
357 770
358 763
359 757
360 751
361 749
362 738
363 734
364 727
365 723
366 717
367 712
368 706
369 696
370 694
371 689
372 683
373 678
374 673
375 668
376 664
377 660
378 655
379 653
380 648
381 646
382 631
383 623
368 512  # compresses ieta bin 23, pt 0
369 2044
370 1003
371 1001
372 989
373 953
374 954
375 945
376 925
377 909
378 912
379 907
380 891
381 888
382 882
383 878
368 867
369 863
370 851
371 845
372 835
373 831
374 828
375 819
376 805
377 798
378 792
379 781
380 780
381 766
382 762
383 757
368 754
369 746
370 743
371 733
372 724
373 722
374 717
375 713
376 706
377 702
378 696
379 695
380 689
381 687
382 684
383 679
368 674
369 668
370 665
371 660
372 657
373 651
374 647
375 642
376 640
377 636
378 633
379 630
380 628
381 625
382 612
383 604
384 512  # compresses ieta bin 24, pt 0
385 1015
386 987
387 973
388 963
389 950
390 941
391 923
392 915
393 907
394 892
395 887
396 882
397 877
398 873
399 870
400 858
401 855
402 842
403 838
404 828
405 824
406 815
407 813
408 800
409 788
410 781
411 776
412 771
413 762
414 757
415 753
416 750
417 742
418 735
419 729
420 720
421 715
422 711
423 706
424 699
425 693
426 690
427 684
428 681
429 679
430 674
431 671
432 665
433 660
434 657
435 652
436 650
437 644
438 640
439 635
440 632
441 630
442 625
443 623
444 619
445 617
446 607
447 600
400 512  # compresses ieta bin 25, pt 0
401 1015
402 987
403 971
404 962
405 950
406 941
407 921
408 914
409 897
410 891
411 886
412 872
413 869
414 865
415 862
400 851
401 847
402 835
403 830
404 820
405 811
406 803
407 795
408 783
409 776
410 766
411 761
412 761
413 747
414 740
415 736
432 733
433 726
434 720
435 715
436 710
437 705
438 698
439 694
440 687
441 684
442 676
443 671
444 668
445 666
446 659
447 657
432 649
433 645
434 638
435 637
436 635
437 628
438 623
439 619
440 616
441 614
442 611
443 610
444 607
445 604
446 594
447 587
416 512  # compresses ieta bin 26, pt 0
417 3071
418 2047
419 1016
420 1003
421 977
422 944
423 933
424 925
425 907
426 893
427 887
428 874
429 877
430 873
431 870
432 858
433 847
434 842
435 830
436 820
437 811
438 803
439 795
440 777
441 771
442 765
443 756
444 751
445 738
446 726
447 718
416 716
417 714
418 708
419 700
420 695
421 688
422 681
423 678
424 672
425 669
426 661
427 657
428 652
429 645
430 636
431 631
432 625
433 619
434 614
435 611
436 609
437 603
438 599
439 596
440 594
441 593
442 590
443 589
444 586
445 584
446 572
447 566
432 512  # compresses ieta bin 27, pt 0
433 944
434 888
435 866
436 861
437 830
438 826
439 811
440 799
441 787
442 775
443 773
444 763
445 763
446 763
447 755
432 755
433 749
434 749
435 743
436 731
437 732
438 728
439 724
440 720
441 711
442 704
443 700
444 694
445 687
446 685
447 679
432 674
433 673
434 670
435 663
436 653
437 647
438 642
439 640
440 635
441 628
442 622
443 618
444 615
445 612
446 606
447 602
432 595
433 591
434 585
435 582
436 579
437 574
438 572
439 569
440 567
441 565
442 560
443 559
444 556
445 554
446 543
447 539
448 512  # compresses ieta bin 28, pt 0
449 784
450 729
451 715
452 690
453 681
454 662
455 653
456 636
457 640
458 626
459 630
460 635
461 631
462 635
463 631
464 627
465 624
466 617
467 618
468 614
469 614
470 615
471 612
472 612
473 608
474 604
475 605
476 602
477 599
478 600
479 597
480 598
481 596
482 596
483 596
484 596
485 596
486 593
487 593
488 587
489 587
490 585
491 582
492 580
493 576
494 571
495 569
496 568
497 565
498 563
499 560
500 556
501 553
502 551
503 549
504 550
505 550
506 547
507 546
508 543
509 544
510 537
511 531
464 512  # compresses ieta bin 29, pt 0
465 689
466 648
467 627
468 607
469 600
470 584
471 567
472 565
473 551
474 539
475 529
476 537
477 536
478 535
479 535
464 535
465 534
466 525
467 523
468 522
469 522
470 522
471 521
472 521
473 520
474 520
475 520
476 519
477 519
478 519
479 519
496 519
497 519
498 518
499 518
500 518
501 517
502 517
503 517
504 514
505 513
506 511
507 511
508 508
509 508
510 508
511 506
496 507
497 505
498 503
499 502
500 500
501 499
502 499
503 498
504 499
505 498
506 498
507 497
508 498
509 497
510 491
511 488
480 512  # compresses ieta bin 30, pt 0
481 656
482 616
483 595
484 576
485 559
486 557
487 533
488 530
489 518
490 509
491 507
492 508
493 508
494 509
495 509
496 509
497 508
498 508
499 501
500 496
501 496
502 497
503 498
504 498
505 494
506 494
507 494
508 495
509 496
510 497
511 497
480 498
481 498
482 499
483 499
484 500
485 500
486 501
487 501
488 499
489 499
490 497
491 497
492 497
493 498
494 496
495 497
496 495
497 496
498 493
499 492
500 491
501 490
502 489
503 490
504 489
505 489
506 489
507 489
508 489
509 489
510 484
511 480
496 512  # compresses ieta bin 31, pt 0
497 624
498 584
499 553
500 534
501 519
502 518
503 506
504 497
505 485
506 485
507 477
508 470
509 470
510 463
511 464
496 458
497 459
498 446
499 435
500 433
501 437
502 441
503 438
504 441
505 439
506 442
507 439
508 438
509 440
510 439
511 441
496 443
497 445
498 448
499 447
500 450
501 452
502 455
503 457
504 456
505 455
506 454
507 453
508 455
509 457
510 456
511 458
496 457
497 458
498 454
499 455
500 454
501 452
502 453
503 454
504 453
505 452
506 452
507 453
508 452
509 451
510 447
511 444
512 512  # compresses ieta bin 32, pt 0
513 656
514 616
515 595
516 576
517 559
518 557
519 543
520 530
521 518
522 517
523 507
524 507
525 499
526 498
527 499
528 499
529 492
530 485
531 480
532 481
533 477
534 478
535 480
536 476
537 477
538 478
539 479
540 477
541 477
542 479
543 475
544 477
545 478
546 476
547 477
548 475
549 476
550 474
551 473
552 474
553 472
554 471
555 472
556 471
557 470
558 471
559 470
560 468
561 468
562 464
563 463
564 463
565 461
566 458
567 457
568 456
569 453
570 454
571 454
572 453
573 453
574 454
575 460
528 512  # compresses ieta bin 33, pt 0
529 628
530 600
531 580
532 562
533 546
534 544
535 531
536 530
537 508
538 507
539 507
540 498
541 498
542 490
543 490
528 491
529 483
530 477
531 472
532 467
533 464
534 466
535 468
536 464
537 466
538 463
539 464
540 466
541 464
542 465
543 467
560 464
561 466
562 468
563 466
564 468
565 466
566 465
567 463
568 462
569 463
570 462
571 461
572 463
573 462
574 461
575 461
560 459
561 460
562 454
563 455
564 454
565 452
566 450
567 447
568 446
569 446
570 445
571 444
572 444
573 443
574 445
575 451
544 512  # compresses ieta bin 34, pt 0
545 627
546 600
547 580
548 562
549 547
550 544
551 531
552 530
553 518
554 507
555 507
556 498
557 498
558 491
559 490
560 491
561 484
562 477
563 472
564 467
565 470
566 466
567 468
568 464
569 466
570 468
571 465
572 466
573 468
574 465
575 467
544 468
545 470
546 468
547 470
548 468
549 466
550 465
551 463
552 465
553 463
554 462
555 464
556 463
557 462
558 463
559 461
560 461
561 460
562 456
563 455
564 455
565 452
566 451
567 449
568 448
569 446
570 446
571 446
572 445
573 444
574 446
575 452
560 512  # compresses ieta bin 35, pt 0
561 624
562 584
563 565
564 562
565 546
566 544
567 520
568 518
569 506
570 496
571 497
572 488
573 489
574 481
575 481
560 482
561 475
562 463
563 457
564 447
565 444
566 447
567 444
568 447
569 444
570 447
571 444
572 447
573 445
574 443
575 441
560 439
561 437
562 437
563 436
564 439
565 439
566 442
567 441
568 440
569 440
570 440
571 442
572 441
573 441
574 441
575 442
560 441
561 440
562 436
563 435
564 435
565 435
566 434
567 432
568 432
569 430
570 429
571 430
572 428
573 428
574 428
575 431
576 512  # compresses ieta bin 36, pt 0
577 624
578 587
579 580
580 564
581 559
582 557
583 543
584 530
585 518
586 517
587 507
588 507
589 499
590 498
591 499
592 499
593 492
594 485
595 472
596 468
597 464
598 466
599 462
600 459
601 460
602 462
603 460
604 461
605 459
606 461
607 458
608 456
609 458
610 456
611 459
612 457
613 456
614 455
615 457
616 456
617 455
618 454
619 456
620 455
621 454
622 456
623 456
624 455
625 453
626 450
627 449
628 450
629 447
630 446
631 444
632 443
633 443
634 442
635 441
636 441
637 440
638 441
639 443
592 512  # compresses ieta bin 37, pt 0
593 656
594 616
595 595
596 579
597 573
598 570
599 555
600 553
601 540
602 539
603 538
604 529
605 526
606 526
607 525
592 525
593 517
594 508
595 508
596 502
597 496
598 491
599 486
600 487
601 488
602 489
603 485
604 486
605 482
606 479
607 480
624 477
625 478
626 476
627 477
628 475
629 466
630 468
631 469
632 468
633 466
634 465
635 467
636 465
637 462
638 461
639 461
624 459
625 460
626 456
627 451
628 450
629 447
630 443
631 440
632 440
633 439
634 439
635 439
636 438
637 438
638 437
639 443
608 512  # compresses ieta bin 38, pt 0
609 848
610 792
611 745
612 719
613 694
614 698
615 679
616 669
617 663
618 635
619 610
620 597
621 602
622 599
623 579
624 576
625 566
626 547
627 539
628 529
629 516
630 509
631 509
632 504
633 504
634 504
635 504
636 505
637 501
638 497
639 497
608 494
609 494
610 495
611 496
612 493
613 483
614 488
615 485
616 486
617 484
618 482
619 483
620 484
621 480
622 478
623 478
624 477
625 477
626 475
627 469
628 469
629 465
630 462
631 459
632 459
633 456
634 457
635 457
636 456
637 455
638 455
639 460
624 512  # compresses ieta bin 39, pt 0
625 914
626 856
627 808
628 790
629 748
630 736
631 714
632 694
633 696
634 667
635 641
636 635
637 631
638 628
639 614
624 612
625 607
626 594
627 582
628 571
629 556
630 553
631 551
632 549
633 548
634 541
635 530
636 529
637 528
638 523
639 523
624 519
625 519
626 518
627 522
628 521
629 510
630 514
631 514
632 514
633 511
634 511
635 511
636 511
637 508
638 506
639 504
624 504
625 505
626 501
627 496
628 495
629 492
630 487
631 487
632 486
633 484
634 483
635 483
636 482
637 482
638 483
639 487
640 0 # dummy
641 0 # dummy
642 0 # dummy
643 0 # dummy
644 0 # dummy
645 0 # dummy
646 0 # dummy
647 0 # dummy
648 0 # dummy
649 0 # dummy
650 0 # dummy
651 0 # dummy
652 0 # dummy
653 0 # dummy
654 0 # dummy
655 0 # dummy
656 0 # dummy
657 0 # dummy
658 0 # dummy
659 0 # dummy
660 0 # dummy
661 0 # dummy
662 0 # dummy
663 0 # dummy
664 0 # dummy
665 0 # dummy
666 0 # dummy
667 0 # dummy
668 0 # dummy
669 0 # dummy
670 0 # dummy
671 0 # dummy
672 0 # dummy
673 0 # dummy
674 0 # dummy
675 0 # dummy
676 0 # dummy
677 0 # dummy
678 0 # dummy
679 0 # dummy
680 0 # dummy
681 0 # dummy
682 0 # dummy
683 0 # dummy
684 0 # dummy
685 0 # dummy
686 0 # dummy
687 0 # dummy
688 0 # dummy
689 0 # dummy
690 0 # dummy
691 0 # dummy
692 0 # dummy
693 0 # dummy
694 0 # dummy
695 0 # dummy
696 0 # dummy
697 0 # dummy
698 0 # dummy
699 0 # dummy
700 0 # dummy
701 0 # dummy
702 0 # dummy
703 0 # dummy
704 0 # dummy
705 0 # dummy
706 0 # dummy
707 0 # dummy
708 0 # dummy
709 0 # dummy
710 0 # dummy
711 0 # dummy
712 0 # dummy
713 0 # dummy
714 0 # dummy
715 0 # dummy
716 0 # dummy
717 0 # dummy
718 0 # dummy
719 0 # dummy
720 0 # dummy
721 0 # dummy
722 0 # dummy
723 0 # dummy
724 0 # dummy
725 0 # dummy
726 0 # dummy
727 0 # dummy
728 0 # dummy
729 0 # dummy
730 0 # dummy
731 0 # dummy
732 0 # dummy
733 0 # dummy
734 0 # dummy
735 0 # dummy
736 0 # dummy
737 0 # dummy
738 0 # dummy
739 0 # dummy
740 0 # dummy
741 0 # dummy
742 0 # dummy
743 0 # dummy
744 0 # dummy
745 0 # dummy
746 0 # dummy
747 0 # dummy
748 0 # dummy
749 0 # dummy
750 0 # dummy
751 0 # dummy
752 0 # dummy
753 0 # dummy
754 0 # dummy
755 0 # dummy
756 0 # dummy
757 0 # dummy
758 0 # dummy
759 0 # dummy
760 0 # dummy
761 0 # dummy
762 0 # dummy
763 0 # dummy
764 0 # dummy
765 0 # dummy
766 0 # dummy
767 0 # dummy
768 0 # dummy
769 0 # dummy
770 0 # dummy
771 0 # dummy
772 0 # dummy
773 0 # dummy
774 0 # dummy
775 0 # dummy
776 0 # dummy
777 0 # dummy
778 0 # dummy
779 0 # dummy
780 0 # dummy
781 0 # dummy
782 0 # dummy
783 0 # dummy
784 0 # dummy
785 0 # dummy
786 0 # dummy
787 0 # dummy
788 0 # dummy
789 0 # dummy
790 0 # dummy
791 0 # dummy
792 0 # dummy
793 0 # dummy
794 0 # dummy
795 0 # dummy
796 0 # dummy
797 0 # dummy
798 0 # dummy
799 0 # dummy
800 0 # dummy
801 0 # dummy
802 0 # dummy
803 0 # dummy
804 0 # dummy
805 0 # dummy
806 0 # dummy
807 0 # dummy
808 0 # dummy
809 0 # dummy
810 0 # dummy
811 0 # dummy
812 0 # dummy
813 0 # dummy
814 0 # dummy
815 0 # dummy
816 0 # dummy
817 0 # dummy
818 0 # dummy
819 0 # dummy
820 0 # dummy
821 0 # dummy
822 0 # dummy
823 0 # dummy
824 0 # dummy
825 0 # dummy
826 0 # dummy
827 0 # dummy
828 0 # dummy
829 0 # dummy
830 0 # dummy
831 0 # dummy
832 0 # dummy
833 0 # dummy
834 0 # dummy
835 0 # dummy
836 0 # dummy
837 0 # dummy
838 0 # dummy
839 0 # dummy
840 0 # dummy
841 0 # dummy
842 0 # dummy
843 0 # dummy
844 0 # dummy
845 0 # dummy
846 0 # dummy
847 0 # dummy
848 0 # dummy
849 0 # dummy
850 0 # dummy
851 0 # dummy
852 0 # dummy
853 0 # dummy
854 0 # dummy
855 0 # dummy
856 0 # dummy
857 0 # dummy
858 0 # dummy
859 0 # dummy
860 0 # dummy
861 0 # dummy
862 0 # dummy
863 0 # dummy
864 0 # dummy
865 0 # dummy
866 0 # dummy
867 0 # dummy
868 0 # dummy
869 0 # dummy
870 0 # dummy
871 0 # dummy
872 0 # dummy
873 0 # dummy
874 0 # dummy
875 0 # dummy
876 0 # dummy
877 0 # dummy
878 0 # dummy
879 0 # dummy
880 0 # dummy
881 0 # dummy
882 0 # dummy
883 0 # dummy
884 0 # dummy
885 0 # dummy
886 0 # dummy
887 0 # dummy
888 0 # dummy
889 0 # dummy
890 0 # dummy
891 0 # dummy
892 0 # dummy
893 0 # dummy
894 0 # dummy
895 0 # dummy
896 0 # dummy
897 0 # dummy
898 0 # dummy
899 0 # dummy
900 0 # dummy
901 0 # dummy
902 0 # dummy
903 0 # dummy
904 0 # dummy
905 0 # dummy
906 0 # dummy
907 0 # dummy
908 0 # dummy
909 0 # dummy
910 0 # dummy
911 0 # dummy
912 0 # dummy
913 0 # dummy
914 0 # dummy
915 0 # dummy
916 0 # dummy
917 0 # dummy
918 0 # dummy
919 0 # dummy
920 0 # dummy
921 0 # dummy
922 0 # dummy
923 0 # dummy
924 0 # dummy
925 0 # dummy
926 0 # dummy
927 0 # dummy
928 0 # dummy
929 0 # dummy
930 0 # dummy
931 0 # dummy
932 0 # dummy
933 0 # dummy
934 0 # dummy
935 0 # dummy
936 0 # dummy
937 0 # dummy
938 0 # dummy
939 0 # dummy
940 0 # dummy
941 0 # dummy
942 0 # dummy
943 0 # dummy
944 0 # dummy
945 0 # dummy
946 0 # dummy
947 0 # dummy
948 0 # dummy
949 0 # dummy
950 0 # dummy
951 0 # dummy
952 0 # dummy
953 0 # dummy
954 0 # dummy
955 0 # dummy
956 0 # dummy
957 0 # dummy
958 0 # dummy
959 0 # dummy
960 0 # dummy
961 0 # dummy
962 0 # dummy
963 0 # dummy
964 0 # dummy
965 0 # dummy
966 0 # dummy
967 0 # dummy
968 0 # dummy
969 0 # dummy
970 0 # dummy
971 0 # dummy
972 0 # dummy
973 0 # dummy
974 0 # dummy
975 0 # dummy
976 0 # dummy
977 0 # dummy
978 0 # dummy
979 0 # dummy
980 0 # dummy
981 0 # dummy
982 0 # dummy
983 0 # dummy
984 0 # dummy
985 0 # dummy
986 0 # dummy
987 0 # dummy
988 0 # dummy
989 0 # dummy
990 0 # dummy
991 0 # dummy
992 0 # dummy
993 0 # dummy
994 0 # dummy
995 0 # dummy
996 0 # dummy
997 0 # dummy
998 0 # dummy
999 0 # dummy
1000 0 # dummy
1001 0 # dummy
1002 0 # dummy
1003 0 # dummy
1004 0 # dummy
1005 0 # dummy
1006 0 # dummy
1007 0 # dummy
1008 0 # dummy
1009 0 # dummy
1010 0 # dummy
1011 0 # dummy
1012 0 # dummy
1013 0 # dummy
1014 0 # dummy
1015 0 # dummy
1016 0 # dummy
1017 0 # dummy
1018 0 # dummy
1019 0 # dummy
1020 0 # dummy
1021 0 # dummy
1022 0 # dummy
1023 0 # dummy
1024 0 # dummy
1025 0 # dummy
1026 0 # dummy
1027 0 # dummy
1028 0 # dummy
1029 0 # dummy
1030 0 # dummy
1031 0 # dummy
1032 0 # dummy
1033 0 # dummy
1034 0 # dummy
1035 0 # dummy
1036 0 # dummy
1037 0 # dummy
1038 0 # dummy
1039 0 # dummy
1040 0 # dummy
1041 0 # dummy
1042 0 # dummy
1043 0 # dummy
1044 0 # dummy
1045 0 # dummy
1046 0 # dummy
1047 0 # dummy
1048 0 # dummy
1049 0 # dummy
1050 0 # dummy
1051 0 # dummy
1052 0 # dummy
1053 0 # dummy
1054 0 # dummy
1055 0 # dummy
1056 0 # dummy
1057 0 # dummy
1058 0 # dummy
1059 0 # dummy
1060 0 # dummy
1061 0 # dummy
1062 0 # dummy
1063 0 # dummy
1064 0 # dummy
1065 0 # dummy
1066 0 # dummy
1067 0 # dummy
1068 0 # dummy
1069 0 # dummy
1070 0 # dummy
1071 0 # dummy
1072 0 # dummy
1073 0 # dummy
1074 0 # dummy
1075 0 # dummy
1076 0 # dummy
1077 0 # dummy
1078 0 # dummy
1079 0 # dummy
1080 0 # dummy
1081 0 # dummy
1082 0 # dummy
1083 0 # dummy
1084 0 # dummy
1085 0 # dummy
1086 0 # dummy
1087 0 # dummy
1088 0 # dummy
1089 0 # dummy
1090 0 # dummy
1091 0 # dummy
1092 0 # dummy
1093 0 # dummy
1094 0 # dummy
1095 0 # dummy
1096 0 # dummy
1097 0 # dummy
1098 0 # dummy
1099 0 # dummy
1100 0 # dummy
1101 0 # dummy
1102 0 # dummy
1103 0 # dummy
1104 0 # dummy
1105 0 # dummy
1106 0 # dummy
1107 0 # dummy
1108 0 # dummy
1109 0 # dummy
1110 0 # dummy
1111 0 # dummy
1112 0 # dummy
1113 0 # dummy
1114 0 # dummy
1115 0 # dummy
1116 0 # dummy
1117 0 # dummy
1118 0 # dummy
1119 0 # dummy
1120 0 # dummy
1121 0 # dummy
1122 0 # dummy
1123 0 # dummy
1124 0 # dummy
1125 0 # dummy
1126 0 # dummy
1127 0 # dummy
1128 0 # dummy
1129 0 # dummy
1130 0 # dummy
1131 0 # dummy
1132 0 # dummy
1133 0 # dummy
1134 0 # dummy
1135 0 # dummy
1136 0 # dummy
1137 0 # dummy
1138 0 # dummy
1139 0 # dummy
1140 0 # dummy
1141 0 # dummy
1142 0 # dummy
1143 0 # dummy
1144 0 # dummy
1145 0 # dummy
1146 0 # dummy
1147 0 # dummy
1148 0 # dummy
1149 0 # dummy
1150 0 # dummy
1151 0 # dummy
1152 0 # dummy
1153 0 # dummy
1154 0 # dummy
1155 0 # dummy
1156 0 # dummy
1157 0 # dummy
1158 0 # dummy
1159 0 # dummy
1160 0 # dummy
1161 0 # dummy
1162 0 # dummy
1163 0 # dummy
1164 0 # dummy
1165 0 # dummy
1166 0 # dummy
1167 0 # dummy
1168 0 # dummy
1169 0 # dummy
1170 0 # dummy
1171 0 # dummy
1172 0 # dummy
1173 0 # dummy
1174 0 # dummy
1175 0 # dummy
1176 0 # dummy
1177 0 # dummy
1178 0 # dummy
1179 0 # dummy
1180 0 # dummy
1181 0 # dummy
1182 0 # dummy
1183 0 # dummy
1184 0 # dummy
1185 0 # dummy
1186 0 # dummy
1187 0 # dummy
1188 0 # dummy
1189 0 # dummy
1190 0 # dummy
1191 0 # dummy
1192 0 # dummy
1193 0 # dummy
1194 0 # dummy
1195 0 # dummy
1196 0 # dummy
1197 0 # dummy
1198 0 # dummy
1199 0 # dummy
1200 0 # dummy
1201 0 # dummy
1202 0 # dummy
1203 0 # dummy
1204 0 # dummy
1205 0 # dummy
1206 0 # dummy
1207 0 # dummy
1208 0 # dummy
1209 0 # dummy
1210 0 # dummy
1211 0 # dummy
1212 0 # dummy
1213 0 # dummy
1214 0 # dummy
1215 0 # dummy
1216 0 # dummy
1217 0 # dummy
1218 0 # dummy
1219 0 # dummy
1220 0 # dummy
1221 0 # dummy
1222 0 # dummy
1223 0 # dummy
1224 0 # dummy
1225 0 # dummy
1226 0 # dummy
1227 0 # dummy
1228 0 # dummy
1229 0 # dummy
1230 0 # dummy
1231 0 # dummy
1232 0 # dummy
1233 0 # dummy
1234 0 # dummy
1235 0 # dummy
1236 0 # dummy
1237 0 # dummy
1238 0 # dummy
1239 0 # dummy
1240 0 # dummy
1241 0 # dummy
1242 0 # dummy
1243 0 # dummy
1244 0 # dummy
1245 0 # dummy
1246 0 # dummy
1247 0 # dummy
1248 0 # dummy
1249 0 # dummy
1250 0 # dummy
1251 0 # dummy
1252 0 # dummy
1253 0 # dummy
1254 0 # dummy
1255 0 # dummy
1256 0 # dummy
1257 0 # dummy
1258 0 # dummy
1259 0 # dummy
1260 0 # dummy
1261 0 # dummy
1262 0 # dummy
1263 0 # dummy
1264 0 # dummy
1265 0 # dummy
1266 0 # dummy
1267 0 # dummy
1268 0 # dummy
1269 0 # dummy
1270 0 # dummy
1271 0 # dummy
1272 0 # dummy
1273 0 # dummy
1274 0 # dummy
1275 0 # dummy
1276 0 # dummy
1277 0 # dummy
1278 0 # dummy
1279 0 # dummy
1280 0 # dummy
1281 0 # dummy
1282 0 # dummy
1283 0 # dummy
1284 0 # dummy
1285 0 # dummy
1286 0 # dummy
1287 0 # dummy
1288 0 # dummy
1289 0 # dummy
1290 0 # dummy
1291 0 # dummy
1292 0 # dummy
1293 0 # dummy
1294 0 # dummy
1295 0 # dummy
1296 0 # dummy
1297 0 # dummy
1298 0 # dummy
1299 0 # dummy
1300 0 # dummy
1301 0 # dummy
1302 0 # dummy
1303 0 # dummy
1304 0 # dummy
1305 0 # dummy
1306 0 # dummy
1307 0 # dummy
1308 0 # dummy
1309 0 # dummy
1310 0 # dummy
1311 0 # dummy
1312 0 # dummy
1313 0 # dummy
1314 0 # dummy
1315 0 # dummy
1316 0 # dummy
1317 0 # dummy
1318 0 # dummy
1319 0 # dummy
1320 0 # dummy
1321 0 # dummy
1322 0 # dummy
1323 0 # dummy
1324 0 # dummy
1325 0 # dummy
1326 0 # dummy
1327 0 # dummy
1328 0 # dummy
1329 0 # dummy
1330 0 # dummy
1331 0 # dummy
1332 0 # dummy
1333 0 # dummy
1334 0 # dummy
1335 0 # dummy
1336 0 # dummy
1337 0 # dummy
1338 0 # dummy
1339 0 # dummy
1340 0 # dummy
1341 0 # dummy
1342 0 # dummy
1343 0 # dummy
1344 0 # dummy
1345 0 # dummy
1346 0 # dummy
1347 0 # dummy
1348 0 # dummy
1349 0 # dummy
1350 0 # dummy
1351 0 # dummy
1352 0 # dummy
1353 0 # dummy
1354 0 # dummy
1355 0 # dummy
1356 0 # dummy
1357 0 # dummy
1358 0 # dummy
1359 0 # dummy
1360 0 # dummy
1361 0 # dummy
1362 0 # dummy
1363 0 # dummy
1364 0 # dummy
1365 0 # dummy
1366 0 # dummy
1367 0 # dummy
1368 0 # dummy
1369 0 # dummy
1370 0 # dummy
1371 0 # dummy
1372 0 # dummy
1373 0 # dummy
1374 0 # dummy
1375 0 # dummy
1376 0 # dummy
1377 0 # dummy
1378 0 # dummy
1379 0 # dummy
1380 0 # dummy
1381 0 # dummy
1382 0 # dummy
1383 0 # dummy
1384 0 # dummy
1385 0 # dummy
1386 0 # dummy
1387 0 # dummy
1388 0 # dummy
1389 0 # dummy
1390 0 # dummy
1391 0 # dummy
1392 0 # dummy
1393 0 # dummy
1394 0 # dummy
1395 0 # dummy
1396 0 # dummy
1397 0 # dummy
1398 0 # dummy
1399 0 # dummy
1400 0 # dummy
1401 0 # dummy
1402 0 # dummy
1403 0 # dummy
1404 0 # dummy
1405 0 # dummy
1406 0 # dummy
1407 0 # dummy
1408 0 # dummy
1409 0 # dummy
1410 0 # dummy
1411 0 # dummy
1412 0 # dummy
1413 0 # dummy
1414 0 # dummy
1415 0 # dummy
1416 0 # dummy
1417 0 # dummy
1418 0 # dummy
1419 0 # dummy
1420 0 # dummy
1421 0 # dummy
1422 0 # dummy
1423 0 # dummy
1424 0 # dummy
1425 0 # dummy
1426 0 # dummy
1427 0 # dummy
1428 0 # dummy
1429 0 # dummy
1430 0 # dummy
1431 0 # dummy
1432 0 # dummy
1433 0 # dummy
1434 0 # dummy
1435 0 # dummy
1436 0 # dummy
1437 0 # dummy
1438 0 # dummy
1439 0 # dummy
1440 0 # dummy
1441 0 # dummy
1442 0 # dummy
1443 0 # dummy
1444 0 # dummy
1445 0 # dummy
1446 0 # dummy
1447 0 # dummy
1448 0 # dummy
1449 0 # dummy
1450 0 # dummy
1451 0 # dummy
1452 0 # dummy
1453 0 # dummy
1454 0 # dummy
1455 0 # dummy
1456 0 # dummy
1457 0 # dummy
1458 0 # dummy
1459 0 # dummy
1460 0 # dummy
1461 0 # dummy
1462 0 # dummy
1463 0 # dummy
1464 0 # dummy
1465 0 # dummy
1466 0 # dummy
1467 0 # dummy
1468 0 # dummy
1469 0 # dummy
1470 0 # dummy
1471 0 # dummy
1472 0 # dummy
1473 0 # dummy
1474 0 # dummy
1475 0 # dummy
1476 0 # dummy
1477 0 # dummy
1478 0 # dummy
1479 0 # dummy
1480 0 # dummy
1481 0 # dummy
1482 0 # dummy
1483 0 # dummy
1484 0 # dummy
1485 0 # dummy
1486 0 # dummy
1487 0 # dummy
1488 0 # dummy
1489 0 # dummy
1490 0 # dummy
1491 0 # dummy
1492 0 # dummy
1493 0 # dummy
1494 0 # dummy
1495 0 # dummy
1496 0 # dummy
1497 0 # dummy
1498 0 # dummy
1499 0 # dummy
1500 0 # dummy
1501 0 # dummy
1502 0 # dummy
1503 0 # dummy
1504 0 # dummy
1505 0 # dummy
1506 0 # dummy
1507 0 # dummy
1508 0 # dummy
1509 0 # dummy
1510 0 # dummy
1511 0 # dummy
1512 0 # dummy
1513 0 # dummy
1514 0 # dummy
1515 0 # dummy
1516 0 # dummy
1517 0 # dummy
1518 0 # dummy
1519 0 # dummy
1520 0 # dummy
1521 0 # dummy
1522 0 # dummy
1523 0 # dummy
1524 0 # dummy
1525 0 # dummy
1526 0 # dummy
1527 0 # dummy
1528 0 # dummy
1529 0 # dummy
1530 0 # dummy
1531 0 # dummy
1532 0 # dummy
1533 0 # dummy
1534 0 # dummy
1535 0 # dummy
1536 0 # dummy
1537 0 # dummy
1538 0 # dummy
1539 0 # dummy
1540 0 # dummy
1541 0 # dummy
1542 0 # dummy
1543 0 # dummy
1544 0 # dummy
1545 0 # dummy
1546 0 # dummy
1547 0 # dummy
1548 0 # dummy
1549 0 # dummy
1550 0 # dummy
1551 0 # dummy
1552 0 # dummy
1553 0 # dummy
1554 0 # dummy
1555 0 # dummy
1556 0 # dummy
1557 0 # dummy
1558 0 # dummy
1559 0 # dummy
1560 0 # dummy
1561 0 # dummy
1562 0 # dummy
1563 0 # dummy
1564 0 # dummy
1565 0 # dummy
1566 0 # dummy
1567 0 # dummy
1568 0 # dummy
1569 0 # dummy
1570 0 # dummy
1571 0 # dummy
1572 0 # dummy
1573 0 # dummy
1574 0 # dummy
1575 0 # dummy
1576 0 # dummy
1577 0 # dummy
1578 0 # dummy
1579 0 # dummy
1580 0 # dummy
1581 0 # dummy
1582 0 # dummy
1583 0 # dummy
1584 0 # dummy
1585 0 # dummy
1586 0 # dummy
1587 0 # dummy
1588 0 # dummy
1589 0 # dummy
1590 0 # dummy
1591 0 # dummy
1592 0 # dummy
1593 0 # dummy
1594 0 # dummy
1595 0 # dummy
1596 0 # dummy
1597 0 # dummy
1598 0 # dummy
1599 0 # dummy
1600 0 # dummy
1601 0 # dummy
1602 0 # dummy
1603 0 # dummy
1604 0 # dummy
1605 0 # dummy
1606 0 # dummy
1607 0 # dummy
1608 0 # dummy
1609 0 # dummy
1610 0 # dummy
1611 0 # dummy
1612 0 # dummy
1613 0 # dummy
1614 0 # dummy
1615 0 # dummy
1616 0 # dummy
1617 0 # dummy
1618 0 # dummy
1619 0 # dummy
1620 0 # dummy
1621 0 # dummy
1622 0 # dummy
1623 0 # dummy
1624 0 # dummy
1625 0 # dummy
1626 0 # dummy
1627 0 # dummy
1628 0 # dummy
1629 0 # dummy
1630 0 # dummy
1631 0 # dummy
1632 0 # dummy
1633 0 # dummy
1634 0 # dummy
1635 0 # dummy
1636 0 # dummy
1637 0 # dummy
1638 0 # dummy
1639 0 # dummy
1640 0 # dummy
1641 0 # dummy
1642 0 # dummy
1643 0 # dummy
1644 0 # dummy
1645 0 # dummy
1646 0 # dummy
1647 0 # dummy
1648 0 # dummy
1649 0 # dummy
1650 0 # dummy
1651 0 # dummy
1652 0 # dummy
1653 0 # dummy
1654 0 # dummy
1655 0 # dummy
1656 0 # dummy
1657 0 # dummy
1658 0 # dummy
1659 0 # dummy
1660 0 # dummy
1661 0 # dummy
1662 0 # dummy
1663 0 # dummy
1664 0 # dummy
1665 0 # dummy
1666 0 # dummy
1667 0 # dummy
1668 0 # dummy
1669 0 # dummy
1670 0 # dummy
1671 0 # dummy
1672 0 # dummy
1673 0 # dummy
1674 0 # dummy
1675 0 # dummy
1676 0 # dummy
1677 0 # dummy
1678 0 # dummy
1679 0 # dummy
1680 0 # dummy
1681 0 # dummy
1682 0 # dummy
1683 0 # dummy
1684 0 # dummy
1685 0 # dummy
1686 0 # dummy
1687 0 # dummy
1688 0 # dummy
1689 0 # dummy
1690 0 # dummy
1691 0 # dummy
1692 0 # dummy
1693 0 # dummy
1694 0 # dummy
1695 0 # dummy
1696 0 # dummy
1697 0 # dummy
1698 0 # dummy
1699 0 # dummy
1700 0 # dummy
1701 0 # dummy
1702 0 # dummy
1703 0 # dummy
1704 0 # dummy
1705 0 # dummy
1706 0 # dummy
1707 0 # dummy
1708 0 # dummy
1709 0 # dummy
1710 0 # dummy
1711 0 # dummy
1712 0 # dummy
1713 0 # dummy
1714 0 # dummy
1715 0 # dummy
1716 0 # dummy
1717 0 # dummy
1718 0 # dummy
1719 0 # dummy
1720 0 # dummy
1721 0 # dummy
1722 0 # dummy
1723 0 # dummy
1724 0 # dummy
1725 0 # dummy
1726 0 # dummy
1727 0 # dummy
1728 0 # dummy
1729 0 # dummy
1730 0 # dummy
1731 0 # dummy
1732 0 # dummy
1733 0 # dummy
1734 0 # dummy
1735 0 # dummy
1736 0 # dummy
1737 0 # dummy
1738 0 # dummy
1739 0 # dummy
1740 0 # dummy
1741 0 # dummy
1742 0 # dummy
1743 0 # dummy
1744 0 # dummy
1745 0 # dummy
1746 0 # dummy
1747 0 # dummy
1748 0 # dummy
1749 0 # dummy
1750 0 # dummy
1751 0 # dummy
1752 0 # dummy
1753 0 # dummy
1754 0 # dummy
1755 0 # dummy
1756 0 # dummy
1757 0 # dummy
1758 0 # dummy
1759 0 # dummy
1760 0 # dummy
1761 0 # dummy
1762 0 # dummy
1763 0 # dummy
1764 0 # dummy
1765 0 # dummy
1766 0 # dummy
1767 0 # dummy
1768 0 # dummy
1769 0 # dummy
1770 0 # dummy
1771 0 # dummy
1772 0 # dummy
1773 0 # dummy
1774 0 # dummy
1775 0 # dummy
1776 0 # dummy
1777 0 # dummy
1778 0 # dummy
1779 0 # dummy
1780 0 # dummy
1781 0 # dummy
1782 0 # dummy
1783 0 # dummy
1784 0 # dummy
1785 0 # dummy
1786 0 # dummy
1787 0 # dummy
1788 0 # dummy
1789 0 # dummy
1790 0 # dummy
1791 0 # dummy
1792 0 # dummy
1793 0 # dummy
1794 0 # dummy
1795 0 # dummy
1796 0 # dummy
1797 0 # dummy
1798 0 # dummy
1799 0 # dummy
1800 0 # dummy
1801 0 # dummy
1802 0 # dummy
1803 0 # dummy
1804 0 # dummy
1805 0 # dummy
1806 0 # dummy
1807 0 # dummy
1808 0 # dummy
1809 0 # dummy
1810 0 # dummy
1811 0 # dummy
1812 0 # dummy
1813 0 # dummy
1814 0 # dummy
1815 0 # dummy
1816 0 # dummy
1817 0 # dummy
1818 0 # dummy
1819 0 # dummy
1820 0 # dummy
1821 0 # dummy
1822 0 # dummy
1823 0 # dummy
1824 0 # dummy
1825 0 # dummy
1826 0 # dummy
1827 0 # dummy
1828 0 # dummy
1829 0 # dummy
1830 0 # dummy
1831 0 # dummy
1832 0 # dummy
1833 0 # dummy
1834 0 # dummy
1835 0 # dummy
1836 0 # dummy
1837 0 # dummy
1838 0 # dummy
1839 0 # dummy
1840 0 # dummy
1841 0 # dummy
1842 0 # dummy
1843 0 # dummy
1844 0 # dummy
1845 0 # dummy
1846 0 # dummy
1847 0 # dummy
1848 0 # dummy
1849 0 # dummy
1850 0 # dummy
1851 0 # dummy
1852 0 # dummy
1853 0 # dummy
1854 0 # dummy
1855 0 # dummy
1856 0 # dummy
1857 0 # dummy
1858 0 # dummy
1859 0 # dummy
1860 0 # dummy
1861 0 # dummy
1862 0 # dummy
1863 0 # dummy
1864 0 # dummy
1865 0 # dummy
1866 0 # dummy
1867 0 # dummy
1868 0 # dummy
1869 0 # dummy
1870 0 # dummy
1871 0 # dummy
1872 0 # dummy
1873 0 # dummy
1874 0 # dummy
1875 0 # dummy
1876 0 # dummy
1877 0 # dummy
1878 0 # dummy
1879 0 # dummy
1880 0 # dummy
1881 0 # dummy
1882 0 # dummy
1883 0 # dummy
1884 0 # dummy
1885 0 # dummy
1886 0 # dummy
1887 0 # dummy
1888 0 # dummy
1889 0 # dummy
1890 0 # dummy
1891 0 # dummy
1892 0 # dummy
1893 0 # dummy
1894 0 # dummy
1895 0 # dummy
1896 0 # dummy
1897 0 # dummy
1898 0 # dummy
1899 0 # dummy
1900 0 # dummy
1901 0 # dummy
1902 0 # dummy
1903 0 # dummy
1904 0 # dummy
1905 0 # dummy
1906 0 # dummy
1907 0 # dummy
1908 0 # dummy
1909 0 # dummy
1910 0 # dummy
1911 0 # dummy
1912 0 # dummy
1913 0 # dummy
1914 0 # dummy
1915 0 # dummy
1916 0 # dummy
1917 0 # dummy
1918 0 # dummy
1919 0 # dummy
1920 0 # dummy
1921 0 # dummy
1922 0 # dummy
1923 0 # dummy
1924 0 # dummy
1925 0 # dummy
1926 0 # dummy
1927 0 # dummy
1928 0 # dummy
1929 0 # dummy
1930 0 # dummy
1931 0 # dummy
1932 0 # dummy
1933 0 # dummy
1934 0 # dummy
1935 0 # dummy
1936 0 # dummy
1937 0 # dummy
1938 0 # dummy
1939 0 # dummy
1940 0 # dummy
1941 0 # dummy
1942 0 # dummy
1943 0 # dummy
1944 0 # dummy
1945 0 # dummy
1946 0 # dummy
1947 0 # dummy
1948 0 # dummy
1949 0 # dummy
1950 0 # dummy
1951 0 # dummy
1952 0 # dummy
1953 0 # dummy
1954 0 # dummy
1955 0 # dummy
1956 0 # dummy
1957 0 # dummy
1958 0 # dummy
1959 0 # dummy
1960 0 # dummy
1961 0 # dummy
1962 0 # dummy
1963 0 # dummy
1964 0 # dummy
1965 0 # dummy
1966 0 # dummy
1967 0 # dummy
1968 0 # dummy
1969 0 # dummy
1970 0 # dummy
1971 0 # dummy
1972 0 # dummy
1973 0 # dummy
1974 0 # dummy
1975 0 # dummy
1976 0 # dummy
1977 0 # dummy
1978 0 # dummy
1979 0 # dummy
1980 0 # dummy
1981 0 # dummy
1982 0 # dummy
1983 0 # dummy
1984 0 # dummy
1985 0 # dummy
1986 0 # dummy
1987 0 # dummy
1988 0 # dummy
1989 0 # dummy
1990 0 # dummy
1991 0 # dummy
1992 0 # dummy
1993 0 # dummy
1994 0 # dummy
1995 0 # dummy
1996 0 # dummy
1997 0 # dummy
1998 0 # dummy
1999 0 # dummy
2000 0 # dummy
2001 0 # dummy
2002 0 # dummy
2003 0 # dummy
2004 0 # dummy
2005 0 # dummy
2006 0 # dummy
2007 0 # dummy
2008 0 # dummy
2009 0 # dummy
2010 0 # dummy
2011 0 # dummy
2012 0 # dummy
2013 0 # dummy
2014 0 # dummy
2015 0 # dummy
2016 0 # dummy
2017 0 # dummy
2018 0 # dummy
2019 0 # dummy
2020 0 # dummy
2021 0 # dummy
2022 0 # dummy
2023 0 # dummy
2024 0 # dummy
2025 0 # dummy
2026 0 # dummy
2027 0 # dummy
2028 0 # dummy
2029 0 # dummy
2030 0 # dummy
2031 0 # dummy
2032 0 # dummy
2033 0 # dummy
2034 0 # dummy
2035 0 # dummy
2036 0 # dummy
2037 0 # dummy
2038 0 # dummy
2039 0 # dummy
2040 0 # dummy
2041 0 # dummy
2042 0 # dummy
2043 0 # dummy
2044 0 # dummy
2045 0 # dummy
2046 0 # dummy
2047 0 # dummy
2048 0 # dummy
2049 0 # dummy
2050 0 # dummy
2051 0 # dummy
2052 0 # dummy
2053 0 # dummy
2054 0 # dummy
2055 0 # dummy
2056 0 # dummy
2057 0 # dummy
2058 0 # dummy
2059 0 # dummy
2060 0 # dummy
2061 0 # dummy
2062 0 # dummy
2063 0 # dummy
2064 0 # dummy
2065 0 # dummy
2066 0 # dummy
2067 0 # dummy
2068 0 # dummy
2069 0 # dummy
2070 0 # dummy
2071 0 # dummy
2072 0 # dummy
2073 0 # dummy
2074 0 # dummy
2075 0 # dummy
2076 0 # dummy
2077 0 # dummy
2078 0 # dummy
2079 0 # dummy
2080 0 # dummy
2081 0 # dummy
2082 0 # dummy
2083 0 # dummy
2084 0 # dummy
2085 0 # dummy
2086 0 # dummy
2087 0 # dummy
2088 0 # dummy
2089 0 # dummy
2090 0 # dummy
2091 0 # dummy
2092 0 # dummy
2093 0 # dummy
2094 0 # dummy
2095 0 # dummy
2096 0 # dummy
2097 0 # dummy
2098 0 # dummy
2099 0 # dummy
2100 0 # dummy
2101 0 # dummy
2102 0 # dummy
2103 0 # dummy
2104 0 # dummy
2105 0 # dummy
2106 0 # dummy
2107 0 # dummy
2108 0 # dummy
2109 0 # dummy
2110 0 # dummy
2111 0 # dummy
2112 0 # dummy
2113 0 # dummy
2114 0 # dummy
2115 0 # dummy
2116 0 # dummy
2117 0 # dummy
2118 0 # dummy
2119 0 # dummy
2120 0 # dummy
2121 0 # dummy
2122 0 # dummy
2123 0 # dummy
2124 0 # dummy
2125 0 # dummy
2126 0 # dummy
2127 0 # dummy
2128 0 # dummy
2129 0 # dummy
2130 0 # dummy
2131 0 # dummy
2132 0 # dummy
2133 0 # dummy
2134 0 # dummy
2135 0 # dummy
2136 0 # dummy
2137 0 # dummy
2138 0 # dummy
2139 0 # dummy
2140 0 # dummy
2141 0 # dummy
2142 0 # dummy
2143 0 # dummy
2144 0 # dummy
2145 0 # dummy
2146 0 # dummy
2147 0 # dummy
2148 0 # dummy
2149 0 # dummy
2150 0 # dummy
2151 0 # dummy
2152 0 # dummy
2153 0 # dummy
2154 0 # dummy
2155 0 # dummy
2156 0 # dummy
2157 0 # dummy
2158 0 # dummy
2159 0 # dummy
2160 0 # dummy
2161 0 # dummy
2162 0 # dummy
2163 0 # dummy
2164 0 # dummy
2165 0 # dummy
2166 0 # dummy
2167 0 # dummy
2168 0 # dummy
2169 0 # dummy
2170 0 # dummy
2171 0 # dummy
2172 0 # dummy
2173 0 # dummy
2174 0 # dummy
2175 0 # dummy
2176 0 # dummy
2177 0 # dummy
2178 0 # dummy
2179 0 # dummy
2180 0 # dummy
2181 0 # dummy
2182 0 # dummy
2183 0 # dummy
2184 0 # dummy
2185 0 # dummy
2186 0 # dummy
2187 0 # dummy
2188 0 # dummy
2189 0 # dummy
2190 0 # dummy
2191 0 # dummy
2192 0 # dummy
2193 0 # dummy
2194 0 # dummy
2195 0 # dummy
2196 0 # dummy
2197 0 # dummy
2198 0 # dummy
2199 0 # dummy
2200 0 # dummy
2201 0 # dummy
2202 0 # dummy
2203 0 # dummy
2204 0 # dummy
2205 0 # dummy
2206 0 # dummy
2207 0 # dummy
2208 0 # dummy
2209 0 # dummy
2210 0 # dummy
2211 0 # dummy
2212 0 # dummy
2213 0 # dummy
2214 0 # dummy
2215 0 # dummy
2216 0 # dummy
2217 0 # dummy
2218 0 # dummy
2219 0 # dummy
2220 0 # dummy
2221 0 # dummy
2222 0 # dummy
2223 0 # dummy
2224 0 # dummy
2225 0 # dummy
2226 0 # dummy
2227 0 # dummy
2228 0 # dummy
2229 0 # dummy
2230 0 # dummy
2231 0 # dummy
2232 0 # dummy
2233 0 # dummy
2234 0 # dummy
2235 0 # dummy
2236 0 # dummy
2237 0 # dummy
2238 0 # dummy
2239 0 # dummy
2240 0 # dummy
2241 0 # dummy
2242 0 # dummy
2243 0 # dummy
2244 0 # dummy
2245 0 # dummy
2246 0 # dummy
2247 0 # dummy
2248 0 # dummy
2249 0 # dummy
2250 0 # dummy
2251 0 # dummy
2252 0 # dummy
2253 0 # dummy
2254 0 # dummy
2255 0 # dummy
2256 0 # dummy
2257 0 # dummy
2258 0 # dummy
2259 0 # dummy
2260 0 # dummy
2261 0 # dummy
2262 0 # dummy
2263 0 # dummy
2264 0 # dummy
2265 0 # dummy
2266 0 # dummy
2267 0 # dummy
2268 0 # dummy
2269 0 # dummy
2270 0 # dummy
2271 0 # dummy
2272 0 # dummy
2273 0 # dummy
2274 0 # dummy
2275 0 # dummy
2276 0 # dummy
2277 0 # dummy
2278 0 # dummy
2279 0 # dummy
2280 0 # dummy
2281 0 # dummy
2282 0 # dummy
2283 0 # dummy
2284 0 # dummy
2285 0 # dummy
2286 0 # dummy
2287 0 # dummy
2288 0 # dummy
2289 0 # dummy
2290 0 # dummy
2291 0 # dummy
2292 0 # dummy
2293 0 # dummy
2294 0 # dummy
2295 0 # dummy
2296 0 # dummy
2297 0 # dummy
2298 0 # dummy
2299 0 # dummy
2300 0 # dummy
2301 0 # dummy
2302 0 # dummy
2303 0 # dummy
2304 0 # dummy
2305 0 # dummy
2306 0 # dummy
2307 0 # dummy
2308 0 # dummy
2309 0 # dummy
2310 0 # dummy
2311 0 # dummy
2312 0 # dummy
2313 0 # dummy
2314 0 # dummy
2315 0 # dummy
2316 0 # dummy
2317 0 # dummy
2318 0 # dummy
2319 0 # dummy
2320 0 # dummy
2321 0 # dummy
2322 0 # dummy
2323 0 # dummy
2324 0 # dummy
2325 0 # dummy
2326 0 # dummy
2327 0 # dummy
2328 0 # dummy
2329 0 # dummy
2330 0 # dummy
2331 0 # dummy
2332 0 # dummy
2333 0 # dummy
2334 0 # dummy
2335 0 # dummy
2336 0 # dummy
2337 0 # dummy
2338 0 # dummy
2339 0 # dummy
2340 0 # dummy
2341 0 # dummy
2342 0 # dummy
2343 0 # dummy
2344 0 # dummy
2345 0 # dummy
2346 0 # dummy
2347 0 # dummy
2348 0 # dummy
2349 0 # dummy
2350 0 # dummy
2351 0 # dummy
2352 0 # dummy
2353 0 # dummy
2354 0 # dummy
2355 0 # dummy
2356 0 # dummy
2357 0 # dummy
2358 0 # dummy
2359 0 # dummy
2360 0 # dummy
2361 0 # dummy
2362 0 # dummy
2363 0 # dummy
2364 0 # dummy
2365 0 # dummy
2366 0 # dummy
2367 0 # dummy
2368 0 # dummy
2369 0 # dummy
2370 0 # dummy
2371 0 # dummy
2372 0 # dummy
2373 0 # dummy
2374 0 # dummy
2375 0 # dummy
2376 0 # dummy
2377 0 # dummy
2378 0 # dummy
2379 0 # dummy
2380 0 # dummy
2381 0 # dummy
2382 0 # dummy
2383 0 # dummy
2384 0 # dummy
2385 0 # dummy
2386 0 # dummy
2387 0 # dummy
2388 0 # dummy
2389 0 # dummy
2390 0 # dummy
2391 0 # dummy
2392 0 # dummy
2393 0 # dummy
2394 0 # dummy
2395 0 # dummy
2396 0 # dummy
2397 0 # dummy
2398 0 # dummy
2399 0 # dummy
2400 0 # dummy
2401 0 # dummy
2402 0 # dummy
2403 0 # dummy
2404 0 # dummy
2405 0 # dummy
2406 0 # dummy
2407 0 # dummy
2408 0 # dummy
2409 0 # dummy
2410 0 # dummy
2411 0 # dummy
2412 0 # dummy
2413 0 # dummy
2414 0 # dummy
2415 0 # dummy
2416 0 # dummy
2417 0 # dummy
2418 0 # dummy
2419 0 # dummy
2420 0 # dummy
2421 0 # dummy
2422 0 # dummy
2423 0 # dummy
2424 0 # dummy
2425 0 # dummy
2426 0 # dummy
2427 0 # dummy
2428 0 # dummy
2429 0 # dummy
2430 0 # dummy
2431 0 # dummy
2432 0 # dummy
2433 0 # dummy
2434 0 # dummy
2435 0 # dummy
2436 0 # dummy
2437 0 # dummy
2438 0 # dummy
2439 0 # dummy
2440 0 # dummy
2441 0 # dummy
2442 0 # dummy
2443 0 # dummy
2444 0 # dummy
2445 0 # dummy
2446 0 # dummy
2447 0 # dummy
2448 0 # dummy
2449 0 # dummy
2450 0 # dummy
2451 0 # dummy
2452 0 # dummy
2453 0 # dummy
2454 0 # dummy
2455 0 # dummy
2456 0 # dummy
2457 0 # dummy
2458 0 # dummy
2459 0 # dummy
2460 0 # dummy
2461 0 # dummy
2462 0 # dummy
2463 0 # dummy
2464 0 # dummy
2465 0 # dummy
2466 0 # dummy
2467 0 # dummy
2468 0 # dummy
2469 0 # dummy
2470 0 # dummy
2471 0 # dummy
2472 0 # dummy
2473 0 # dummy
2474 0 # dummy
2475 0 # dummy
2476 0 # dummy
2477 0 # dummy
2478 0 # dummy
2479 0 # dummy
2480 0 # dummy
2481 0 # dummy
2482 0 # dummy
2483 0 # dummy
2484 0 # dummy
2485 0 # dummy
2486 0 # dummy
2487 0 # dummy
2488 0 # dummy
2489 0 # dummy
2490 0 # dummy
2491 0 # dummy
2492 0 # dummy
2493 0 # dummy
2494 0 # dummy
2495 0 # dummy
2496 0 # dummy
2497 0 # dummy
2498 0 # dummy
2499 0 # dummy
2500 0 # dummy
2501 0 # dummy
2502 0 # dummy
2503 0 # dummy
2504 0 # dummy
2505 0 # dummy
2506 0 # dummy
2507 0 # dummy
2508 0 # dummy
2509 0 # dummy
2510 0 # dummy
2511 0 # dummy
2512 0 # dummy
2513 0 # dummy
2514 0 # dummy
2515 0 # dummy
2516 0 # dummy
2517 0 # dummy
2518 0 # dummy
2519 0 # dummy
2520 0 # dummy
2521 0 # dummy
2522 0 # dummy
2523 0 # dummy
2524 0 # dummy
2525 0 # dummy
2526 0 # dummy
2527 0 # dummy
2528 0 # dummy
2529 0 # dummy
2530 0 # dummy
2531 0 # dummy
2532 0 # dummy
2533 0 # dummy
2534 0 # dummy
2535 0 # dummy
2536 0 # dummy
2537 0 # dummy
2538 0 # dummy
2539 0 # dummy
2540 0 # dummy
2541 0 # dummy
2542 0 # dummy
2543 0 # dummy
2544 0 # dummy
2545 0 # dummy
2546 0 # dummy
2547 0 # dummy
2548 0 # dummy
2549 0 # dummy
2550 0 # dummy
2551 0 # dummy
2552 0 # dummy
2553 0 # dummy
2554 0 # dummy
2555 0 # dummy
2556 0 # dummy
2557 0 # dummy
2558 0 # dummy
2559 0 # dummy
2560 0 # dummy
2561 0 # dummy
2562 0 # dummy
2563 0 # dummy
2564 0 # dummy
2565 0 # dummy
2566 0 # dummy
2567 0 # dummy
2568 0 # dummy
2569 0 # dummy
2570 0 # dummy
2571 0 # dummy
2572 0 # dummy
2573 0 # dummy
2574 0 # dummy
2575 0 # dummy
2576 0 # dummy
2577 0 # dummy
2578 0 # dummy
2579 0 # dummy
2580 0 # dummy
2581 0 # dummy
2582 0 # dummy
2583 0 # dummy
2584 0 # dummy
2585 0 # dummy
2586 0 # dummy
2587 0 # dummy
2588 0 # dummy
2589 0 # dummy
2590 0 # dummy
2591 0 # dummy
2592 0 # dummy
2593 0 # dummy
2594 0 # dummy
2595 0 # dummy
2596 0 # dummy
2597 0 # dummy
2598 0 # dummy
2599 0 # dummy
2600 0 # dummy
2601 0 # dummy
2602 0 # dummy
2603 0 # dummy
2604 0 # dummy
2605 0 # dummy
2606 0 # dummy
2607 0 # dummy
2608 0 # dummy
2609 0 # dummy
2610 0 # dummy
2611 0 # dummy
2612 0 # dummy
2613 0 # dummy
2614 0 # dummy
2615 0 # dummy
2616 0 # dummy
2617 0 # dummy
2618 0 # dummy
2619 0 # dummy
2620 0 # dummy
2621 0 # dummy
2622 0 # dummy
2623 0 # dummy
2624 0 # dummy
2625 0 # dummy
2626 0 # dummy
2627 0 # dummy
2628 0 # dummy
2629 0 # dummy
2630 0 # dummy
2631 0 # dummy
2632 0 # dummy
2633 0 # dummy
2634 0 # dummy
2635 0 # dummy
2636 0 # dummy
2637 0 # dummy
2638 0 # dummy
2639 0 # dummy
2640 0 # dummy
2641 0 # dummy
2642 0 # dummy
2643 0 # dummy
2644 0 # dummy
2645 0 # dummy
2646 0 # dummy
2647 0 # dummy
2648 0 # dummy
2649 0 # dummy
2650 0 # dummy
2651 0 # dummy
2652 0 # dummy
2653 0 # dummy
2654 0 # dummy
2655 0 # dummy
2656 0 # dummy
2657 0 # dummy
2658 0 # dummy
2659 0 # dummy
2660 0 # dummy
2661 0 # dummy
2662 0 # dummy
2663 0 # dummy
2664 0 # dummy
2665 0 # dummy
2666 0 # dummy
2667 0 # dummy
2668 0 # dummy
2669 0 # dummy
2670 0 # dummy
2671 0 # dummy
2672 0 # dummy
2673 0 # dummy
2674 0 # dummy
2675 0 # dummy
2676 0 # dummy
2677 0 # dummy
2678 0 # dummy
2679 0 # dummy
2680 0 # dummy
2681 0 # dummy
2682 0 # dummy
2683 0 # dummy
2684 0 # dummy
2685 0 # dummy
2686 0 # dummy
2687 0 # dummy
2688 0 # dummy
2689 0 # dummy
2690 0 # dummy
2691 0 # dummy
2692 0 # dummy
2693 0 # dummy
2694 0 # dummy
2695 0 # dummy
2696 0 # dummy
2697 0 # dummy
2698 0 # dummy
2699 0 # dummy
2700 0 # dummy
2701 0 # dummy
2702 0 # dummy
2703 0 # dummy
2704 0 # dummy
2705 0 # dummy
2706 0 # dummy
2707 0 # dummy
2708 0 # dummy
2709 0 # dummy
2710 0 # dummy
2711 0 # dummy
2712 0 # dummy
2713 0 # dummy
2714 0 # dummy
2715 0 # dummy
2716 0 # dummy
2717 0 # dummy
2718 0 # dummy
2719 0 # dummy
2720 0 # dummy
2721 0 # dummy
2722 0 # dummy
2723 0 # dummy
2724 0 # dummy
2725 0 # dummy
2726 0 # dummy
2727 0 # dummy
2728 0 # dummy
2729 0 # dummy
2730 0 # dummy
2731 0 # dummy
2732 0 # dummy
2733 0 # dummy
2734 0 # dummy
2735 0 # dummy
2736 0 # dummy
2737 0 # dummy
2738 0 # dummy
2739 0 # dummy
2740 0 # dummy
2741 0 # dummy
2742 0 # dummy
2743 0 # dummy
2744 0 # dummy
2745 0 # dummy
2746 0 # dummy
2747 0 # dummy
2748 0 # dummy
2749 0 # dummy
2750 0 # dummy
2751 0 # dummy
2752 0 # dummy
2753 0 # dummy
2754 0 # dummy
2755 0 # dummy
2756 0 # dummy
2757 0 # dummy
2758 0 # dummy
2759 0 # dummy
2760 0 # dummy
2761 0 # dummy
2762 0 # dummy
2763 0 # dummy
2764 0 # dummy
2765 0 # dummy
2766 0 # dummy
2767 0 # dummy
2768 0 # dummy
2769 0 # dummy
2770 0 # dummy
2771 0 # dummy
2772 0 # dummy
2773 0 # dummy
2774 0 # dummy
2775 0 # dummy
2776 0 # dummy
2777 0 # dummy
2778 0 # dummy
2779 0 # dummy
2780 0 # dummy
2781 0 # dummy
2782 0 # dummy
2783 0 # dummy
2784 0 # dummy
2785 0 # dummy
2786 0 # dummy
2787 0 # dummy
2788 0 # dummy
2789 0 # dummy
2790 0 # dummy
2791 0 # dummy
2792 0 # dummy
2793 0 # dummy
2794 0 # dummy
2795 0 # dummy
2796 0 # dummy
2797 0 # dummy
2798 0 # dummy
2799 0 # dummy
2800 0 # dummy
2801 0 # dummy
2802 0 # dummy
2803 0 # dummy
2804 0 # dummy
2805 0 # dummy
2806 0 # dummy
2807 0 # dummy
2808 0 # dummy
2809 0 # dummy
2810 0 # dummy
2811 0 # dummy
2812 0 # dummy
2813 0 # dummy
2814 0 # dummy
2815 0 # dummy
2816 0 # dummy
2817 0 # dummy
2818 0 # dummy
2819 0 # dummy
2820 0 # dummy
2821 0 # dummy
2822 0 # dummy
2823 0 # dummy
2824 0 # dummy
2825 0 # dummy
2826 0 # dummy
2827 0 # dummy
2828 0 # dummy
2829 0 # dummy
2830 0 # dummy
2831 0 # dummy
2832 0 # dummy
2833 0 # dummy
2834 0 # dummy
2835 0 # dummy
2836 0 # dummy
2837 0 # dummy
2838 0 # dummy
2839 0 # dummy
2840 0 # dummy
2841 0 # dummy
2842 0 # dummy
2843 0 # dummy
2844 0 # dummy
2845 0 # dummy
2846 0 # dummy
2847 0 # dummy
2848 0 # dummy
2849 0 # dummy
2850 0 # dummy
2851 0 # dummy
2852 0 # dummy
2853 0 # dummy
2854 0 # dummy
2855 0 # dummy
2856 0 # dummy
2857 0 # dummy
2858 0 # dummy
2859 0 # dummy
2860 0 # dummy
2861 0 # dummy
2862 0 # dummy
2863 0 # dummy
2864 0 # dummy
2865 0 # dummy
2866 0 # dummy
2867 0 # dummy
2868 0 # dummy
2869 0 # dummy
2870 0 # dummy
2871 0 # dummy
2872 0 # dummy
2873 0 # dummy
2874 0 # dummy
2875 0 # dummy
2876 0 # dummy
2877 0 # dummy
2878 0 # dummy
2879 0 # dummy
2880 0 # dummy
2881 0 # dummy
2882 0 # dummy
2883 0 # dummy
2884 0 # dummy
2885 0 # dummy
2886 0 # dummy
2887 0 # dummy
2888 0 # dummy
2889 0 # dummy
2890 0 # dummy
2891 0 # dummy
2892 0 # dummy
2893 0 # dummy
2894 0 # dummy
2895 0 # dummy
2896 0 # dummy
2897 0 # dummy
2898 0 # dummy
2899 0 # dummy
2900 0 # dummy
2901 0 # dummy
2902 0 # dummy
2903 0 # dummy
2904 0 # dummy
2905 0 # dummy
2906 0 # dummy
2907 0 # dummy
2908 0 # dummy
2909 0 # dummy
2910 0 # dummy
2911 0 # dummy
2912 0 # dummy
2913 0 # dummy
2914 0 # dummy
2915 0 # dummy
2916 0 # dummy
2917 0 # dummy
2918 0 # dummy
2919 0 # dummy
2920 0 # dummy
2921 0 # dummy
2922 0 # dummy
2923 0 # dummy
2924 0 # dummy
2925 0 # dummy
2926 0 # dummy
2927 0 # dummy
2928 0 # dummy
2929 0 # dummy
2930 0 # dummy
2931 0 # dummy
2932 0 # dummy
2933 0 # dummy
2934 0 # dummy
2935 0 # dummy
2936 0 # dummy
2937 0 # dummy
2938 0 # dummy
2939 0 # dummy
2940 0 # dummy
2941 0 # dummy
2942 0 # dummy
2943 0 # dummy
2944 0 # dummy
2945 0 # dummy
2946 0 # dummy
2947 0 # dummy
2948 0 # dummy
2949 0 # dummy
2950 0 # dummy
2951 0 # dummy
2952 0 # dummy
2953 0 # dummy
2954 0 # dummy
2955 0 # dummy
2956 0 # dummy
2957 0 # dummy
2958 0 # dummy
2959 0 # dummy
2960 0 # dummy
2961 0 # dummy
2962 0 # dummy
2963 0 # dummy
2964 0 # dummy
2965 0 # dummy
2966 0 # dummy
2967 0 # dummy
2968 0 # dummy
2969 0 # dummy
2970 0 # dummy
2971 0 # dummy
2972 0 # dummy
2973 0 # dummy
2974 0 # dummy
2975 0 # dummy
2976 0 # dummy
2977 0 # dummy
2978 0 # dummy
2979 0 # dummy
2980 0 # dummy
2981 0 # dummy
2982 0 # dummy
2983 0 # dummy
2984 0 # dummy
2985 0 # dummy
2986 0 # dummy
2987 0 # dummy
2988 0 # dummy
2989 0 # dummy
2990 0 # dummy
2991 0 # dummy
2992 0 # dummy
2993 0 # dummy
2994 0 # dummy
2995 0 # dummy
2996 0 # dummy
2997 0 # dummy
2998 0 # dummy
2999 0 # dummy
3000 0 # dummy
3001 0 # dummy
3002 0 # dummy
3003 0 # dummy
3004 0 # dummy
3005 0 # dummy
3006 0 # dummy
3007 0 # dummy
3008 0 # dummy
3009 0 # dummy
3010 0 # dummy
3011 0 # dummy
3012 0 # dummy
3013 0 # dummy
3014 0 # dummy
3015 0 # dummy
3016 0 # dummy
3017 0 # dummy
3018 0 # dummy
3019 0 # dummy
3020 0 # dummy
3021 0 # dummy
3022 0 # dummy
3023 0 # dummy
3024 0 # dummy
3025 0 # dummy
3026 0 # dummy
3027 0 # dummy
3028 0 # dummy
3029 0 # dummy
3030 0 # dummy
3031 0 # dummy
3032 0 # dummy
3033 0 # dummy
3034 0 # dummy
3035 0 # dummy
3036 0 # dummy
3037 0 # dummy
3038 0 # dummy
3039 0 # dummy
3040 0 # dummy
3041 0 # dummy
3042 0 # dummy
3043 0 # dummy
3044 0 # dummy
3045 0 # dummy
3046 0 # dummy
3047 0 # dummy
3048 0 # dummy
3049 0 # dummy
3050 0 # dummy
3051 0 # dummy
3052 0 # dummy
3053 0 # dummy
3054 0 # dummy
3055 0 # dummy
3056 0 # dummy
3057 0 # dummy
3058 0 # dummy
3059 0 # dummy
3060 0 # dummy
3061 0 # dummy
3062 0 # dummy
3063 0 # dummy
3064 0 # dummy
3065 0 # dummy
3066 0 # dummy
3067 0 # dummy
3068 0 # dummy
3069 0 # dummy
3070 0 # dummy
3071 0 # dummy
3072 0 # dummy
3073 0 # dummy
3074 0 # dummy
3075 0 # dummy
3076 0 # dummy
3077 0 # dummy
3078 0 # dummy
3079 0 # dummy
3080 0 # dummy
3081 0 # dummy
3082 0 # dummy
3083 0 # dummy
3084 0 # dummy
3085 0 # dummy
3086 0 # dummy
3087 0 # dummy
3088 0 # dummy
3089 0 # dummy
3090 0 # dummy
3091 0 # dummy
3092 0 # dummy
3093 0 # dummy
3094 0 # dummy
3095 0 # dummy
3096 0 # dummy
3097 0 # dummy
3098 0 # dummy
3099 0 # dummy
3100 0 # dummy
3101 0 # dummy
3102 0 # dummy
3103 0 # dummy
3104 0 # dummy
3105 0 # dummy
3106 0 # dummy
3107 0 # dummy
3108 0 # dummy
3109 0 # dummy
3110 0 # dummy
3111 0 # dummy
3112 0 # dummy
3113 0 # dummy
3114 0 # dummy
3115 0 # dummy
3116 0 # dummy
3117 0 # dummy
3118 0 # dummy
3119 0 # dummy
3120 0 # dummy
3121 0 # dummy
3122 0 # dummy
3123 0 # dummy
3124 0 # dummy
3125 0 # dummy
3126 0 # dummy
3127 0 # dummy
3128 0 # dummy
3129 0 # dummy
3130 0 # dummy
3131 0 # dummy
3132 0 # dummy
3133 0 # dummy
3134 0 # dummy
3135 0 # dummy
3136 0 # dummy
3137 0 # dummy
3138 0 # dummy
3139 0 # dummy
3140 0 # dummy
3141 0 # dummy
3142 0 # dummy
3143 0 # dummy
3144 0 # dummy
3145 0 # dummy
3146 0 # dummy
3147 0 # dummy
3148 0 # dummy
3149 0 # dummy
3150 0 # dummy
3151 0 # dummy
3152 0 # dummy
3153 0 # dummy
3154 0 # dummy
3155 0 # dummy
3156 0 # dummy
3157 0 # dummy
3158 0 # dummy
3159 0 # dummy
3160 0 # dummy
3161 0 # dummy
3162 0 # dummy
3163 0 # dummy
3164 0 # dummy
3165 0 # dummy
3166 0 # dummy
3167 0 # dummy
3168 0 # dummy
3169 0 # dummy
3170 0 # dummy
3171 0 # dummy
3172 0 # dummy
3173 0 # dummy
3174 0 # dummy
3175 0 # dummy
3176 0 # dummy
3177 0 # dummy
3178 0 # dummy
3179 0 # dummy
3180 0 # dummy
3181 0 # dummy
3182 0 # dummy
3183 0 # dummy
3184 0 # dummy
3185 0 # dummy
3186 0 # dummy
3187 0 # dummy
3188 0 # dummy
3189 0 # dummy
3190 0 # dummy
3191 0 # dummy
3192 0 # dummy
3193 0 # dummy
3194 0 # dummy
3195 0 # dummy
3196 0 # dummy
3197 0 # dummy
3198 0 # dummy
3199 0 # dummy
3200 0 # dummy
3201 0 # dummy
3202 0 # dummy
3203 0 # dummy
3204 0 # dummy
3205 0 # dummy
3206 0 # dummy
3207 0 # dummy
3208 0 # dummy
3209 0 # dummy
3210 0 # dummy
3211 0 # dummy
3212 0 # dummy
3213 0 # dummy
3214 0 # dummy
3215 0 # dummy
3216 0 # dummy
3217 0 # dummy
3218 0 # dummy
3219 0 # dummy
3220 0 # dummy
3221 0 # dummy
3222 0 # dummy
3223 0 # dummy
3224 0 # dummy
3225 0 # dummy
3226 0 # dummy
3227 0 # dummy
3228 0 # dummy
3229 0 # dummy
3230 0 # dummy
3231 0 # dummy
3232 0 # dummy
3233 0 # dummy
3234 0 # dummy
3235 0 # dummy
3236 0 # dummy
3237 0 # dummy
3238 0 # dummy
3239 0 # dummy
3240 0 # dummy
3241 0 # dummy
3242 0 # dummy
3243 0 # dummy
3244 0 # dummy
3245 0 # dummy
3246 0 # dummy
3247 0 # dummy
3248 0 # dummy
3249 0 # dummy
3250 0 # dummy
3251 0 # dummy
3252 0 # dummy
3253 0 # dummy
3254 0 # dummy
3255 0 # dummy
3256 0 # dummy
3257 0 # dummy
3258 0 # dummy
3259 0 # dummy
3260 0 # dummy
3261 0 # dummy
3262 0 # dummy
3263 0 # dummy
3264 0 # dummy
3265 0 # dummy
3266 0 # dummy
3267 0 # dummy
3268 0 # dummy
3269 0 # dummy
3270 0 # dummy
3271 0 # dummy
3272 0 # dummy
3273 0 # dummy
3274 0 # dummy
3275 0 # dummy
3276 0 # dummy
3277 0 # dummy
3278 0 # dummy
3279 0 # dummy
3280 0 # dummy
3281 0 # dummy
3282 0 # dummy
3283 0 # dummy
3284 0 # dummy
3285 0 # dummy
3286 0 # dummy
3287 0 # dummy
3288 0 # dummy
3289 0 # dummy
3290 0 # dummy
3291 0 # dummy
3292 0 # dummy
3293 0 # dummy
3294 0 # dummy
3295 0 # dummy
3296 0 # dummy
3297 0 # dummy
3298 0 # dummy
3299 0 # dummy
3300 0 # dummy
3301 0 # dummy
3302 0 # dummy
3303 0 # dummy
3304 0 # dummy
3305 0 # dummy
3306 0 # dummy
3307 0 # dummy
3308 0 # dummy
3309 0 # dummy
3310 0 # dummy
3311 0 # dummy
3312 0 # dummy
3313 0 # dummy
3314 0 # dummy
3315 0 # dummy
3316 0 # dummy
3317 0 # dummy
3318 0 # dummy
3319 0 # dummy
3320 0 # dummy
3321 0 # dummy
3322 0 # dummy
3323 0 # dummy
3324 0 # dummy
3325 0 # dummy
3326 0 # dummy
3327 0 # dummy
3328 0 # dummy
3329 0 # dummy
3330 0 # dummy
3331 0 # dummy
3332 0 # dummy
3333 0 # dummy
3334 0 # dummy
3335 0 # dummy
3336 0 # dummy
3337 0 # dummy
3338 0 # dummy
3339 0 # dummy
3340 0 # dummy
3341 0 # dummy
3342 0 # dummy
3343 0 # dummy
3344 0 # dummy
3345 0 # dummy
3346 0 # dummy
3347 0 # dummy
3348 0 # dummy
3349 0 # dummy
3350 0 # dummy
3351 0 # dummy
3352 0 # dummy
3353 0 # dummy
3354 0 # dummy
3355 0 # dummy
3356 0 # dummy
3357 0 # dummy
3358 0 # dummy
3359 0 # dummy
3360 0 # dummy
3361 0 # dummy
3362 0 # dummy
3363 0 # dummy
3364 0 # dummy
3365 0 # dummy
3366 0 # dummy
3367 0 # dummy
3368 0 # dummy
3369 0 # dummy
3370 0 # dummy
3371 0 # dummy
3372 0 # dummy
3373 0 # dummy
3374 0 # dummy
3375 0 # dummy
3376 0 # dummy
3377 0 # dummy
3378 0 # dummy
3379 0 # dummy
3380 0 # dummy
3381 0 # dummy
3382 0 # dummy
3383 0 # dummy
3384 0 # dummy
3385 0 # dummy
3386 0 # dummy
3387 0 # dummy
3388 0 # dummy
3389 0 # dummy
3390 0 # dummy
3391 0 # dummy
3392 0 # dummy
3393 0 # dummy
3394 0 # dummy
3395 0 # dummy
3396 0 # dummy
3397 0 # dummy
3398 0 # dummy
3399 0 # dummy
3400 0 # dummy
3401 0 # dummy
3402 0 # dummy
3403 0 # dummy
3404 0 # dummy
3405 0 # dummy
3406 0 # dummy
3407 0 # dummy
3408 0 # dummy
3409 0 # dummy
3410 0 # dummy
3411 0 # dummy
3412 0 # dummy
3413 0 # dummy
3414 0 # dummy
3415 0 # dummy
3416 0 # dummy
3417 0 # dummy
3418 0 # dummy
3419 0 # dummy
3420 0 # dummy
3421 0 # dummy
3422 0 # dummy
3423 0 # dummy
3424 0 # dummy
3425 0 # dummy
3426 0 # dummy
3427 0 # dummy
3428 0 # dummy
3429 0 # dummy
3430 0 # dummy
3431 0 # dummy
3432 0 # dummy
3433 0 # dummy
3434 0 # dummy
3435 0 # dummy
3436 0 # dummy
3437 0 # dummy
3438 0 # dummy
3439 0 # dummy
3440 0 # dummy
3441 0 # dummy
3442 0 # dummy
3443 0 # dummy
3444 0 # dummy
3445 0 # dummy
3446 0 # dummy
3447 0 # dummy
3448 0 # dummy
3449 0 # dummy
3450 0 # dummy
3451 0 # dummy
3452 0 # dummy
3453 0 # dummy
3454 0 # dummy
3455 0 # dummy
3456 0 # dummy
3457 0 # dummy
3458 0 # dummy
3459 0 # dummy
3460 0 # dummy
3461 0 # dummy
3462 0 # dummy
3463 0 # dummy
3464 0 # dummy
3465 0 # dummy
3466 0 # dummy
3467 0 # dummy
3468 0 # dummy
3469 0 # dummy
3470 0 # dummy
3471 0 # dummy
3472 0 # dummy
3473 0 # dummy
3474 0 # dummy
3475 0 # dummy
3476 0 # dummy
3477 0 # dummy
3478 0 # dummy
3479 0 # dummy
3480 0 # dummy
3481 0 # dummy
3482 0 # dummy
3483 0 # dummy
3484 0 # dummy
3485 0 # dummy
3486 0 # dummy
3487 0 # dummy
3488 0 # dummy
3489 0 # dummy
3490 0 # dummy
3491 0 # dummy
3492 0 # dummy
3493 0 # dummy
3494 0 # dummy
3495 0 # dummy
3496 0 # dummy
3497 0 # dummy
3498 0 # dummy
3499 0 # dummy
3500 0 # dummy
3501 0 # dummy
3502 0 # dummy
3503 0 # dummy
3504 0 # dummy
3505 0 # dummy
3506 0 # dummy
3507 0 # dummy
3508 0 # dummy
3509 0 # dummy
3510 0 # dummy
3511 0 # dummy
3512 0 # dummy
3513 0 # dummy
3514 0 # dummy
3515 0 # dummy
3516 0 # dummy
3517 0 # dummy
3518 0 # dummy
3519 0 # dummy
3520 0 # dummy
3521 0 # dummy
3522 0 # dummy
3523 0 # dummy
3524 0 # dummy
3525 0 # dummy
3526 0 # dummy
3527 0 # dummy
3528 0 # dummy
3529 0 # dummy
3530 0 # dummy
3531 0 # dummy
3532 0 # dummy
3533 0 # dummy
3534 0 # dummy
3535 0 # dummy
3536 0 # dummy
3537 0 # dummy
3538 0 # dummy
3539 0 # dummy
3540 0 # dummy
3541 0 # dummy
3542 0 # dummy
3543 0 # dummy
3544 0 # dummy
3545 0 # dummy
3546 0 # dummy
3547 0 # dummy
3548 0 # dummy
3549 0 # dummy
3550 0 # dummy
3551 0 # dummy
3552 0 # dummy
3553 0 # dummy
3554 0 # dummy
3555 0 # dummy
3556 0 # dummy
3557 0 # dummy
3558 0 # dummy
3559 0 # dummy
3560 0 # dummy
3561 0 # dummy
3562 0 # dummy
3563 0 # dummy
3564 0 # dummy
3565 0 # dummy
3566 0 # dummy
3567 0 # dummy
3568 0 # dummy
3569 0 # dummy
3570 0 # dummy
3571 0 # dummy
3572 0 # dummy
3573 0 # dummy
3574 0 # dummy
3575 0 # dummy
3576 0 # dummy
3577 0 # dummy
3578 0 # dummy
3579 0 # dummy
3580 0 # dummy
3581 0 # dummy
3582 0 # dummy
3583 0 # dummy
3584 0 # dummy
3585 0 # dummy
3586 0 # dummy
3587 0 # dummy
3588 0 # dummy
3589 0 # dummy
3590 0 # dummy
3591 0 # dummy
3592 0 # dummy
3593 0 # dummy
3594 0 # dummy
3595 0 # dummy
3596 0 # dummy
3597 0 # dummy
3598 0 # dummy
3599 0 # dummy
3600 0 # dummy
3601 0 # dummy
3602 0 # dummy
3603 0 # dummy
3604 0 # dummy
3605 0 # dummy
3606 0 # dummy
3607 0 # dummy
3608 0 # dummy
3609 0 # dummy
3610 0 # dummy
3611 0 # dummy
3612 0 # dummy
3613 0 # dummy
3614 0 # dummy
3615 0 # dummy
3616 0 # dummy
3617 0 # dummy
3618 0 # dummy
3619 0 # dummy
3620 0 # dummy
3621 0 # dummy
3622 0 # dummy
3623 0 # dummy
3624 0 # dummy
3625 0 # dummy
3626 0 # dummy
3627 0 # dummy
3628 0 # dummy
3629 0 # dummy
3630 0 # dummy
3631 0 # dummy
3632 0 # dummy
3633 0 # dummy
3634 0 # dummy
3635 0 # dummy
3636 0 # dummy
3637 0 # dummy
3638 0 # dummy
3639 0 # dummy
3640 0 # dummy
3641 0 # dummy
3642 0 # dummy
3643 0 # dummy
3644 0 # dummy
3645 0 # dummy
3646 0 # dummy
3647 0 # dummy
3648 0 # dummy
3649 0 # dummy
3650 0 # dummy
3651 0 # dummy
3652 0 # dummy
3653 0 # dummy
3654 0 # dummy
3655 0 # dummy
3656 0 # dummy
3657 0 # dummy
3658 0 # dummy
3659 0 # dummy
3660 0 # dummy
3661 0 # dummy
3662 0 # dummy
3663 0 # dummy
3664 0 # dummy
3665 0 # dummy
3666 0 # dummy
3667 0 # dummy
3668 0 # dummy
3669 0 # dummy
3670 0 # dummy
3671 0 # dummy
3672 0 # dummy
3673 0 # dummy
3674 0 # dummy
3675 0 # dummy
3676 0 # dummy
3677 0 # dummy
3678 0 # dummy
3679 0 # dummy
3680 0 # dummy
3681 0 # dummy
3682 0 # dummy
3683 0 # dummy
3684 0 # dummy
3685 0 # dummy
3686 0 # dummy
3687 0 # dummy
3688 0 # dummy
3689 0 # dummy
3690 0 # dummy
3691 0 # dummy
3692 0 # dummy
3693 0 # dummy
3694 0 # dummy
3695 0 # dummy
3696 0 # dummy
3697 0 # dummy
3698 0 # dummy
3699 0 # dummy
3700 0 # dummy
3701 0 # dummy
3702 0 # dummy
3703 0 # dummy
3704 0 # dummy
3705 0 # dummy
3706 0 # dummy
3707 0 # dummy
3708 0 # dummy
3709 0 # dummy
3710 0 # dummy
3711 0 # dummy
3712 0 # dummy
3713 0 # dummy
3714 0 # dummy
3715 0 # dummy
3716 0 # dummy
3717 0 # dummy
3718 0 # dummy
3719 0 # dummy
3720 0 # dummy
3721 0 # dummy
3722 0 # dummy
3723 0 # dummy
3724 0 # dummy
3725 0 # dummy
3726 0 # dummy
3727 0 # dummy
3728 0 # dummy
3729 0 # dummy
3730 0 # dummy
3731 0 # dummy
3732 0 # dummy
3733 0 # dummy
3734 0 # dummy
3735 0 # dummy
3736 0 # dummy
3737 0 # dummy
3738 0 # dummy
3739 0 # dummy
3740 0 # dummy
3741 0 # dummy
3742 0 # dummy
3743 0 # dummy
3744 0 # dummy
3745 0 # dummy
3746 0 # dummy
3747 0 # dummy
3748 0 # dummy
3749 0 # dummy
3750 0 # dummy
3751 0 # dummy
3752 0 # dummy
3753 0 # dummy
3754 0 # dummy
3755 0 # dummy
3756 0 # dummy
3757 0 # dummy
3758 0 # dummy
3759 0 # dummy
3760 0 # dummy
3761 0 # dummy
3762 0 # dummy
3763 0 # dummy
3764 0 # dummy
3765 0 # dummy
3766 0 # dummy
3767 0 # dummy
3768 0 # dummy
3769 0 # dummy
3770 0 # dummy
3771 0 # dummy
3772 0 # dummy
3773 0 # dummy
3774 0 # dummy
3775 0 # dummy
3776 0 # dummy
3777 0 # dummy
3778 0 # dummy
3779 0 # dummy
3780 0 # dummy
3781 0 # dummy
3782 0 # dummy
3783 0 # dummy
3784 0 # dummy
3785 0 # dummy
3786 0 # dummy
3787 0 # dummy
3788 0 # dummy
3789 0 # dummy
3790 0 # dummy
3791 0 # dummy
3792 0 # dummy
3793 0 # dummy
3794 0 # dummy
3795 0 # dummy
3796 0 # dummy
3797 0 # dummy
3798 0 # dummy
3799 0 # dummy
3800 0 # dummy
3801 0 # dummy
3802 0 # dummy
3803 0 # dummy
3804 0 # dummy
3805 0 # dummy
3806 0 # dummy
3807 0 # dummy
3808 0 # dummy
3809 0 # dummy
3810 0 # dummy
3811 0 # dummy
3812 0 # dummy
3813 0 # dummy
3814 0 # dummy
3815 0 # dummy
3816 0 # dummy
3817 0 # dummy
3818 0 # dummy
3819 0 # dummy
3820 0 # dummy
3821 0 # dummy
3822 0 # dummy
3823 0 # dummy
3824 0 # dummy
3825 0 # dummy
3826 0 # dummy
3827 0 # dummy
3828 0 # dummy
3829 0 # dummy
3830 0 # dummy
3831 0 # dummy
3832 0 # dummy
3833 0 # dummy
3834 0 # dummy
3835 0 # dummy
3836 0 # dummy
3837 0 # dummy
3838 0 # dummy
3839 0 # dummy
3840 0 # dummy
3841 0 # dummy
3842 0 # dummy
3843 0 # dummy
3844 0 # dummy
3845 0 # dummy
3846 0 # dummy
3847 0 # dummy
3848 0 # dummy
3849 0 # dummy
3850 0 # dummy
3851 0 # dummy
3852 0 # dummy
3853 0 # dummy
3854 0 # dummy
3855 0 # dummy
3856 0 # dummy
3857 0 # dummy
3858 0 # dummy
3859 0 # dummy
3860 0 # dummy
3861 0 # dummy
3862 0 # dummy
3863 0 # dummy
3864 0 # dummy
3865 0 # dummy
3866 0 # dummy
3867 0 # dummy
3868 0 # dummy
3869 0 # dummy
3870 0 # dummy
3871 0 # dummy
3872 0 # dummy
3873 0 # dummy
3874 0 # dummy
3875 0 # dummy
3876 0 # dummy
3877 0 # dummy
3878 0 # dummy
3879 0 # dummy
3880 0 # dummy
3881 0 # dummy
3882 0 # dummy
3883 0 # dummy
3884 0 # dummy
3885 0 # dummy
3886 0 # dummy
3887 0 # dummy
3888 0 # dummy
3889 0 # dummy
3890 0 # dummy
3891 0 # dummy
3892 0 # dummy
3893 0 # dummy
3894 0 # dummy
3895 0 # dummy
3896 0 # dummy
3897 0 # dummy
3898 0 # dummy
3899 0 # dummy
3900 0 # dummy
3901 0 # dummy
3902 0 # dummy
3903 0 # dummy
3904 0 # dummy
3905 0 # dummy
3906 0 # dummy
3907 0 # dummy
3908 0 # dummy
3909 0 # dummy
3910 0 # dummy
3911 0 # dummy
3912 0 # dummy
3913 0 # dummy
3914 0 # dummy
3915 0 # dummy
3916 0 # dummy
3917 0 # dummy
3918 0 # dummy
3919 0 # dummy
3920 0 # dummy
3921 0 # dummy
3922 0 # dummy
3923 0 # dummy
3924 0 # dummy
3925 0 # dummy
3926 0 # dummy
3927 0 # dummy
3928 0 # dummy
3929 0 # dummy
3930 0 # dummy
3931 0 # dummy
3932 0 # dummy
3933 0 # dummy
3934 0 # dummy
3935 0 # dummy
3936 0 # dummy
3937 0 # dummy
3938 0 # dummy
3939 0 # dummy
3940 0 # dummy
3941 0 # dummy
3942 0 # dummy
3943 0 # dummy
3944 0 # dummy
3945 0 # dummy
3946 0 # dummy
3947 0 # dummy
3948 0 # dummy
3949 0 # dummy
3950 0 # dummy
3951 0 # dummy
3952 0 # dummy
3953 0 # dummy
3954 0 # dummy
3955 0 # dummy
3956 0 # dummy
3957 0 # dummy
3958 0 # dummy
3959 0 # dummy
3960 0 # dummy
3961 0 # dummy
3962 0 # dummy
3963 0 # dummy
3964 0 # dummy
3965 0 # dummy
3966 0 # dummy
3967 0 # dummy
3968 0 # dummy
3969 0 # dummy
3970 0 # dummy
3971 0 # dummy
3972 0 # dummy
3973 0 # dummy
3974 0 # dummy
3975 0 # dummy
3976 0 # dummy
3977 0 # dummy
3978 0 # dummy
3979 0 # dummy
3980 0 # dummy
3981 0 # dummy
3982 0 # dummy
3983 0 # dummy
3984 0 # dummy
3985 0 # dummy
3986 0 # dummy
3987 0 # dummy
3988 0 # dummy
3989 0 # dummy
3990 0 # dummy
3991 0 # dummy
3992 0 # dummy
3993 0 # dummy
3994 0 # dummy
3995 0 # dummy
3996 0 # dummy
3997 0 # dummy
3998 0 # dummy
3999 0 # dummy
4000 0 # dummy
4001 0 # dummy
4002 0 # dummy
4003 0 # dummy
4004 0 # dummy
4005 0 # dummy
4006 0 # dummy
4007 0 # dummy
4008 0 # dummy
4009 0 # dummy
4010 0 # dummy
4011 0 # dummy
4012 0 # dummy
4013 0 # dummy
4014 0 # dummy
4015 0 # dummy
4016 0 # dummy
4017 0 # dummy
4018 0 # dummy
4019 0 # dummy
4020 0 # dummy
4021 0 # dummy
4022 0 # dummy
4023 0 # dummy
4024 0 # dummy
4025 0 # dummy
4026 0 # dummy
4027 0 # dummy
4028 0 # dummy
4029 0 # dummy
4030 0 # dummy
4031 0 # dummy
4032 0 # dummy
4033 0 # dummy
4034 0 # dummy
4035 0 # dummy
4036 0 # dummy
4037 0 # dummy
4038 0 # dummy
4039 0 # dummy
4040 0 # dummy
4041 0 # dummy
4042 0 # dummy
4043 0 # dummy
4044 0 # dummy
4045 0 # dummy
4046 0 # dummy
4047 0 # dummy
4048 0 # dummy
4049 0 # dummy
4050 0 # dummy
4051 0 # dummy
4052 0 # dummy
4053 0 # dummy
4054 0 # dummy
4055 0 # dummy
4056 0 # dummy
4057 0 # dummy
4058 0 # dummy
4059 0 # dummy
4060 0 # dummy
4061 0 # dummy
4062 0 # dummy
4063 0 # dummy
4064 0 # dummy
4065 0 # dummy
4066 0 # dummy
4067 0 # dummy
4068 0 # dummy
4069 0 # dummy
4070 0 # dummy
4071 0 # dummy
4072 0 # dummy
4073 0 # dummy
4074 0 # dummy
4075 0 # dummy
4076 0 # dummy
4077 0 # dummy
4078 0 # dummy
4079 0 # dummy
4080 0 # dummy
4081 0 # dummy
4082 0 # dummy
4083 0 # dummy
4084 0 # dummy
4085 0 # dummy
4086 0 # dummy
4087 0 # dummy
4088 0 # dummy
4089 0 # dummy
4090 0 # dummy
4091 0 # dummy
4092 0 # dummy
4093 0 # dummy
4094 0 # dummy
4095 0 # dummy
