# address to addend+multiplicative factor LUT
# maps 12 bits to 18 bits
# 18 bits = (addend<<10) + multiplier)
# addend is signed 8 bits, multiplier is 10 bits
# anything after # is ignored with the exception of the header
# the header is first valid line starting with #<header> versionStr nrBitsAddress nrBitsData </header>
#<header> v1 12 18 </header>
0 512  # compresses ieta bin 0, pt 0
1 944
2 952
3 941
4 946
5 937
6 941
7 933
8 937
9 941
10 933
11 927
12 913
13 907
14 901
15 896
16 892
17 888
18 873
19 860
20 841
21 831
22 816
23 813
24 801
25 793
26 786
27 776
28 770
29 766
30 758
31 753
32 750
33 746
34 739
35 729
36 727
37 719
38 714
39 707
40 702
41 696
42 696
43 690
44 681
45 682
46 679
47 674
48 668
49 664
50 657
51 652
52 650
53 644
54 642
55 635
56 632
57 631
58 627
59 620
60 618
61 617
62 609
63 603
64 512  # compresses ieta bin 1, pt 0
65 1008
66 1000
67 989
68 989
69 979
70 980
71 982
72 984
73 964
74 955
75 949
76 941
77 925
78 911
79 905
80 900
81 897
82 889
83 875
84 861
85 850
86 834
87 825
88 817
89 809
90 802
91 791
92 785
93 775
94 770
95 762
96 762
97 754
98 747
99 741
100 734
101 729
102 724
103 719
104 712
105 708
106 704
107 701
108 692
109 692
110 689
111 683
112 677
113 671
114 663
115 660
116 655
117 651
118 647
119 642
120 639
121 637
122 633
123 627
124 626
125 625
126 617
127 610
128 512  # compresses ieta bin 2, pt 0
129 1008
130 984
131 986
132 975
133 977
134 979
135 970
136 972
137 963
138 955
139 948
140 931
141 925
142 910
143 905
144 900
145 896
146 889
147 874
148 856
149 844
150 834
151 825
152 817
153 809
154 802
155 786
156 780
157 775
158 770
159 762
160 758
161 754
162 747
163 737
164 734
165 726
166 721
167 716
168 712
169 705
170 701
171 698
172 689
173 689
174 687
175 683
176 674
177 668
178 663
179 658
180 655
181 649
182 647
183 640
184 639
185 637
186 633
187 626
188 625
189 624
190 615
191 609
192 512  # compresses ieta bin 3, pt 0
193 1008
194 985
195 986
196 976
197 977
198 979
199 970
200 972
201 963
202 955
203 948
204 931
205 925
206 911
207 905
208 900
209 897
210 889
211 874
212 861
213 850
214 840
215 831
216 822
217 815
218 807
219 796
220 790
221 784
222 779
223 770
224 770
225 762
226 755
227 744
228 738
229 729
230 724
231 719
232 715
233 708
234 704
235 701
236 692
237 692
238 689
239 686
240 677
241 671
242 665
243 660
244 657
245 651
246 649
247 644
248 642
249 640
250 636
251 629
252 628
253 627
254 618
255 612
256 512  # compresses ieta bin 4, pt 0
257 2047
258 2047
259 1019
260 1017
261 1018
262 1018
263 1008
264 1007
265 996
266 987
267 980
268 970
269 954
270 946
271 931
272 927
273 922
274 912
275 897
276 882
277 870
278 853
279 843
280 834
281 831
282 823
283 811
284 804
285 798
286 793
287 784
288 779
289 775
290 763
291 752
292 749
293 739
294 734
295 726
296 721
297 717
298 713
299 709
300 700
301 700
302 697
303 693
304 683
305 679
306 673
307 668
308 667
309 660
310 658
311 652
312 648
313 646
314 643
315 636
316 635
317 635
318 625
319 618
320 512  # compresses ieta bin 5, pt 0
321 3071
322 3071
323 2047
324 2047
325 2047
326 2043
327 1019
328 996
329 997
330 987
331 989
332 970
333 963
334 946
335 933
336 935
337 929
338 920
339 903
340 889
341 877
342 859
343 849
344 839
345 831
346 828
347 816
348 809
349 803
350 797
351 788
352 783
353 779
354 766
355 755
356 752
357 743
358 734
359 729
360 724
361 719
362 715
363 712
364 703
365 702
366 699
367 695
368 688
369 681
370 675
371 672
372 668
373 662
374 659
375 654
376 651
377 649
378 645
379 639
380 637
381 636
382 627
383 620
384 512  # compresses ieta bin 6, pt 0
385 2045
386 1017
387 1016
388 1005
389 1006
390 1005
391 996
392 995
393 985
394 976
395 969
396 952
397 944
398 929
399 923
400 918
401 913
402 897
403 889
404 869
405 857
406 840
407 831
408 822
409 815
410 802
411 791
412 785
413 780
414 771
415 766
416 762
417 758
418 755
419 744
420 738
421 729
422 727
423 722
424 718
425 711
426 710
427 706
428 697
429 697
430 694
431 688
432 681
433 675
434 669
435 666
436 663
437 657
438 654
439 649
440 645
441 643
442 640
443 633
444 632
445 631
446 621
447 614
448 512  # compresses ieta bin 7, pt 0
449 983
450 971
451 971
452 975
453 966
454 966
455 958
456 960
457 952
458 944
459 948
460 931
461 916
462 910
463 897
464 892
465 889
466 881
467 868
468 855
469 837
470 828
471 819
472 811
473 798
474 792
475 781
476 775
477 766
478 762
479 753
480 750
481 746
482 735
483 729
484 724
485 719
486 714
487 710
488 706
489 699
490 696
491 690
492 681
493 682
494 679
495 676
496 670
497 664
498 657
499 656
500 652
501 648
502 644
503 635
504 632
505 631
506 627
507 620
508 618
509 615
510 604
511 597
512 512  # compresses ieta bin 8, pt 0
513 983
514 984
515 971
516 963
517 964
518 966
519 957
520 960
521 952
522 944
523 937
524 921
525 915
526 901
527 888
528 884
529 881
530 873
531 867
532 848
533 831
534 821
535 808
536 805
537 793
538 786
539 771
540 766
541 761
542 753
543 745
544 745
545 738
546 732
547 726
548 720
549 712
550 711
551 706
552 700
553 693
554 690
555 684
556 673
557 674
558 672
559 669
560 661
561 655
562 651
563 648
564 646
565 644
566 640
567 634
568 631
569 630
570 625
571 619
572 617
573 612
574 602
575 596
576 512  # compresses ieta bin 9, pt 0
577 947
578 937
579 926
580 920
581 913
582 915
583 910
584 914
585 907
586 902
587 898
588 891
589 878
590 875
591 870
592 866
593 864
594 850
595 838
596 827
597 811
598 803
599 789
600 783
601 772
602 765
603 755
604 746
605 743
606 744
607 736
608 733
609 730
610 720
611 715
612 713
613 702
614 701
615 697
616 693
617 684
618 678
619 676
620 668
621 666
622 664
623 662
624 654
625 649
626 645
627 642
628 640
629 639
630 635
631 629
632 624
633 623
634 620
635 614
636 611
637 607
638 596
639 591
640 512  # compresses ieta bin 10, pt 0
641 912
642 904
643 911
644 903
645 897
646 902
647 896
648 892
649 896
650 891
651 886
652 882
653 868
654 865
655 861
656 858
657 856
658 850
659 838
660 821
661 811
662 796
663 783
664 777
665 765
666 756
667 750
668 742
669 738
670 735
671 723
672 724
673 718
674 712
675 707
676 702
677 691
678 685
679 681
680 678
681 672
682 667
683 665
684 660
685 659
686 657
687 655
688 647
689 645
690 638
691 635
692 631
693 626
694 623
695 617
696 613
697 614
698 612
699 609
700 606
701 603
702 593
703 588
704 512  # compresses ieta bin 11, pt 0
705 884
706 872
707 881
708 876
709 883
710 877
711 873
712 879
713 874
714 869
715 866
716 862
717 850
718 847
719 843
720 834
721 839
722 827
723 810
724 799
725 785
726 778
727 771
728 765
729 755
730 750
731 740
732 732
733 729
734 726
735 714
736 712
737 710
738 704
739 700
740 695
741 681
742 678
743 675
744 672
745 664
746 661
747 659
748 655
749 656
750 654
751 650
752 645
753 643
754 636
755 633
756 627
757 622
758 620
759 614
760 610
761 610
762 608
763 604
764 600
765 596
766 588
767 584
768 512  # compresses ieta bin 12, pt 0
769 880
770 856
771 853
772 861
773 856
774 851
775 850
776 856
777 852
778 848
779 845
780 842
781 839
782 837
783 825
784 824
785 822
786 811
787 801
788 792
789 778
790 765
791 754
792 754
793 744
794 734
795 725
796 722
797 715
798 712
799 701
800 699
801 697
802 693
803 689
804 685
805 671
806 668
807 663
808 660
809 655
810 650
811 651
812 644
813 645
814 644
815 640
816 636
817 632
818 626
819 623
820 618
821 614
822 611
823 606
824 602
825 600
826 599
827 597
828 593
829 589
830 581
831 578
832 512  # compresses ieta bin 13, pt 0
833 880
834 856
835 852
836 849
837 856
838 851
839 848
840 846
841 843
842 848
843 845
844 842
845 831
846 837
847 825
848 817
849 815
850 811
851 801
852 786
853 778
854 765
855 754
856 754
857 739
858 734
859 725
860 717
861 715
862 712
863 701
864 699
865 693
866 693
867 685
868 681
869 671
870 665
871 662
872 660
873 655
874 650
875 648
876 644
877 643
878 641
879 638
880 634
881 630
882 626
883 621
884 618
885 612
886 609
887 604
888 601
889 600
890 599
891 596
892 592
893 589
894 581
895 579
896 512  # compresses ieta bin 14, pt 0
897 850
898 840
899 838
900 847
901 842
902 838
903 848
904 844
905 841
906 839
907 836
908 842
909 831
910 829
911 825
912 816
913 814
914 811
915 801
916 786
917 778
918 766
919 760
920 754
921 744
922 739
923 730
924 722
925 719
926 717
927 705
928 703
929 697
930 697
931 689
932 688
933 674
934 671
935 666
936 663
937 658
938 656
939 654
940 647
941 648
942 647
943 643
944 638
945 634
946 630
947 625
948 622
949 615
950 613
951 607
952 604
953 603
954 602
955 600
956 596
957 592
958 585
959 583
960 512  # compresses ieta bin 15, pt 0
961 848
962 827
963 837
964 835
965 842
966 838
967 838
968 844
969 852
970 848
971 845
972 843
973 839
974 838
975 834
976 832
977 830
978 820
979 809
980 799
981 791
982 784
983 772
984 771
985 760
986 755
987 746
988 742
989 743
990 739
991 727
992 725
993 722
994 716
995 711
996 710
997 698
998 694
999 691
1000 687
1001 681
1002 676
1003 673
1004 668
1005 669
1006 664
1007 662
1008 656
1009 651
1010 645
1011 640
1012 637
1013 633
1014 632
1015 625
1016 623
1017 623
1018 622
1019 620
1020 615
1021 612
1022 605
1023 603
1024 512  # compresses ieta bin 16, pt 0
1025 976
1026 954
1027 941
1028 934
1029 937
1030 931
1031 933
1032 925
1033 907
1034 912
1035 907
1036 891
1037 887
1038 882
1039 871
1040 868
1041 872
1042 851
1043 838
1044 828
1045 824
1046 815
1047 801
1048 800
1049 793
1050 786
1051 776
1052 770
1053 766
1054 762
1055 749
1056 746
1057 742
1058 735
1059 729
1060 724
1061 715
1062 711
1063 706
1064 702
1065 696
1066 693
1067 690
1068 684
1069 684
1070 682
1071 679
1072 672
1073 664
1074 659
1075 654
1076 648
1077 648
1078 646
1079 640
1080 637
1081 637
1082 637
1083 634
1084 631
1085 627
1086 619
1087 617
1088 512  # compresses ieta bin 17, pt 0
1089 945
1090 938
1091 927
1092 920
1093 923
1094 915
1095 911
1096 914
1097 907
1098 902
1099 897
1100 883
1101 878
1102 874
1103 870
1104 866
1105 863
1106 843
1107 830
1108 820
1109 805
1110 796
1111 789
1112 783
1113 776
1114 771
1115 760
1116 756
1117 752
1118 748
1119 736
1120 733
1121 726
1122 720
1123 715
1124 710
1125 702
1126 698
1127 694
1128 690
1129 684
1130 678
1131 676
1132 671
1133 671
1134 667
1135 664
1136 656
1137 651
1138 645
1139 640
1140 635
1141 633
1142 630
1143 625
1144 621
1145 622
1146 620
1147 617
1148 614
1149 611
1150 603
1151 604
1152 512  # compresses ieta bin 18, pt 0
1153 1008
1154 984
1155 971
1156 963
1157 964
1158 954
1159 946
1160 938
1161 929
1162 924
1163 918
1164 902
1165 887
1166 875
1167 870
1168 866
1169 864
1170 850
1171 830
1172 820
1173 805
1174 797
1175 789
1176 788
1177 776
1178 771
1179 761
1180 756
1181 752
1182 748
1183 736
1184 733
1185 726
1186 720
1187 715
1188 713
1189 702
1190 698
1191 694
1192 690
1193 684
1194 678
1195 676
1196 671
1197 671
1198 667
1199 664
1200 656
1201 651
1202 645
1203 640
1204 635
1205 630
1206 627
1207 621
1208 616
1209 616
1210 614
1211 612
1212 608
1213 604
1214 596
1215 596
1216 512  # compresses ieta bin 19, pt 0
1217 1008
1218 984
1219 971
1220 962
1221 964
1222 954
1223 945
1224 937
1225 929
1226 923
1227 917
1228 901
1229 887
1230 874
1231 870
1232 866
1233 863
1234 843
1235 830
1236 820
1237 804
1238 796
1239 789
1240 783
1241 776
1242 771
1243 760
1244 752
1245 748
1246 744
1247 732
1248 729
1249 726
1250 716
1251 711
1252 710
1253 698
1254 695
1255 691
1256 687
1257 681
1258 676
1259 676
1260 668
1261 669
1262 664
1263 662
1264 654
1265 649
1266 643
1267 639
1268 633
1269 628
1270 623
1271 617
1272 613
1273 613
1274 611
1275 607
1276 604
1277 600
1278 593
1279 590
1280 512  # compresses ieta bin 20, pt 0
1281 3071
1282 3071
1283 1017
1284 1006
1285 993
1286 981
1287 970
1288 960
1289 942
1290 944
1291 937
1292 912
1293 896
1294 884
1295 878
1296 875
1297 872
1298 850
1299 838
1300 821
1301 811
1302 797
1303 789
1304 783
1305 776
1306 771
1307 760
1308 752
1309 748
1310 744
1311 732
1312 729
1313 726
1314 716
1315 711
1316 710
1317 698
1318 695
1319 691
1320 687
1321 681
1322 676
1323 676
1324 668
1325 669
1326 664
1327 662
1328 654
1329 649
1330 643
1331 639
1332 633
1333 628
1334 623
1335 617
1336 613
1337 613
1338 611
1339 607
1340 604
1341 600
1342 593
1343 590
1344 512  # compresses ieta bin 21, pt 0
1345 5119
1346 5119
1347 4095
1348 3071
1349 2043
1350 1008
1351 995
1352 984
1353 963
1354 956
1355 948
1356 931
1357 915
1358 910
1359 896
1360 892
1361 888
1362 865
1363 852
1364 835
1365 818
1366 809
1367 801
1368 794
1369 782
1370 776
1371 765
1372 761
1373 757
1374 749
1375 740
1376 737
1377 730
1378 724
1379 718
1380 713
1381 705
1382 701
1383 697
1384 693
1385 685
1386 681
1387 679
1388 673
1389 674
1390 669
1391 667
1392 658
1393 653
1394 647
1395 642
1396 639
1397 630
1398 627
1399 621
1400 616
1401 616
1402 612
1403 610
1404 607
1405 603
1406 595
1407 591
1408 512  # compresses ieta bin 22, pt 0
1409 5119
1410 6143
1411 4095
1412 3071
1413 2045
1414 1018
1415 996
1416 984
1417 963
1418 957
1419 949
1420 931
1421 915
1422 910
1423 897
1424 892
1425 888
1426 866
1427 852
1428 841
1429 824
1430 815
1431 801
1432 794
1433 787
1434 776
1435 765
1436 761
1437 757
1438 753
1439 740
1440 737
1441 730
1442 724
1443 718
1444 713
1445 705
1446 701
1447 697
1448 693
1449 685
1450 681
1451 679
1452 673
1453 674
1454 669
1455 667
1456 658
1457 653
1458 647
1459 642
1460 639
1461 630
1462 627
1463 619
1464 615
1465 614
1466 612
1467 610
1468 606
1469 599
1470 590
1471 587
1472 512  # compresses ieta bin 23, pt 0
1473 6143
1474 7167
1475 6143
1476 5119
1477 3071
1478 2046
1479 1018
1480 995
1481 974
1482 966
1483 958
1484 941
1485 925
1486 912
1487 905
1488 900
1489 896
1490 873
1491 860
1492 841
1493 825
1494 816
1495 807
1496 800
1497 788
1498 781
1499 771
1500 766
1501 761
1502 757
1503 740
1504 737
1505 730
1506 724
1507 718
1508 717
1509 705
1510 701
1511 697
1512 693
1513 687
1514 681
1515 679
1516 673
1517 674
1518 669
1519 667
1520 661
1521 653
1522 647
1523 642
1524 639
1525 630
1526 627
1527 619
1528 615
1529 614
1530 612
1531 609
1532 606
1533 599
1534 590
1535 587
1536 512  # compresses ieta bin 24, pt 0
1537 5119
1538 6143
1539 5119
1540 4095
1541 2047
1542 1019
1543 1006
1544 986
1545 974
1546 965
1547 958
1548 933
1549 916
1550 911
1551 905
1552 893
1553 896
1554 873
1555 853
1556 841
1557 825
1558 815
1559 807
1560 800
1561 787
1562 781
1563 771
1564 762
1565 757
1566 757
1567 740
1568 737
1569 730
1570 724
1571 718
1572 717
1573 705
1574 701
1575 697
1576 693
1577 687
1578 681
1579 679
1580 673
1581 674
1582 669
1583 667
1584 659
1585 653
1586 647
1587 642
1588 639
1589 630
1590 627
1591 619
1592 615
1593 614
1594 612
1595 610
1596 606
1597 599
1598 590
1599 587
1600 512  # compresses ieta bin 25, pt 0
1601 4095
1602 4095
1603 3071
1604 1017
1605 993
1606 979
1607 970
1608 950
1609 952
1610 944
1611 937
1612 921
1613 898
1614 892
1615 887
1616 883
1617 880
1618 858
1619 845
1620 834
1621 817
1622 803
1623 795
1624 788
1625 776
1626 771
1627 756
1628 751
1629 747
1630 744
1631 731
1632 729
1633 722
1634 716
1635 707
1636 702
1637 692
1638 688
1639 681
1640 678
1641 672
1642 667
1643 665
1644 660
1645 658
1646 654
1647 652
1648 647
1649 640
1650 634
1651 631
1652 625
1653 617
1654 613
1655 606
1656 602
1657 602
1658 599
1659 599
1660 593
1661 587
1662 579
1663 576
1664 512  # compresses ieta bin 26, pt 0
1665 3071
1666 1017
1667 989
1668 960
1669 937
1670 915
1671 898
1672 879
1673 885
1674 869
1675 866
1676 843
1677 839
1678 827
1679 817
1680 807
1681 806
1682 803
1683 794
1684 785
1685 773
1686 765
1687 760
1688 754
1689 749
1690 745
1691 740
1692 737
1693 729
1694 722
1695 710
1696 708
1697 701
1698 693
1699 685
1700 685
1701 674
1702 671
1703 665
1704 663
1705 655
1706 650
1707 648
1708 633
1709 635
1710 629
1711 628
1712 622
1713 617
1714 616
1715 617
1716 616
1717 612
1718 608
1719 601
1720 596
1721 596
1722 594
1723 592
1724 586
1725 580
1726 572
1727 570
1728 512  # compresses ieta bin 27, pt 0
1729 4095
1730 3071
1731 1017
1732 975
1733 950
1734 917
1735 909
1736 890
1737 886
1738 870
1739 866
1740 843
1741 839
1742 827
1743 817
1744 807
1745 806
1746 803
1747 794
1748 785
1749 772
1750 765
1751 760
1752 754
1753 749
1754 745
1755 740
1756 733
1757 729
1758 721
1759 710
1760 708
1761 701
1762 693
1763 685
1764 681
1765 674
1766 668
1767 665
1768 663
1769 658
1770 653
1771 648
1772 634
1773 635
1774 629
1775 628
1776 622
1777 619
1778 616
1779 617
1780 616
1781 610
1782 608
1783 601
1784 596
1785 594
1786 593
1787 590
1788 585
1789 577
1790 570
1791 567
1792 512  # compresses ieta bin 28, pt 0
1793 978
1794 952
1795 926
1796 903
1797 896
1798 877
1799 848
1800 832
1801 807
1802 795
1803 784
1804 755
1805 745
1806 745
1807 738
1808 730
1809 723
1810 718
1811 713
1812 702
1813 693
1814 690
1815 677
1816 674
1817 678
1818 677
1819 665
1820 659
1821 655
1822 654
1823 649
1824 649
1825 649
1826 646
1827 644
1828 642
1829 633
1830 625
1831 621
1832 618
1833 616
1834 613
1835 610
1836 609
1837 607
1838 606
1839 604
1840 602
1841 597
1842 593
1843 590
1844 581
1845 567
1846 566
1847 571
1848 572
1849 568
1850 566
1851 563
1852 563
1853 556
1854 548
1855 544
1856 512  # compresses ieta bin 29, pt 0
1857 3071
1858 1016
1859 974
1860 934
1861 910
1862 877
1863 849
1864 832
1865 807
1866 795
1867 784
1868 755
1869 745
1870 745
1871 737
1872 722
1873 715
1874 710
1875 699
1876 689
1877 680
1878 678
1879 658
1880 657
1881 647
1882 641
1883 630
1884 626
1885 618
1886 613
1887 614
1888 611
1889 608
1890 607
1891 603
1892 603
1893 599
1894 593
1895 586
1896 581
1897 578
1898 576
1899 574
1900 569
1901 568
1902 566
1903 564
1904 563
1905 559
1906 557
1907 554
1908 553
1909 538
1910 539
1911 543
1912 542
1913 539
1914 538
1915 537
1916 536
1917 530
1918 526
1919 523
1920 512  # compresses ieta bin 30, pt 0
1921 3071
1922 1001
1923 971
1924 932
1925 896
1926 865
1927 848
1928 821
1929 796
1930 784
1931 764
1932 736
1933 726
1934 727
1935 712
1936 704
1937 691
1938 687
1939 677
1940 668
1941 660
1942 653
1943 646
1944 641
1945 640
1946 635
1947 625
1948 621
1949 617
1950 609
1951 610
1952 607
1953 608
1954 604
1955 603
1956 599
1957 596
1958 589
1959 583
1960 581
1961 575
1962 576
1963 572
1964 567
1965 568
1966 564
1967 564
1968 561
1969 557
1970 557
1971 554
1972 551
1973 538
1974 539
1975 543
1976 542
1977 539
1978 537
1979 536
1980 535
1981 529
1982 525
1983 522
1984 512  # compresses ieta bin 31, pt 0
1985 3071
1986 1000
1987 956
1988 918
1989 885
1990 853
1991 825
1992 809
1993 774
1994 763
1995 743
1996 714
1997 698
1998 691
1999 684
2000 671
2001 665
2002 656
2003 640
2004 633
2005 627
2006 622
2007 617
2008 612
2009 608
2010 609
2011 600
2012 592
2013 589
2014 582
2015 584
2016 582
2017 580
2018 576
2019 574
2020 574
2021 565
2022 560
2023 555
2024 554
2025 552
2026 550
2027 547
2028 548
2029 547
2030 549
2031 549
2032 547
2033 548
2034 548
2035 547
2036 543
2037 529
2038 530
2039 533
2040 532
2041 530
2042 529
2043 529
2044 528
2045 522
2046 519
2047 516
2048 512  # compresses ieta bin 32, pt 0
2049 2047
2050 987
2051 956
2052 918
2053 883
2054 851
2055 823
2056 797
2057 763
2058 754
2059 735
2060 714
2061 697
2062 690
2063 684
2064 670
2065 665
2066 656
2067 640
2068 633
2069 621
2070 622
2071 611
2072 612
2073 603
2074 604
2075 595
2076 587
2077 580
2078 577
2079 575
2080 573
2081 567
2082 565
2083 562
2084 560
2085 552
2086 547
2087 542
2088 541
2089 537
2090 536
2091 533
2092 532
2093 532
2094 534
2095 535
2096 527
2097 524
2098 526
2099 527
2100 525
2101 515
2102 517
2103 525
2104 524
2105 524
2106 522
2107 522
2108 521
2109 516
2110 513
2111 509
2112 512  # compresses ieta bin 33, pt 0
2113 2047
2114 987
2115 956
2116 918
2117 883
2118 851
2119 823
2120 797
2121 763
2122 754
2123 743
2124 714
2125 698
2126 690
2127 684
2128 670
2129 665
2130 656
2131 640
2132 633
2133 621
2134 622
2135 611
2136 612
2137 603
2138 604
2139 595
2140 587
2141 584
2142 577
2143 575
2144 573
2145 567
2146 569
2147 562
2148 560
2149 555
2150 547
2151 542
2152 541
2153 537
2154 536
2155 533
2156 532
2157 532
2158 534
2159 535
2160 527
2161 524
2162 528
2163 527
2164 525
2165 515
2166 517
2167 525
2168 526
2169 524
2170 523
2171 523
2172 523
2173 517
2174 513
2175 509
2176 512  # compresses ieta bin 34, pt 0
2177 3071
2178 1000
2179 957
2180 918
2181 885
2182 853
2183 835
2184 809
2185 774
2186 763
2187 743
2188 716
2189 707
2190 699
2191 685
2192 679
2193 665
2194 657
2195 647
2196 634
2197 628
2198 628
2199 623
2200 618
2201 613
2202 609
2203 600
2204 593
2205 589
2206 582
2207 580
2208 577
2209 575
2210 573
2211 570
2212 567
2213 558
2214 553
2215 548
2216 544
2217 543
2218 542
2219 538
2220 537
2221 537
2222 541
2223 540
2224 534
2225 531
2226 532
2227 533
2228 530
2229 522
2230 524
2231 530
2232 531
2233 530
2234 528
2235 529
2236 528
2237 522
2238 518
2239 516
2240 512  # compresses ieta bin 35, pt 0
2241 3071
2242 1000
2243 956
2244 918
2245 885
2246 853
2247 823
2248 797
2249 753
2250 752
2251 724
2252 704
2253 688
2254 681
2255 667
2256 655
2257 649
2258 640
2259 633
2260 619
2261 614
2262 609
2263 605
2264 601
2265 591
2266 589
2267 585
2268 578
2269 575
2270 569
2271 567
2272 565
2273 563
2274 561
2275 559
2276 557
2277 548
2278 543
2279 539
2280 535
2281 532
2282 531
2283 528
2284 527
2285 529
2286 531
2287 533
2288 525
2289 522
2290 524
2291 525
2292 521
2293 513
2294 515
2295 521
2296 523
2297 521
2298 519
2299 519
2300 518
2301 513
2302 510
2303 506
2304 512  # compresses ieta bin 36, pt 0
2305 3071
2306 1000
2307 956
2308 918
2309 885
2310 853
2311 823
2312 797
2313 753
2314 752
2315 724
2316 704
2317 688
2318 681
2319 667
2320 655
2321 649
2322 640
2323 633
2324 619
2325 614
2326 609
2327 605
2328 601
2329 591
2330 589
2331 585
2332 578
2333 575
2334 569
2335 567
2336 565
2337 563
2338 561
2339 559
2340 557
2341 548
2342 543
2343 539
2344 535
2345 532
2346 531
2347 528
2348 527
2349 529
2350 531
2351 533
2352 525
2353 522
2354 524
2355 525
2356 521
2357 513
2358 515
2359 521
2360 523
2361 521
2362 519
2363 519
2364 518
2365 513
2366 510
2367 506
2368 512  # compresses ieta bin 37, pt 0
2369 3071
2370 1000
2371 956
2372 918
2373 885
2374 853
2375 823
2376 797
2377 753
2378 752
2379 724
2380 696
2381 688
2382 673
2383 667
2384 653
2385 649
2386 640
2387 633
2388 619
2389 614
2390 609
2391 605
2392 601
2393 591
2394 589
2395 585
2396 578
2397 575
2398 569
2399 567
2400 565
2401 563
2402 561
2403 559
2404 557
2405 548
2406 543
2407 539
2408 535
2409 532
2410 531
2411 528
2412 527
2413 529
2414 531
2415 533
2416 525
2417 522
2418 524
2419 525
2420 521
2421 513
2422 515
2423 521
2424 523
2425 521
2426 519
2427 519
2428 518
2429 513
2430 510
2431 506
2432 512  # compresses ieta bin 38, pt 0
2433 3071
2434 1000
2435 956
2436 918
2437 885
2438 853
2439 823
2440 797
2441 753
2442 752
2443 724
2444 704
2445 689
2446 681
2447 675
2448 662
2449 650
2450 648
2451 633
2452 619
2453 614
2454 609
2455 605
2456 601
2457 591
2458 589
2459 585
2460 578
2461 575
2462 569
2463 567
2464 565
2465 563
2466 561
2467 559
2468 557
2469 548
2470 543
2471 539
2472 535
2473 532
2474 531
2475 528
2476 527
2477 529
2478 531
2479 533
2480 525
2481 522
2482 524
2483 525
2484 521
2485 513
2486 515
2487 521
2488 523
2489 521
2490 519
2491 519
2492 518
2493 513
2494 510
2495 506
2496 512  # compresses ieta bin 39, pt 0
2497 3071
2498 1000
2499 956
2500 918
2501 885
2502 853
2503 823
2504 797
2505 753
2506 752
2507 724
2508 704
2509 689
2510 681
2511 675
2512 662
2513 650
2514 648
2515 633
2516 619
2517 614
2518 609
2519 605
2520 601
2521 591
2522 589
2523 585
2524 578
2525 575
2526 569
2527 567
2528 565
2529 563
2530 561
2531 559
2532 557
2533 548
2534 543
2535 539
2536 535
2537 532
2538 531
2539 528
2540 527
2541 529
2542 531
2543 533
2544 525
2545 522
2546 524
2547 525
2548 521
2549 513
2550 515
2551 521
2552 523
2553 521
2554 519
2555 519
2556 518
2557 513
2558 510
2559 506
2560 0 # dummy
2561 0 # dummy
2562 0 # dummy
2563 0 # dummy
2564 0 # dummy
2565 0 # dummy
2566 0 # dummy
2567 0 # dummy
2568 0 # dummy
2569 0 # dummy
2570 0 # dummy
2571 0 # dummy
2572 0 # dummy
2573 0 # dummy
2574 0 # dummy
2575 0 # dummy
2576 0 # dummy
2577 0 # dummy
2578 0 # dummy
2579 0 # dummy
2580 0 # dummy
2581 0 # dummy
2582 0 # dummy
2583 0 # dummy
2584 0 # dummy
2585 0 # dummy
2586 0 # dummy
2587 0 # dummy
2588 0 # dummy
2589 0 # dummy
2590 0 # dummy
2591 0 # dummy
2592 0 # dummy
2593 0 # dummy
2594 0 # dummy
2595 0 # dummy
2596 0 # dummy
2597 0 # dummy
2598 0 # dummy
2599 0 # dummy
2600 0 # dummy
2601 0 # dummy
2602 0 # dummy
2603 0 # dummy
2604 0 # dummy
2605 0 # dummy
2606 0 # dummy
2607 0 # dummy
2608 0 # dummy
2609 0 # dummy
2610 0 # dummy
2611 0 # dummy
2612 0 # dummy
2613 0 # dummy
2614 0 # dummy
2615 0 # dummy
2616 0 # dummy
2617 0 # dummy
2618 0 # dummy
2619 0 # dummy
2620 0 # dummy
2621 0 # dummy
2622 0 # dummy
2623 0 # dummy
2624 0 # dummy
2625 0 # dummy
2626 0 # dummy
2627 0 # dummy
2628 0 # dummy
2629 0 # dummy
2630 0 # dummy
2631 0 # dummy
2632 0 # dummy
2633 0 # dummy
2634 0 # dummy
2635 0 # dummy
2636 0 # dummy
2637 0 # dummy
2638 0 # dummy
2639 0 # dummy
2640 0 # dummy
2641 0 # dummy
2642 0 # dummy
2643 0 # dummy
2644 0 # dummy
2645 0 # dummy
2646 0 # dummy
2647 0 # dummy
2648 0 # dummy
2649 0 # dummy
2650 0 # dummy
2651 0 # dummy
2652 0 # dummy
2653 0 # dummy
2654 0 # dummy
2655 0 # dummy
2656 0 # dummy
2657 0 # dummy
2658 0 # dummy
2659 0 # dummy
2660 0 # dummy
2661 0 # dummy
2662 0 # dummy
2663 0 # dummy
2664 0 # dummy
2665 0 # dummy
2666 0 # dummy
2667 0 # dummy
2668 0 # dummy
2669 0 # dummy
2670 0 # dummy
2671 0 # dummy
2672 0 # dummy
2673 0 # dummy
2674 0 # dummy
2675 0 # dummy
2676 0 # dummy
2677 0 # dummy
2678 0 # dummy
2679 0 # dummy
2680 0 # dummy
2681 0 # dummy
2682 0 # dummy
2683 0 # dummy
2684 0 # dummy
2685 0 # dummy
2686 0 # dummy
2687 0 # dummy
2688 0 # dummy
2689 0 # dummy
2690 0 # dummy
2691 0 # dummy
2692 0 # dummy
2693 0 # dummy
2694 0 # dummy
2695 0 # dummy
2696 0 # dummy
2697 0 # dummy
2698 0 # dummy
2699 0 # dummy
2700 0 # dummy
2701 0 # dummy
2702 0 # dummy
2703 0 # dummy
2704 0 # dummy
2705 0 # dummy
2706 0 # dummy
2707 0 # dummy
2708 0 # dummy
2709 0 # dummy
2710 0 # dummy
2711 0 # dummy
2712 0 # dummy
2713 0 # dummy
2714 0 # dummy
2715 0 # dummy
2716 0 # dummy
2717 0 # dummy
2718 0 # dummy
2719 0 # dummy
2720 0 # dummy
2721 0 # dummy
2722 0 # dummy
2723 0 # dummy
2724 0 # dummy
2725 0 # dummy
2726 0 # dummy
2727 0 # dummy
2728 0 # dummy
2729 0 # dummy
2730 0 # dummy
2731 0 # dummy
2732 0 # dummy
2733 0 # dummy
2734 0 # dummy
2735 0 # dummy
2736 0 # dummy
2737 0 # dummy
2738 0 # dummy
2739 0 # dummy
2740 0 # dummy
2741 0 # dummy
2742 0 # dummy
2743 0 # dummy
2744 0 # dummy
2745 0 # dummy
2746 0 # dummy
2747 0 # dummy
2748 0 # dummy
2749 0 # dummy
2750 0 # dummy
2751 0 # dummy
2752 0 # dummy
2753 0 # dummy
2754 0 # dummy
2755 0 # dummy
2756 0 # dummy
2757 0 # dummy
2758 0 # dummy
2759 0 # dummy
2760 0 # dummy
2761 0 # dummy
2762 0 # dummy
2763 0 # dummy
2764 0 # dummy
2765 0 # dummy
2766 0 # dummy
2767 0 # dummy
2768 0 # dummy
2769 0 # dummy
2770 0 # dummy
2771 0 # dummy
2772 0 # dummy
2773 0 # dummy
2774 0 # dummy
2775 0 # dummy
2776 0 # dummy
2777 0 # dummy
2778 0 # dummy
2779 0 # dummy
2780 0 # dummy
2781 0 # dummy
2782 0 # dummy
2783 0 # dummy
2784 0 # dummy
2785 0 # dummy
2786 0 # dummy
2787 0 # dummy
2788 0 # dummy
2789 0 # dummy
2790 0 # dummy
2791 0 # dummy
2792 0 # dummy
2793 0 # dummy
2794 0 # dummy
2795 0 # dummy
2796 0 # dummy
2797 0 # dummy
2798 0 # dummy
2799 0 # dummy
2800 0 # dummy
2801 0 # dummy
2802 0 # dummy
2803 0 # dummy
2804 0 # dummy
2805 0 # dummy
2806 0 # dummy
2807 0 # dummy
2808 0 # dummy
2809 0 # dummy
2810 0 # dummy
2811 0 # dummy
2812 0 # dummy
2813 0 # dummy
2814 0 # dummy
2815 0 # dummy
2816 0 # dummy
2817 0 # dummy
2818 0 # dummy
2819 0 # dummy
2820 0 # dummy
2821 0 # dummy
2822 0 # dummy
2823 0 # dummy
2824 0 # dummy
2825 0 # dummy
2826 0 # dummy
2827 0 # dummy
2828 0 # dummy
2829 0 # dummy
2830 0 # dummy
2831 0 # dummy
2832 0 # dummy
2833 0 # dummy
2834 0 # dummy
2835 0 # dummy
2836 0 # dummy
2837 0 # dummy
2838 0 # dummy
2839 0 # dummy
2840 0 # dummy
2841 0 # dummy
2842 0 # dummy
2843 0 # dummy
2844 0 # dummy
2845 0 # dummy
2846 0 # dummy
2847 0 # dummy
2848 0 # dummy
2849 0 # dummy
2850 0 # dummy
2851 0 # dummy
2852 0 # dummy
2853 0 # dummy
2854 0 # dummy
2855 0 # dummy
2856 0 # dummy
2857 0 # dummy
2858 0 # dummy
2859 0 # dummy
2860 0 # dummy
2861 0 # dummy
2862 0 # dummy
2863 0 # dummy
2864 0 # dummy
2865 0 # dummy
2866 0 # dummy
2867 0 # dummy
2868 0 # dummy
2869 0 # dummy
2870 0 # dummy
2871 0 # dummy
2872 0 # dummy
2873 0 # dummy
2874 0 # dummy
2875 0 # dummy
2876 0 # dummy
2877 0 # dummy
2878 0 # dummy
2879 0 # dummy
2880 0 # dummy
2881 0 # dummy
2882 0 # dummy
2883 0 # dummy
2884 0 # dummy
2885 0 # dummy
2886 0 # dummy
2887 0 # dummy
2888 0 # dummy
2889 0 # dummy
2890 0 # dummy
2891 0 # dummy
2892 0 # dummy
2893 0 # dummy
2894 0 # dummy
2895 0 # dummy
2896 0 # dummy
2897 0 # dummy
2898 0 # dummy
2899 0 # dummy
2900 0 # dummy
2901 0 # dummy
2902 0 # dummy
2903 0 # dummy
2904 0 # dummy
2905 0 # dummy
2906 0 # dummy
2907 0 # dummy
2908 0 # dummy
2909 0 # dummy
2910 0 # dummy
2911 0 # dummy
2912 0 # dummy
2913 0 # dummy
2914 0 # dummy
2915 0 # dummy
2916 0 # dummy
2917 0 # dummy
2918 0 # dummy
2919 0 # dummy
2920 0 # dummy
2921 0 # dummy
2922 0 # dummy
2923 0 # dummy
2924 0 # dummy
2925 0 # dummy
2926 0 # dummy
2927 0 # dummy
2928 0 # dummy
2929 0 # dummy
2930 0 # dummy
2931 0 # dummy
2932 0 # dummy
2933 0 # dummy
2934 0 # dummy
2935 0 # dummy
2936 0 # dummy
2937 0 # dummy
2938 0 # dummy
2939 0 # dummy
2940 0 # dummy
2941 0 # dummy
2942 0 # dummy
2943 0 # dummy
2944 0 # dummy
2945 0 # dummy
2946 0 # dummy
2947 0 # dummy
2948 0 # dummy
2949 0 # dummy
2950 0 # dummy
2951 0 # dummy
2952 0 # dummy
2953 0 # dummy
2954 0 # dummy
2955 0 # dummy
2956 0 # dummy
2957 0 # dummy
2958 0 # dummy
2959 0 # dummy
2960 0 # dummy
2961 0 # dummy
2962 0 # dummy
2963 0 # dummy
2964 0 # dummy
2965 0 # dummy
2966 0 # dummy
2967 0 # dummy
2968 0 # dummy
2969 0 # dummy
2970 0 # dummy
2971 0 # dummy
2972 0 # dummy
2973 0 # dummy
2974 0 # dummy
2975 0 # dummy
2976 0 # dummy
2977 0 # dummy
2978 0 # dummy
2979 0 # dummy
2980 0 # dummy
2981 0 # dummy
2982 0 # dummy
2983 0 # dummy
2984 0 # dummy
2985 0 # dummy
2986 0 # dummy
2987 0 # dummy
2988 0 # dummy
2989 0 # dummy
2990 0 # dummy
2991 0 # dummy
2992 0 # dummy
2993 0 # dummy
2994 0 # dummy
2995 0 # dummy
2996 0 # dummy
2997 0 # dummy
2998 0 # dummy
2999 0 # dummy
3000 0 # dummy
3001 0 # dummy
3002 0 # dummy
3003 0 # dummy
3004 0 # dummy
3005 0 # dummy
3006 0 # dummy
3007 0 # dummy
3008 0 # dummy
3009 0 # dummy
3010 0 # dummy
3011 0 # dummy
3012 0 # dummy
3013 0 # dummy
3014 0 # dummy
3015 0 # dummy
3016 0 # dummy
3017 0 # dummy
3018 0 # dummy
3019 0 # dummy
3020 0 # dummy
3021 0 # dummy
3022 0 # dummy
3023 0 # dummy
3024 0 # dummy
3025 0 # dummy
3026 0 # dummy
3027 0 # dummy
3028 0 # dummy
3029 0 # dummy
3030 0 # dummy
3031 0 # dummy
3032 0 # dummy
3033 0 # dummy
3034 0 # dummy
3035 0 # dummy
3036 0 # dummy
3037 0 # dummy
3038 0 # dummy
3039 0 # dummy
3040 0 # dummy
3041 0 # dummy
3042 0 # dummy
3043 0 # dummy
3044 0 # dummy
3045 0 # dummy
3046 0 # dummy
3047 0 # dummy
3048 0 # dummy
3049 0 # dummy
3050 0 # dummy
3051 0 # dummy
3052 0 # dummy
3053 0 # dummy
3054 0 # dummy
3055 0 # dummy
3056 0 # dummy
3057 0 # dummy
3058 0 # dummy
3059 0 # dummy
3060 0 # dummy
3061 0 # dummy
3062 0 # dummy
3063 0 # dummy
3064 0 # dummy
3065 0 # dummy
3066 0 # dummy
3067 0 # dummy
3068 0 # dummy
3069 0 # dummy
3070 0 # dummy
3071 0 # dummy
3072 0 # dummy
3073 0 # dummy
3074 0 # dummy
3075 0 # dummy
3076 0 # dummy
3077 0 # dummy
3078 0 # dummy
3079 0 # dummy
3080 0 # dummy
3081 0 # dummy
3082 0 # dummy
3083 0 # dummy
3084 0 # dummy
3085 0 # dummy
3086 0 # dummy
3087 0 # dummy
3088 0 # dummy
3089 0 # dummy
3090 0 # dummy
3091 0 # dummy
3092 0 # dummy
3093 0 # dummy
3094 0 # dummy
3095 0 # dummy
3096 0 # dummy
3097 0 # dummy
3098 0 # dummy
3099 0 # dummy
3100 0 # dummy
3101 0 # dummy
3102 0 # dummy
3103 0 # dummy
3104 0 # dummy
3105 0 # dummy
3106 0 # dummy
3107 0 # dummy
3108 0 # dummy
3109 0 # dummy
3110 0 # dummy
3111 0 # dummy
3112 0 # dummy
3113 0 # dummy
3114 0 # dummy
3115 0 # dummy
3116 0 # dummy
3117 0 # dummy
3118 0 # dummy
3119 0 # dummy
3120 0 # dummy
3121 0 # dummy
3122 0 # dummy
3123 0 # dummy
3124 0 # dummy
3125 0 # dummy
3126 0 # dummy
3127 0 # dummy
3128 0 # dummy
3129 0 # dummy
3130 0 # dummy
3131 0 # dummy
3132 0 # dummy
3133 0 # dummy
3134 0 # dummy
3135 0 # dummy
3136 0 # dummy
3137 0 # dummy
3138 0 # dummy
3139 0 # dummy
3140 0 # dummy
3141 0 # dummy
3142 0 # dummy
3143 0 # dummy
3144 0 # dummy
3145 0 # dummy
3146 0 # dummy
3147 0 # dummy
3148 0 # dummy
3149 0 # dummy
3150 0 # dummy
3151 0 # dummy
3152 0 # dummy
3153 0 # dummy
3154 0 # dummy
3155 0 # dummy
3156 0 # dummy
3157 0 # dummy
3158 0 # dummy
3159 0 # dummy
3160 0 # dummy
3161 0 # dummy
3162 0 # dummy
3163 0 # dummy
3164 0 # dummy
3165 0 # dummy
3166 0 # dummy
3167 0 # dummy
3168 0 # dummy
3169 0 # dummy
3170 0 # dummy
3171 0 # dummy
3172 0 # dummy
3173 0 # dummy
3174 0 # dummy
3175 0 # dummy
3176 0 # dummy
3177 0 # dummy
3178 0 # dummy
3179 0 # dummy
3180 0 # dummy
3181 0 # dummy
3182 0 # dummy
3183 0 # dummy
3184 0 # dummy
3185 0 # dummy
3186 0 # dummy
3187 0 # dummy
3188 0 # dummy
3189 0 # dummy
3190 0 # dummy
3191 0 # dummy
3192 0 # dummy
3193 0 # dummy
3194 0 # dummy
3195 0 # dummy
3196 0 # dummy
3197 0 # dummy
3198 0 # dummy
3199 0 # dummy
3200 0 # dummy
3201 0 # dummy
3202 0 # dummy
3203 0 # dummy
3204 0 # dummy
3205 0 # dummy
3206 0 # dummy
3207 0 # dummy
3208 0 # dummy
3209 0 # dummy
3210 0 # dummy
3211 0 # dummy
3212 0 # dummy
3213 0 # dummy
3214 0 # dummy
3215 0 # dummy
3216 0 # dummy
3217 0 # dummy
3218 0 # dummy
3219 0 # dummy
3220 0 # dummy
3221 0 # dummy
3222 0 # dummy
3223 0 # dummy
3224 0 # dummy
3225 0 # dummy
3226 0 # dummy
3227 0 # dummy
3228 0 # dummy
3229 0 # dummy
3230 0 # dummy
3231 0 # dummy
3232 0 # dummy
3233 0 # dummy
3234 0 # dummy
3235 0 # dummy
3236 0 # dummy
3237 0 # dummy
3238 0 # dummy
3239 0 # dummy
3240 0 # dummy
3241 0 # dummy
3242 0 # dummy
3243 0 # dummy
3244 0 # dummy
3245 0 # dummy
3246 0 # dummy
3247 0 # dummy
3248 0 # dummy
3249 0 # dummy
3250 0 # dummy
3251 0 # dummy
3252 0 # dummy
3253 0 # dummy
3254 0 # dummy
3255 0 # dummy
3256 0 # dummy
3257 0 # dummy
3258 0 # dummy
3259 0 # dummy
3260 0 # dummy
3261 0 # dummy
3262 0 # dummy
3263 0 # dummy
3264 0 # dummy
3265 0 # dummy
3266 0 # dummy
3267 0 # dummy
3268 0 # dummy
3269 0 # dummy
3270 0 # dummy
3271 0 # dummy
3272 0 # dummy
3273 0 # dummy
3274 0 # dummy
3275 0 # dummy
3276 0 # dummy
3277 0 # dummy
3278 0 # dummy
3279 0 # dummy
3280 0 # dummy
3281 0 # dummy
3282 0 # dummy
3283 0 # dummy
3284 0 # dummy
3285 0 # dummy
3286 0 # dummy
3287 0 # dummy
3288 0 # dummy
3289 0 # dummy
3290 0 # dummy
3291 0 # dummy
3292 0 # dummy
3293 0 # dummy
3294 0 # dummy
3295 0 # dummy
3296 0 # dummy
3297 0 # dummy
3298 0 # dummy
3299 0 # dummy
3300 0 # dummy
3301 0 # dummy
3302 0 # dummy
3303 0 # dummy
3304 0 # dummy
3305 0 # dummy
3306 0 # dummy
3307 0 # dummy
3308 0 # dummy
3309 0 # dummy
3310 0 # dummy
3311 0 # dummy
3312 0 # dummy
3313 0 # dummy
3314 0 # dummy
3315 0 # dummy
3316 0 # dummy
3317 0 # dummy
3318 0 # dummy
3319 0 # dummy
3320 0 # dummy
3321 0 # dummy
3322 0 # dummy
3323 0 # dummy
3324 0 # dummy
3325 0 # dummy
3326 0 # dummy
3327 0 # dummy
3328 0 # dummy
3329 0 # dummy
3330 0 # dummy
3331 0 # dummy
3332 0 # dummy
3333 0 # dummy
3334 0 # dummy
3335 0 # dummy
3336 0 # dummy
3337 0 # dummy
3338 0 # dummy
3339 0 # dummy
3340 0 # dummy
3341 0 # dummy
3342 0 # dummy
3343 0 # dummy
3344 0 # dummy
3345 0 # dummy
3346 0 # dummy
3347 0 # dummy
3348 0 # dummy
3349 0 # dummy
3350 0 # dummy
3351 0 # dummy
3352 0 # dummy
3353 0 # dummy
3354 0 # dummy
3355 0 # dummy
3356 0 # dummy
3357 0 # dummy
3358 0 # dummy
3359 0 # dummy
3360 0 # dummy
3361 0 # dummy
3362 0 # dummy
3363 0 # dummy
3364 0 # dummy
3365 0 # dummy
3366 0 # dummy
3367 0 # dummy
3368 0 # dummy
3369 0 # dummy
3370 0 # dummy
3371 0 # dummy
3372 0 # dummy
3373 0 # dummy
3374 0 # dummy
3375 0 # dummy
3376 0 # dummy
3377 0 # dummy
3378 0 # dummy
3379 0 # dummy
3380 0 # dummy
3381 0 # dummy
3382 0 # dummy
3383 0 # dummy
3384 0 # dummy
3385 0 # dummy
3386 0 # dummy
3387 0 # dummy
3388 0 # dummy
3389 0 # dummy
3390 0 # dummy
3391 0 # dummy
3392 0 # dummy
3393 0 # dummy
3394 0 # dummy
3395 0 # dummy
3396 0 # dummy
3397 0 # dummy
3398 0 # dummy
3399 0 # dummy
3400 0 # dummy
3401 0 # dummy
3402 0 # dummy
3403 0 # dummy
3404 0 # dummy
3405 0 # dummy
3406 0 # dummy
3407 0 # dummy
3408 0 # dummy
3409 0 # dummy
3410 0 # dummy
3411 0 # dummy
3412 0 # dummy
3413 0 # dummy
3414 0 # dummy
3415 0 # dummy
3416 0 # dummy
3417 0 # dummy
3418 0 # dummy
3419 0 # dummy
3420 0 # dummy
3421 0 # dummy
3422 0 # dummy
3423 0 # dummy
3424 0 # dummy
3425 0 # dummy
3426 0 # dummy
3427 0 # dummy
3428 0 # dummy
3429 0 # dummy
3430 0 # dummy
3431 0 # dummy
3432 0 # dummy
3433 0 # dummy
3434 0 # dummy
3435 0 # dummy
3436 0 # dummy
3437 0 # dummy
3438 0 # dummy
3439 0 # dummy
3440 0 # dummy
3441 0 # dummy
3442 0 # dummy
3443 0 # dummy
3444 0 # dummy
3445 0 # dummy
3446 0 # dummy
3447 0 # dummy
3448 0 # dummy
3449 0 # dummy
3450 0 # dummy
3451 0 # dummy
3452 0 # dummy
3453 0 # dummy
3454 0 # dummy
3455 0 # dummy
3456 0 # dummy
3457 0 # dummy
3458 0 # dummy
3459 0 # dummy
3460 0 # dummy
3461 0 # dummy
3462 0 # dummy
3463 0 # dummy
3464 0 # dummy
3465 0 # dummy
3466 0 # dummy
3467 0 # dummy
3468 0 # dummy
3469 0 # dummy
3470 0 # dummy
3471 0 # dummy
3472 0 # dummy
3473 0 # dummy
3474 0 # dummy
3475 0 # dummy
3476 0 # dummy
3477 0 # dummy
3478 0 # dummy
3479 0 # dummy
3480 0 # dummy
3481 0 # dummy
3482 0 # dummy
3483 0 # dummy
3484 0 # dummy
3485 0 # dummy
3486 0 # dummy
3487 0 # dummy
3488 0 # dummy
3489 0 # dummy
3490 0 # dummy
3491 0 # dummy
3492 0 # dummy
3493 0 # dummy
3494 0 # dummy
3495 0 # dummy
3496 0 # dummy
3497 0 # dummy
3498 0 # dummy
3499 0 # dummy
3500 0 # dummy
3501 0 # dummy
3502 0 # dummy
3503 0 # dummy
3504 0 # dummy
3505 0 # dummy
3506 0 # dummy
3507 0 # dummy
3508 0 # dummy
3509 0 # dummy
3510 0 # dummy
3511 0 # dummy
3512 0 # dummy
3513 0 # dummy
3514 0 # dummy
3515 0 # dummy
3516 0 # dummy
3517 0 # dummy
3518 0 # dummy
3519 0 # dummy
3520 0 # dummy
3521 0 # dummy
3522 0 # dummy
3523 0 # dummy
3524 0 # dummy
3525 0 # dummy
3526 0 # dummy
3527 0 # dummy
3528 0 # dummy
3529 0 # dummy
3530 0 # dummy
3531 0 # dummy
3532 0 # dummy
3533 0 # dummy
3534 0 # dummy
3535 0 # dummy
3536 0 # dummy
3537 0 # dummy
3538 0 # dummy
3539 0 # dummy
3540 0 # dummy
3541 0 # dummy
3542 0 # dummy
3543 0 # dummy
3544 0 # dummy
3545 0 # dummy
3546 0 # dummy
3547 0 # dummy
3548 0 # dummy
3549 0 # dummy
3550 0 # dummy
3551 0 # dummy
3552 0 # dummy
3553 0 # dummy
3554 0 # dummy
3555 0 # dummy
3556 0 # dummy
3557 0 # dummy
3558 0 # dummy
3559 0 # dummy
3560 0 # dummy
3561 0 # dummy
3562 0 # dummy
3563 0 # dummy
3564 0 # dummy
3565 0 # dummy
3566 0 # dummy
3567 0 # dummy
3568 0 # dummy
3569 0 # dummy
3570 0 # dummy
3571 0 # dummy
3572 0 # dummy
3573 0 # dummy
3574 0 # dummy
3575 0 # dummy
3576 0 # dummy
3577 0 # dummy
3578 0 # dummy
3579 0 # dummy
3580 0 # dummy
3581 0 # dummy
3582 0 # dummy
3583 0 # dummy
3584 0 # dummy
3585 0 # dummy
3586 0 # dummy
3587 0 # dummy
3588 0 # dummy
3589 0 # dummy
3590 0 # dummy
3591 0 # dummy
3592 0 # dummy
3593 0 # dummy
3594 0 # dummy
3595 0 # dummy
3596 0 # dummy
3597 0 # dummy
3598 0 # dummy
3599 0 # dummy
3600 0 # dummy
3601 0 # dummy
3602 0 # dummy
3603 0 # dummy
3604 0 # dummy
3605 0 # dummy
3606 0 # dummy
3607 0 # dummy
3608 0 # dummy
3609 0 # dummy
3610 0 # dummy
3611 0 # dummy
3612 0 # dummy
3613 0 # dummy
3614 0 # dummy
3615 0 # dummy
3616 0 # dummy
3617 0 # dummy
3618 0 # dummy
3619 0 # dummy
3620 0 # dummy
3621 0 # dummy
3622 0 # dummy
3623 0 # dummy
3624 0 # dummy
3625 0 # dummy
3626 0 # dummy
3627 0 # dummy
3628 0 # dummy
3629 0 # dummy
3630 0 # dummy
3631 0 # dummy
3632 0 # dummy
3633 0 # dummy
3634 0 # dummy
3635 0 # dummy
3636 0 # dummy
3637 0 # dummy
3638 0 # dummy
3639 0 # dummy
3640 0 # dummy
3641 0 # dummy
3642 0 # dummy
3643 0 # dummy
3644 0 # dummy
3645 0 # dummy
3646 0 # dummy
3647 0 # dummy
3648 0 # dummy
3649 0 # dummy
3650 0 # dummy
3651 0 # dummy
3652 0 # dummy
3653 0 # dummy
3654 0 # dummy
3655 0 # dummy
3656 0 # dummy
3657 0 # dummy
3658 0 # dummy
3659 0 # dummy
3660 0 # dummy
3661 0 # dummy
3662 0 # dummy
3663 0 # dummy
3664 0 # dummy
3665 0 # dummy
3666 0 # dummy
3667 0 # dummy
3668 0 # dummy
3669 0 # dummy
3670 0 # dummy
3671 0 # dummy
3672 0 # dummy
3673 0 # dummy
3674 0 # dummy
3675 0 # dummy
3676 0 # dummy
3677 0 # dummy
3678 0 # dummy
3679 0 # dummy
3680 0 # dummy
3681 0 # dummy
3682 0 # dummy
3683 0 # dummy
3684 0 # dummy
3685 0 # dummy
3686 0 # dummy
3687 0 # dummy
3688 0 # dummy
3689 0 # dummy
3690 0 # dummy
3691 0 # dummy
3692 0 # dummy
3693 0 # dummy
3694 0 # dummy
3695 0 # dummy
3696 0 # dummy
3697 0 # dummy
3698 0 # dummy
3699 0 # dummy
3700 0 # dummy
3701 0 # dummy
3702 0 # dummy
3703 0 # dummy
3704 0 # dummy
3705 0 # dummy
3706 0 # dummy
3707 0 # dummy
3708 0 # dummy
3709 0 # dummy
3710 0 # dummy
3711 0 # dummy
3712 0 # dummy
3713 0 # dummy
3714 0 # dummy
3715 0 # dummy
3716 0 # dummy
3717 0 # dummy
3718 0 # dummy
3719 0 # dummy
3720 0 # dummy
3721 0 # dummy
3722 0 # dummy
3723 0 # dummy
3724 0 # dummy
3725 0 # dummy
3726 0 # dummy
3727 0 # dummy
3728 0 # dummy
3729 0 # dummy
3730 0 # dummy
3731 0 # dummy
3732 0 # dummy
3733 0 # dummy
3734 0 # dummy
3735 0 # dummy
3736 0 # dummy
3737 0 # dummy
3738 0 # dummy
3739 0 # dummy
3740 0 # dummy
3741 0 # dummy
3742 0 # dummy
3743 0 # dummy
3744 0 # dummy
3745 0 # dummy
3746 0 # dummy
3747 0 # dummy
3748 0 # dummy
3749 0 # dummy
3750 0 # dummy
3751 0 # dummy
3752 0 # dummy
3753 0 # dummy
3754 0 # dummy
3755 0 # dummy
3756 0 # dummy
3757 0 # dummy
3758 0 # dummy
3759 0 # dummy
3760 0 # dummy
3761 0 # dummy
3762 0 # dummy
3763 0 # dummy
3764 0 # dummy
3765 0 # dummy
3766 0 # dummy
3767 0 # dummy
3768 0 # dummy
3769 0 # dummy
3770 0 # dummy
3771 0 # dummy
3772 0 # dummy
3773 0 # dummy
3774 0 # dummy
3775 0 # dummy
3776 0 # dummy
3777 0 # dummy
3778 0 # dummy
3779 0 # dummy
3780 0 # dummy
3781 0 # dummy
3782 0 # dummy
3783 0 # dummy
3784 0 # dummy
3785 0 # dummy
3786 0 # dummy
3787 0 # dummy
3788 0 # dummy
3789 0 # dummy
3790 0 # dummy
3791 0 # dummy
3792 0 # dummy
3793 0 # dummy
3794 0 # dummy
3795 0 # dummy
3796 0 # dummy
3797 0 # dummy
3798 0 # dummy
3799 0 # dummy
3800 0 # dummy
3801 0 # dummy
3802 0 # dummy
3803 0 # dummy
3804 0 # dummy
3805 0 # dummy
3806 0 # dummy
3807 0 # dummy
3808 0 # dummy
3809 0 # dummy
3810 0 # dummy
3811 0 # dummy
3812 0 # dummy
3813 0 # dummy
3814 0 # dummy
3815 0 # dummy
3816 0 # dummy
3817 0 # dummy
3818 0 # dummy
3819 0 # dummy
3820 0 # dummy
3821 0 # dummy
3822 0 # dummy
3823 0 # dummy
3824 0 # dummy
3825 0 # dummy
3826 0 # dummy
3827 0 # dummy
3828 0 # dummy
3829 0 # dummy
3830 0 # dummy
3831 0 # dummy
3832 0 # dummy
3833 0 # dummy
3834 0 # dummy
3835 0 # dummy
3836 0 # dummy
3837 0 # dummy
3838 0 # dummy
3839 0 # dummy
3840 0 # dummy
3841 0 # dummy
3842 0 # dummy
3843 0 # dummy
3844 0 # dummy
3845 0 # dummy
3846 0 # dummy
3847 0 # dummy
3848 0 # dummy
3849 0 # dummy
3850 0 # dummy
3851 0 # dummy
3852 0 # dummy
3853 0 # dummy
3854 0 # dummy
3855 0 # dummy
3856 0 # dummy
3857 0 # dummy
3858 0 # dummy
3859 0 # dummy
3860 0 # dummy
3861 0 # dummy
3862 0 # dummy
3863 0 # dummy
3864 0 # dummy
3865 0 # dummy
3866 0 # dummy
3867 0 # dummy
3868 0 # dummy
3869 0 # dummy
3870 0 # dummy
3871 0 # dummy
3872 0 # dummy
3873 0 # dummy
3874 0 # dummy
3875 0 # dummy
3876 0 # dummy
3877 0 # dummy
3878 0 # dummy
3879 0 # dummy
3880 0 # dummy
3881 0 # dummy
3882 0 # dummy
3883 0 # dummy
3884 0 # dummy
3885 0 # dummy
3886 0 # dummy
3887 0 # dummy
3888 0 # dummy
3889 0 # dummy
3890 0 # dummy
3891 0 # dummy
3892 0 # dummy
3893 0 # dummy
3894 0 # dummy
3895 0 # dummy
3896 0 # dummy
3897 0 # dummy
3898 0 # dummy
3899 0 # dummy
3900 0 # dummy
3901 0 # dummy
3902 0 # dummy
3903 0 # dummy
3904 0 # dummy
3905 0 # dummy
3906 0 # dummy
3907 0 # dummy
3908 0 # dummy
3909 0 # dummy
3910 0 # dummy
3911 0 # dummy
3912 0 # dummy
3913 0 # dummy
3914 0 # dummy
3915 0 # dummy
3916 0 # dummy
3917 0 # dummy
3918 0 # dummy
3919 0 # dummy
3920 0 # dummy
3921 0 # dummy
3922 0 # dummy
3923 0 # dummy
3924 0 # dummy
3925 0 # dummy
3926 0 # dummy
3927 0 # dummy
3928 0 # dummy
3929 0 # dummy
3930 0 # dummy
3931 0 # dummy
3932 0 # dummy
3933 0 # dummy
3934 0 # dummy
3935 0 # dummy
3936 0 # dummy
3937 0 # dummy
3938 0 # dummy
3939 0 # dummy
3940 0 # dummy
3941 0 # dummy
3942 0 # dummy
3943 0 # dummy
3944 0 # dummy
3945 0 # dummy
3946 0 # dummy
3947 0 # dummy
3948 0 # dummy
3949 0 # dummy
3950 0 # dummy
3951 0 # dummy
3952 0 # dummy
3953 0 # dummy
3954 0 # dummy
3955 0 # dummy
3956 0 # dummy
3957 0 # dummy
3958 0 # dummy
3959 0 # dummy
3960 0 # dummy
3961 0 # dummy
3962 0 # dummy
3963 0 # dummy
3964 0 # dummy
3965 0 # dummy
3966 0 # dummy
3967 0 # dummy
3968 0 # dummy
3969 0 # dummy
3970 0 # dummy
3971 0 # dummy
3972 0 # dummy
3973 0 # dummy
3974 0 # dummy
3975 0 # dummy
3976 0 # dummy
3977 0 # dummy
3978 0 # dummy
3979 0 # dummy
3980 0 # dummy
3981 0 # dummy
3982 0 # dummy
3983 0 # dummy
3984 0 # dummy
3985 0 # dummy
3986 0 # dummy
3987 0 # dummy
3988 0 # dummy
3989 0 # dummy
3990 0 # dummy
3991 0 # dummy
3992 0 # dummy
3993 0 # dummy
3994 0 # dummy
3995 0 # dummy
3996 0 # dummy
3997 0 # dummy
3998 0 # dummy
3999 0 # dummy
4000 0 # dummy
4001 0 # dummy
4002 0 # dummy
4003 0 # dummy
4004 0 # dummy
4005 0 # dummy
4006 0 # dummy
4007 0 # dummy
4008 0 # dummy
4009 0 # dummy
4010 0 # dummy
4011 0 # dummy
4012 0 # dummy
4013 0 # dummy
4014 0 # dummy
4015 0 # dummy
4016 0 # dummy
4017 0 # dummy
4018 0 # dummy
4019 0 # dummy
4020 0 # dummy
4021 0 # dummy
4022 0 # dummy
4023 0 # dummy
4024 0 # dummy
4025 0 # dummy
4026 0 # dummy
4027 0 # dummy
4028 0 # dummy
4029 0 # dummy
4030 0 # dummy
4031 0 # dummy
4032 0 # dummy
4033 0 # dummy
4034 0 # dummy
4035 0 # dummy
4036 0 # dummy
4037 0 # dummy
4038 0 # dummy
4039 0 # dummy
4040 0 # dummy
4041 0 # dummy
4042 0 # dummy
4043 0 # dummy
4044 0 # dummy
4045 0 # dummy
4046 0 # dummy
4047 0 # dummy
4048 0 # dummy
4049 0 # dummy
4050 0 # dummy
4051 0 # dummy
4052 0 # dummy
4053 0 # dummy
4054 0 # dummy
4055 0 # dummy
4056 0 # dummy
4057 0 # dummy
4058 0 # dummy
4059 0 # dummy
4060 0 # dummy
4061 0 # dummy
4062 0 # dummy
4063 0 # dummy
4064 0 # dummy
4065 0 # dummy
4066 0 # dummy
4067 0 # dummy
4068 0 # dummy
4069 0 # dummy
4070 0 # dummy
4071 0 # dummy
4072 0 # dummy
4073 0 # dummy
4074 0 # dummy
4075 0 # dummy
4076 0 # dummy
4077 0 # dummy
4078 0 # dummy
4079 0 # dummy
4080 0 # dummy
4081 0 # dummy
4082 0 # dummy
4083 0 # dummy
4084 0 # dummy
4085 0 # dummy
4086 0 # dummy
4087 0 # dummy
4088 0 # dummy
4089 0 # dummy
4090 0 # dummy
4091 0 # dummy
4092 0 # dummy
4093 0 # dummy
4094 0 # dummy
4095 0 # dummy
