# columns 
# CaloToolMPEtaBin PtMin PtMax avgPt IEtaBin_forLUT_col1 PtBin_forLUT SF
0 0 0 0 0 0 1.000000   # ieta [1], pt 0
0 1 15 8 0 1 1.575358
0 16 16 16 0 2 1.587441
0 17 17 17 0 3 1.594095
0 18 18 18 0 4 1.597824
0 19 19 19 0 5 1.589502
0 20 20 20 0 6 1.594338
0 21 21 21 0 7 1.594684
0 22 22 22 0 8 1.594684
0 23 23 23 0 9 1.595157
0 24 24 24 0 10 1.598569
0 25 25 25 0 11 1.598146
0 26 26 26 0 12 1.601883
0 27 27 27 0 13 1.594102
0 28 28 28 0 14 1.595385
0 29 29 29 0 15 1.592484
0 30 30 30 0 16 1.587653
0 31 31 31 0 17 1.586257
0 32 33 33 0 18 1.577474
0 34 35 35 0 19 1.560549
0 36 37 37 0 20 1.542911
0 38 39 39 0 21 1.527779
0 40 41 41 0 22 1.520236
0 42 43 43 0 23 1.505016
0 44 45 45 0 24 1.496463
0 46 47 47 0 25 1.473443
0 48 49 49 0 26 1.472600
0 50 51 51 0 27 1.453978
0 52 53 53 0 28 1.448235
0 54 55 55 0 29 1.443688
0 56 57 57 0 30 1.432589
0 58 59 59 0 31 1.426807
0 60 61 61 0 32 1.417771
0 62 64 63 0 33 1.412820
0 65 67 66 0 34 1.396848
0 68 70 69 0 35 1.392098
0 71 73 72 0 36 1.387641
0 74 76 75 0 37 1.374911
0 77 79 78 0 38 1.373330
0 80 82 81 0 39 1.367848
0 83 85 84 0 40 1.355128
0 86 88 87 0 41 1.351882
0 89 91 90 0 42 1.347682
0 92 94 93 0 43 1.345232
0 95 97 96 0 44 1.336827
0 98 100 99 0 45 1.327056
0 101 103 102 0 46 1.321416
0 104 109 107 0 47 1.310777
0 110 115 113 0 48 1.297722
0 116 121 119 0 49 1.297012
0 122 127 125 0 50 1.278749
0 128 133 131 0 51 1.275912
0 134 139 137 0 52 1.274350
0 140 145 143 0 53 1.269156
0 146 151 149 0 54 1.260218
0 152 157 155 0 55 1.260387
0 158 163 161 0 56 1.256125
0 164 169 167 0 57 1.250763
0 170 175 173 0 58 1.250625
0 176 181 179 0 59 1.240010
0 182 187 185 0 60 1.233572
0 188 193 191 0 61 1.228357
0 194 254 224 0 62 1.209047
0 255 255 255 0 63 1.186646
1 0 0 0 1 0 1.000000   # ieta [2], pt 0
1 1 15 8 1 1 1.630371
1 16 16 16 1 2 1.643410
1 17 17 17 1 3 1.651331
1 18 18 18 1 4 1.655193
1 19 19 19 1 5 1.645726
1 20 20 20 1 6 1.650733
1 21 21 21 1 7 1.651091
1 22 22 22 1 8 1.651091
1 23 23 23 1 9 1.649446
1 24 24 24 1 10 1.648297
1 25 25 25 1 11 1.646762
1 26 26 26 1 12 1.643833
1 27 27 27 1 13 1.622589
1 28 28 28 1 14 1.621340
1 29 29 29 1 15 1.615784
1 30 30 30 1 16 1.604713
1 31 31 31 1 17 1.603079
1 32 33 33 1 18 1.593371
1 34 35 35 1 19 1.576918
1 36 37 37 1 20 1.558518
1 38 39 39 1 21 1.541504
1 40 41 41 1 22 1.534266
1 42 43 43 1 23 1.514815
1 44 45 45 1 24 1.505512
1 46 47 47 1 25 1.481766
1 48 49 49 1 26 1.480143
1 50 51 51 1 27 1.461930
1 52 53 53 1 28 1.456664
1 54 55 55 1 29 1.452090
1 56 57 57 1 30 1.442353
1 58 59 59 1 31 1.436531
1 60 61 61 1 32 1.427378
1 62 64 63 1 33 1.422284
1 65 67 66 1 34 1.404788
1 68 70 69 1 35 1.398302
1 71 73 72 1 36 1.393734
1 74 76 75 1 37 1.380768
1 77 79 78 1 38 1.379426
1 80 82 81 1 39 1.374105
1 83 85 84 1 40 1.361452
1 86 88 87 1 41 1.358191
1 89 91 90 1 42 1.353971
1 92 94 93 1 43 1.351511
1 95 97 96 1 44 1.343549
1 98 100 99 1 45 1.333729
1 101 103 102 1 46 1.328061
1 104 109 107 1 47 1.317368
1 110 115 113 1 48 1.304247
1 116 121 119 1 49 1.303504
1 122 127 125 1 50 1.285006
1 128 133 131 1 51 1.281828
1 134 139 137 1 52 1.279928
1 140 145 143 1 53 1.273861
1 146 151 149 1 54 1.263930
1 152 157 155 1 55 1.264099
1 158 163 161 1 56 1.259825
1 164 169 167 1 57 1.254447
1 170 175 173 1 58 1.254309
1 176 181 179 1 59 1.243663
1 182 187 185 1 60 1.237206
1 188 193 191 1 61 1.232197
1 194 254 224 1 62 1.212891
1 255 255 255 1 63 1.190666
2 0 0 0 2 0 1.000000   # ieta [3], pt 0
2 1 15 8 2 1 1.669689
2 16 16 16 2 2 1.663648
2 17 17 17 2 3 1.651796
2 18 18 18 2 4 1.649952
2 19 19 19 2 5 1.649943
2 20 20 20 2 6 1.654963
2 21 21 21 2 7 1.655322
2 22 22 22 2 8 1.655322
2 23 23 23 2 9 1.653834
2 24 24 24 2 10 1.655577
2 25 25 25 2 11 1.654271
2 26 26 26 2 12 1.650401
2 27 27 27 2 13 1.632671
2 28 28 28 2 14 1.631769
2 29 29 29 2 15 1.627080
2 30 30 30 2 16 1.615578
2 31 31 31 2 17 1.613932
2 32 33 33 2 18 1.602537
2 34 35 35 2 19 1.585336
2 36 37 37 2 20 1.566838
2 38 39 39 2 21 1.549430
2 40 41 41 2 22 1.541713
2 42 43 43 2 23 1.521634
2 44 45 45 2 24 1.511199
2 46 47 47 2 25 1.486811
2 48 49 49 2 26 1.484928
2 50 51 51 2 27 1.465932
2 52 53 53 2 28 1.459925
2 54 55 55 2 29 1.455259
2 56 57 57 2 30 1.444995
2 58 59 59 2 31 1.438429
2 60 61 61 2 32 1.428533
2 62 64 63 2 33 1.423434
2 65 67 66 2 34 1.405788
2 68 70 69 2 35 1.399040
2 71 73 72 2 36 1.394470
2 74 76 75 2 37 1.381207
2 77 79 78 2 38 1.379866
2 80 82 81 2 39 1.374543
2 83 85 84 2 40 1.361886
2 86 88 87 2 41 1.358624
2 89 91 90 2 42 1.354403
2 92 94 93 2 43 1.351941
2 95 97 96 2 44 1.343977
2 98 100 99 2 45 1.334154
2 101 103 102 2 46 1.328484
2 104 109 107 2 47 1.317787
2 110 115 113 2 48 1.304663
2 116 121 119 2 49 1.303920
2 122 127 125 2 50 1.285415
2 128 133 131 2 51 1.282236
2 134 139 137 2 52 1.280335
2 140 145 143 2 53 1.274267
2 146 151 149 2 54 1.264333
2 152 157 155 2 55 1.264502
2 158 163 161 2 56 1.260226
2 164 169 167 2 57 1.254847
2 170 175 173 2 58 1.254709
2 176 181 179 2 59 1.244059
2 182 187 185 2 60 1.237600
2 188 193 191 2 61 1.232589
2 194 254 224 2 62 1.213277
2 255 255 255 2 63 1.191045
3 0 0 0 3 0 1.000000   # ieta [4], pt 0
3 1 15 8 3 1 1.684241
3 16 16 16 3 2 1.676180
3 17 17 17 3 3 1.663051
3 18 18 18 3 4 1.661195
3 19 19 19 3 5 1.661187
3 20 20 20 3 6 1.667431
3 21 21 21 3 7 1.667792
3 22 22 22 3 8 1.667792
3 23 23 23 3 9 1.665391
3 24 24 24 3 10 1.667146
3 25 25 25 3 11 1.665262
3 26 26 26 3 12 1.656612
3 27 27 27 3 13 1.636099
3 28 28 28 3 14 1.635459
3 29 29 29 3 15 1.630759
3 30 30 30 3 16 1.620216
3 31 31 31 3 17 1.618702
3 32 33 33 3 18 1.608540
3 34 35 35 3 19 1.591457
3 36 37 37 3 20 1.572995
3 38 39 39 3 21 1.555519
3 40 41 41 3 22 1.546910
3 42 43 43 3 23 1.526770
3 44 45 45 3 24 1.516321
3 46 47 47 3 25 1.491850
3 48 49 49 3 26 1.490037
3 50 51 51 3 27 1.470687
3 52 53 53 3 28 1.464369
3 54 55 55 3 29 1.459688
3 56 57 57 3 30 1.449258
3 58 59 59 3 31 1.442275
3 60 61 61 3 32 1.431494
3 62 64 63 3 33 1.426015
3 65 67 66 3 34 1.408007
3 68 70 69 3 35 1.401067
3 71 73 72 3 36 1.396491
3 74 76 75 3 37 1.382897
3 77 79 78 3 38 1.381467
3 80 82 81 3 39 1.376157
3 83 85 84 3 40 1.363807
3 86 88 87 3 41 1.360638
3 89 91 90 3 42 1.356410
3 92 94 93 3 43 1.353945
3 95 97 96 3 44 1.345877
3 98 100 99 3 45 1.335853
3 101 103 102 3 46 1.330175
3 104 109 107 3 47 1.319408
3 110 115 113 3 48 1.305979
3 116 121 119 3 49 1.305235
3 122 127 125 3 50 1.286711
3 128 133 131 3 51 1.283529
3 134 139 137 3 52 1.281627
3 140 145 143 3 53 1.275466
3 146 151 149 3 54 1.265198
3 152 157 155 3 55 1.265261
3 158 163 161 3 56 1.260824
3 164 169 167 3 57 1.255441
3 170 175 173 3 58 1.255303
3 176 181 179 3 59 1.244307
3 182 187 185 3 60 1.237556
3 188 193 191 3 61 1.232854
3 194 254 224 3 62 1.213598
3 255 255 255 3 63 1.191360
4 0 0 0 4 0 1.000000   # ieta [5], pt 0
4 1 15 8 4 1 1.715631
4 16 16 16 4 2 1.705279
4 17 17 17 4 3 1.693909
4 18 18 18 4 4 1.690636
4 19 19 19 4 5 1.688683
4 20 20 20 4 6 1.693103
4 21 21 21 4 7 1.693930
4 22 22 22 4 8 1.693930
4 23 23 23 4 9 1.691491
4 24 24 24 4 10 1.693274
4 25 25 25 4 11 1.690729
4 26 26 26 4 12 1.680347
4 27 27 27 4 13 1.660320
4 28 28 28 4 14 1.659171
4 29 29 29 4 15 1.655294
4 30 30 30 4 16 1.645619
4 31 31 31 4 17 1.644080
4 32 33 33 4 18 1.632946
4 34 35 35 4 19 1.615697
4 36 37 37 4 20 1.595109
4 38 39 39 4 21 1.576650
4 40 41 41 4 22 1.565247
4 42 43 43 4 23 1.546021
4 44 45 45 4 24 1.534904
4 46 47 47 4 25 1.508328
4 48 49 49 4 26 1.506495
4 50 51 51 4 27 1.484376
4 52 53 53 4 28 1.476716
4 54 55 55 4 29 1.471352
4 56 57 57 4 30 1.460182
4 58 59 59 4 31 1.453587
4 60 61 61 4 32 1.445257
4 62 64 63 4 33 1.439387
4 65 67 66 4 34 1.418065
4 68 70 69 4 35 1.409327
4 71 73 72 4 36 1.404046
4 74 76 75 4 37 1.386954
4 77 79 78 4 38 1.385270
4 80 82 81 4 39 1.379824
4 83 85 84 4 40 1.367375
4 86 88 87 4 41 1.364162
4 89 91 90 4 42 1.359759
4 92 94 93 4 43 1.357288
4 95 97 96 4 44 1.349429
4 98 100 99 4 45 1.339634
4 101 103 102 4 46 1.335048
4 104 109 107 4 47 1.325500
4 110 115 113 4 48 1.312521
4 116 121 119 4 49 1.311909
4 122 127 125 4 50 1.293357
4 128 133 131 4 51 1.289876
4 134 139 137 4 52 1.288380
4 140 145 143 4 53 1.282184
4 146 151 149 4 54 1.271555
4 152 157 155 4 55 1.271464
4 158 163 161 4 56 1.266269
4 164 169 167 4 57 1.260839
4 170 175 173 4 58 1.260562
4 176 181 179 4 59 1.248252
4 182 187 185 4 60 1.240840
4 188 193 191 4 61 1.237175
4 194 254 224 4 62 1.222517
4 255 255 255 4 63 1.202827
5 0 0 0 5 0 1.000000   # ieta [6], pt 0
5 1 15 8 5 1 1.804384
5 16 16 16 5 2 1.796743
5 17 17 17 5 3 1.791740
5 18 18 18 5 4 1.788514
5 19 19 19 5 5 1.777321
5 20 20 20 5 6 1.780545
5 21 21 21 5 7 1.781415
5 22 22 22 5 8 1.781415
5 23 23 23 5 9 1.777288
5 24 24 24 5 10 1.771839
5 25 25 25 5 11 1.766207
5 26 26 26 5 12 1.750418
5 27 27 27 5 13 1.717016
5 28 28 28 5 14 1.715161
5 29 29 29 5 15 1.705770
5 30 30 30 5 16 1.688439
5 31 31 31 5 17 1.685756
5 32 33 33 5 18 1.671559
5 34 35 35 5 19 1.646431
5 36 37 37 5 20 1.615709
5 38 39 39 5 21 1.590393
5 40 41 41 5 22 1.581579
5 42 43 43 5 23 1.563629
5 44 45 45 5 24 1.550715
5 46 47 47 5 25 1.526326
5 48 49 49 5 26 1.524116
5 50 51 51 5 27 1.506786
5 52 53 53 5 28 1.498030
5 54 55 55 5 29 1.494806
5 56 57 57 5 30 1.486215
5 58 59 59 5 31 1.479577
5 60 61 61 5 32 1.471453
5 62 64 63 5 33 1.465102
5 65 67 66 5 34 1.442912
5 68 70 69 5 35 1.433917
5 71 73 72 5 36 1.428478
5 74 76 75 5 37 1.411274
5 77 79 78 5 38 1.410030
5 80 82 81 5 39 1.402790
5 83 85 84 5 40 1.385615
5 86 88 87 5 41 1.382210
5 89 91 90 5 42 1.376431
5 92 94 93 5 43 1.373562
5 95 97 96 5 44 1.366148
5 98 100 99 5 45 1.355238
5 101 103 102 5 46 1.350005
5 104 109 107 5 47 1.338596
5 110 115 113 5 48 1.321583
5 116 121 119 5 49 1.320966
5 122 127 125 5 50 1.297756
5 128 133 131 5 51 1.294384
5 134 139 137 5 52 1.293128
5 140 145 143 5 53 1.286909
5 146 151 149 5 54 1.275963
5 152 157 155 5 55 1.275801
5 158 163 161 5 56 1.268051
5 164 169 167 5 57 1.262333
5 170 175 173 5 58 1.262057
5 176 181 179 5 59 1.249490
5 182 187 185 5 60 1.241866
5 188 193 191 5 61 1.238134
5 194 254 224 5 62 1.223614
5 255 255 255 5 63 1.204075
6 0 0 0 6 0 1.000000   # ieta [7], pt 0
6 1 15 8 6 1 1.817292
6 16 16 16 6 2 1.809895
6 17 17 17 6 3 1.806722
6 18 18 18 6 4 1.801988
6 19 19 19 6 5 1.790711
6 20 20 20 6 6 1.793958
6 21 21 21 6 7 1.793808
6 22 22 22 6 8 1.793707
6 23 23 23 6 9 1.789552
6 24 24 24 6 10 1.784065
6 25 25 25 6 11 1.778214
6 26 26 26 6 12 1.760821
6 27 27 27 6 13 1.727221
6 28 28 28 6 14 1.724866
6 29 29 29 6 15 1.714629
6 30 30 30 6 16 1.695645
6 31 31 31 6 17 1.692951
6 32 33 33 6 18 1.675533
6 34 35 35 6 19 1.650006
6 36 37 37 6 20 1.618184
6 38 39 39 6 21 1.592829
6 40 41 41 6 22 1.583887
6 42 43 43 6 23 1.563629
6 44 45 45 6 24 1.550715
6 46 47 47 6 25 1.526326
6 48 49 49 6 26 1.524116
6 50 51 51 6 27 1.506786
6 52 53 53 6 28 1.498030
6 54 55 55 6 29 1.494806
6 56 57 57 6 30 1.486215
6 58 59 59 6 31 1.479577
6 60 61 61 6 32 1.471453
6 62 64 63 6 33 1.465102
6 65 67 66 6 34 1.442912
6 68 70 69 6 35 1.433917
6 71 73 72 6 36 1.428478
6 74 76 75 6 37 1.411274
6 77 79 78 6 38 1.410030
6 80 82 81 6 39 1.402907
6 83 85 84 6 40 1.385964
6 86 88 87 6 41 1.382559
6 89 91 90 6 42 1.376778
6 92 94 93 6 43 1.374272
6 95 97 96 6 44 1.366939
6 98 100 99 6 45 1.356023
6 101 103 102 6 46 1.350786
6 104 109 107 6 47 1.339371
6 110 115 113 6 48 1.322348
6 116 121 119 6 49 1.321834
6 122 127 125 6 50 1.299365
6 128 133 131 6 51 1.297809
6 134 139 137 6 52 1.297461
6 140 145 143 6 53 1.291060
6 146 151 149 6 54 1.279916
6 152 157 155 6 55 1.279430
6 158 163 161 6 56 1.271659
6 164 169 167 6 57 1.265924
6 170 175 173 6 58 1.265333
6 176 181 179 6 59 1.252306
6 182 187 185 6 60 1.243589
6 188 193 191 6 61 1.238810
6 194 254 224 6 62 1.224076
6 255 255 255 6 63 1.204530
7 0 0 0 7 0 1.000000   # ieta [8], pt 0
7 1 15 8 7 1 1.815807
7 16 16 16 7 2 1.808416
7 17 17 17 7 3 1.805246
7 18 18 18 7 4 1.801622
7 19 19 19 7 5 1.790348
7 20 20 20 7 6 1.793595
7 21 21 21 7 7 1.793445
7 22 22 22 7 8 1.793343
7 23 23 23 7 9 1.789190
7 24 24 24 7 10 1.783703
7 25 25 25 7 11 1.778030
7 26 26 26 7 12 1.760639
7 27 27 27 7 13 1.727043
7 28 28 28 7 14 1.724688
7 29 29 29 7 15 1.714451
7 30 30 30 7 16 1.695685
7 31 31 31 7 17 1.692990
7 32 33 33 7 18 1.675572
7 34 35 35 7 19 1.650044
7 36 37 37 7 20 1.618222
7 38 39 39 7 21 1.592866
7 40 41 41 7 22 1.583924
7 42 43 43 7 23 1.563665
7 44 45 45 7 24 1.550751
7 46 47 47 7 25 1.526362
7 48 49 49 7 26 1.524151
7 50 51 51 7 27 1.506822
7 52 53 53 7 28 1.498065
7 54 55 55 7 29 1.494841
7 56 57 57 7 30 1.486250
7 58 59 59 7 31 1.479612
7 60 61 61 7 32 1.471488
7 62 64 63 7 33 1.465136
7 65 67 66 7 34 1.442945
7 68 70 69 7 35 1.433950
7 71 73 72 7 36 1.428512
7 74 76 75 7 37 1.411129
7 77 79 78 7 38 1.409884
7 80 82 81 7 39 1.402762
7 83 85 84 7 40 1.385821
7 86 88 87 7 41 1.382416
7 89 91 90 7 42 1.376636
7 92 94 93 7 43 1.374130
7 95 97 96 7 44 1.366798
7 98 100 99 7 45 1.355883
7 101 103 102 7 46 1.350647
7 104 109 107 7 47 1.339233
7 110 115 113 7 48 1.322212
7 116 121 119 7 49 1.321698
7 122 127 125 7 50 1.299230
7 128 133 131 7 51 1.297764
7 134 139 137 7 52 1.297461
7 140 145 143 7 53 1.291060
7 146 151 149 7 54 1.279916
7 152 157 155 7 55 1.279430
7 158 163 161 7 56 1.271659
7 164 169 167 7 57 1.265924
7 170 175 173 7 58 1.265333
7 176 181 179 7 59 1.252306
7 182 187 185 7 60 1.243589
7 188 193 191 7 61 1.238810
7 194 254 224 7 62 1.224076
7 255 255 255 7 63 1.204530
8 0 0 0 8 0 1.000000   # ieta [9], pt 0
8 1 15 8 8 1 1.897458
8 16 16 16 8 2 1.890500
8 17 17 17 8 3 1.880640
8 18 18 18 8 4 1.871784
8 19 19 19 8 5 1.862281
8 20 20 20 8 6 1.859494
8 21 21 21 8 7 1.859338
8 22 22 22 8 8 1.847292
8 23 23 23 8 9 1.832449
8 24 24 24 8 10 1.824535
8 25 25 25 8 11 1.818732
8 26 26 26 8 12 1.780698
8 27 27 27 8 13 1.746218
8 28 28 28 8 14 1.743660
8 29 29 29 8 15 1.733311
8 30 30 30 8 16 1.715425
8 31 31 31 8 17 1.713647
8 32 33 33 8 18 1.696772
8 34 35 35 8 19 1.671351
8 36 37 37 8 20 1.646635
8 38 39 39 8 21 1.623400
8 40 41 41 8 22 1.613595
8 42 43 43 8 23 1.582957
8 44 45 45 8 24 1.571062
8 46 47 47 8 25 1.548615
8 48 49 49 8 26 1.546251
8 50 51 51 8 27 1.522808
8 52 53 53 8 28 1.511154
8 54 55 55 8 29 1.508202
8 56 57 57 8 30 1.499158
8 58 59 59 8 31 1.490852
8 60 61 61 8 32 1.480519
8 62 64 63 8 33 1.473681
8 65 67 66 8 34 1.452197
8 68 70 69 8 35 1.444679
8 71 73 72 8 36 1.440720
8 74 76 75 8 37 1.426952
8 77 79 78 8 38 1.425694
8 80 82 81 8 39 1.418147
8 83 85 84 8 40 1.400331
8 86 88 87 8 41 1.396505
8 89 91 90 8 42 1.390475
8 92 94 93 8 43 1.387630
8 95 97 96 8 44 1.380118
8 98 100 99 8 45 1.369125
8 101 103 102 8 46 1.365048
8 104 109 107 8 47 1.353619
8 110 115 113 8 48 1.337104
8 116 121 119 8 49 1.336877
8 122 127 125 8 50 1.312616
8 128 133 131 8 51 1.311024
8 134 139 137 8 52 1.310662
8 140 145 143 8 53 1.303176
8 146 151 149 8 54 1.290804
8 152 157 155 8 55 1.290314
8 158 163 161 8 56 1.280919
8 164 169 167 8 57 1.275111
8 170 175 173 8 58 1.274516
8 176 181 179 8 59 1.260494
8 182 187 185 8 60 1.251044
8 188 193 191 8 61 1.246237
8 194 254 224 8 62 1.232942
8 255 255 255 8 63 1.215157
9 0 0 0 9 0 1.000000   # ieta [10], pt 0
9 1 15 8 9 1 1.913048
9 16 16 16 9 2 1.905685
9 17 17 17 9 3 1.893102
9 18 18 18 9 4 1.875845
9 19 19 19 9 5 1.871751
9 20 20 20 9 6 1.868949
9 21 21 21 9 7 1.868793
9 22 22 22 9 8 1.854795
9 23 23 23 9 9 1.838296
9 24 24 24 9 10 1.830357
9 25 25 25 9 11 1.824535
9 26 26 26 9 12 1.786380
9 27 27 27 9 13 1.758234
9 28 28 28 9 14 1.755960
9 29 29 29 9 15 1.748098
9 30 30 30 9 16 1.730010
9 31 31 31 9 17 1.728216
9 32 33 33 9 18 1.710724
9 34 35 35 9 19 1.687746
9 36 37 37 9 20 1.666897
9 38 39 39 9 21 1.648055
9 40 41 41 9 22 1.637791
9 42 43 43 9 23 1.610331
9 44 45 45 9 24 1.593482
9 46 47 47 9 25 1.579321
9 48 49 49 9 26 1.576910
9 50 51 51 9 27 1.548080
9 52 53 53 9 28 1.533070
9 54 55 55 9 29 1.527331
9 56 57 57 9 30 1.511949
9 58 59 59 9 31 1.503366
9 60 61 61 9 32 1.492952
9 62 64 63 9 33 1.485174
9 65 67 66 9 34 1.457395
9 68 70 69 9 35 1.447862
9 71 73 72 9 36 1.443895
9 74 76 75 9 37 1.429690
9 77 79 78 9 38 1.428429
9 80 82 81 9 39 1.420868
9 83 85 84 9 40 1.403017
9 86 88 87 9 41 1.399184
9 89 91 90 9 42 1.393142
9 92 94 93 9 43 1.390292
9 95 97 96 9 44 1.383068
9 98 100 99 9 45 1.372658
9 101 103 102 9 46 1.368958
9 104 109 107 9 47 1.357703
9 110 115 113 9 48 1.340697
9 116 121 119 9 49 1.340426
9 122 127 125 9 50 1.315892
9 128 133 131 9 51 1.313995
9 134 139 137 9 52 1.313521
9 140 145 143 9 53 1.304836
9 146 151 149 9 54 1.291263
9 152 157 155 9 55 1.290773
9 158 163 161 9 56 1.281375
9 164 169 167 9 57 1.275565
9 170 175 173 9 58 1.274969
9 176 181 179 9 59 1.260942
9 182 187 185 9 60 1.251489
9 188 193 191 9 61 1.246680
9 194 254 224 9 62 1.233380
9 255 255 255 9 63 1.215589
10 0 0 0 10 0 1.000000   # ieta [11], pt 0
10 1 15 8 10 1 1.901247
10 16 16 16 10 2 1.897077
10 17 17 17 10 3 1.884551
10 18 18 18 10 4 1.874615
10 19 19 19 10 5 1.870419
10 20 20 20 10 6 1.867619
10 21 21 21 10 7 1.867463
10 22 22 22 10 8 1.853475
10 23 23 23 10 9 1.837055
10 24 24 24 10 10 1.829122
10 25 25 25 10 11 1.823304
10 26 26 26 10 12 1.785174
10 27 27 27 10 13 1.757129
10 28 28 28 10 14 1.755145
10 29 29 29 10 15 1.747287
10 30 30 30 10 16 1.729644
10 31 31 31 10 17 1.727850
10 32 33 33 10 18 1.710362
10 34 35 35 10 19 1.687388
10 36 37 37 10 20 1.666544
10 38 39 39 10 21 1.647706
10 40 41 41 10 22 1.637444
10 42 43 43 10 23 1.609739
10 44 45 45 10 24 1.592896
10 46 47 47 10 25 1.579195
10 48 49 49 10 26 1.576785
10 50 51 51 10 27 1.547831
10 52 53 53 10 28 1.532695
10 54 55 55 10 29 1.526958
10 56 57 57 10 30 1.511580
10 58 59 59 10 31 1.502810
10 60 61 61 10 32 1.492211
10 62 64 63 10 33 1.484436
10 65 67 66 10 34 1.456672
10 68 70 69 10 35 1.447143
10 71 73 72 10 36 1.443178
10 74 76 75 10 37 1.429094
10 77 79 78 10 38 1.427834
10 80 82 81 10 39 1.420276
10 83 85 84 10 40 1.402433
10 86 88 87 10 41 1.398601
10 89 91 90 10 42 1.392562
10 92 94 93 10 43 1.389713
10 95 97 96 10 44 1.382492
10 98 100 99 10 45 1.372087
10 101 103 102 10 46 1.368388
10 104 109 107 10 47 1.358203
10 110 115 113 10 48 1.343541
10 116 121 119 10 49 1.343270
10 122 127 125 10 50 1.318684
10 128 133 131 10 51 1.316907
10 134 139 137 10 52 1.316458
10 140 145 143 10 53 1.307754
10 146 151 149 10 54 1.294150
10 152 157 155 10 55 1.293659
10 158 163 161 10 56 1.284006
10 164 169 167 10 57 1.278390
10 170 175 173 10 58 1.277559
10 176 181 179 10 59 1.262606
10 182 187 185 10 60 1.252921
10 188 193 191 10 61 1.248107
10 194 254 224 10 62 1.234717
10 255 255 255 10 63 1.216882
11 0 0 0 11 0 1.000000   # ieta [12], pt 0
11 1 15 8 11 1 1.907916
11 16 16 16 11 2 1.903732
11 17 17 17 11 3 1.892862
11 18 18 18 11 4 1.882881
11 19 19 19 11 5 1.878667
11 20 20 20 11 6 1.875855
11 21 21 21 11 7 1.875697
11 22 22 22 11 8 1.861648
11 23 23 23 11 9 1.841502
11 24 24 24 11 10 1.832900
11 25 25 25 11 11 1.827425
11 26 26 26 11 12 1.789209
11 27 27 27 11 13 1.761101
11 28 28 28 11 14 1.759693
11 29 29 29 11 15 1.751814
11 30 30 30 11 16 1.734126
11 31 31 31 11 17 1.732327
11 32 33 33 11 18 1.714794
11 34 35 35 11 19 1.691522
11 36 37 37 11 20 1.669986
11 38 39 39 11 21 1.650666
11 40 41 41 11 22 1.640324
11 42 43 43 11 23 1.610584
11 44 45 45 11 24 1.593537
11 46 47 47 11 25 1.579557
11 48 49 49 11 26 1.577145
11 50 51 51 11 27 1.548914
11 52 53 53 11 28 1.534504
11 54 55 55 11 29 1.528760
11 56 57 57 11 30 1.513570
11 58 59 59 11 31 1.505002
11 60 61 61 11 32 1.494602
11 62 64 63 11 33 1.486815
11 65 67 66 11 34 1.459006
11 68 70 69 11 35 1.449462
11 71 73 72 11 36 1.446947
11 74 76 75 11 37 1.435735
11 77 79 78 11 38 1.434469
11 80 82 81 11 39 1.427396
11 83 85 84 11 40 1.410508
11 86 88 87 11 41 1.406654
11 89 91 90 11 42 1.402236
11 92 94 93 11 43 1.399550
11 95 97 96 11 44 1.394292
11 98 100 99 11 45 1.387999
11 101 103 102 11 46 1.384727
11 104 109 107 11 47 1.374580
11 110 115 113 11 48 1.358826
11 116 121 119 11 49 1.358513
11 122 127 125 11 50 1.331263
11 128 133 131 11 51 1.328510
11 134 139 137 11 52 1.327601
11 140 145 143 11 53 1.318066
11 146 151 149 11 54 1.303045
11 152 157 155 11 55 1.302551
11 158 163 161 11 56 1.293409
11 164 169 167 11 57 1.290650
11 170 175 173 11 58 1.289811
11 176 181 179 11 59 1.274352
11 182 187 185 11 60 1.264394
11 188 193 191 11 61 1.259536
11 194 254 224 11 62 1.246024
11 255 255 255 11 63 1.228026
12 0 0 0 12 0 1.000000   # ieta [13], pt 0
12 1 15 8 12 1 1.988371
12 16 16 16 12 2 1.983600
12 17 17 17 12 3 1.973265
12 18 18 18 12 4 1.958154
12 19 19 19 12 5 1.950094
12 20 20 20 12 6 1.943853
12 21 21 21 12 7 1.943691
12 22 22 22 12 8 1.926472
12 23 23 23 12 9 1.899604
12 24 24 24 12 10 1.890730
12 25 25 25 12 11 1.885215
12 26 26 26 12 12 1.839933
12 27 27 27 12 13 1.800365
12 28 28 28 12 14 1.798123
12 29 29 29 12 15 1.790721
12 30 30 30 12 16 1.770958
12 31 31 31 12 17 1.768436
12 32 33 33 12 18 1.752752
12 34 35 35 12 19 1.730766
12 36 37 37 12 20 1.709505
12 38 39 39 12 21 1.691523
12 40 41 41 12 22 1.680455
12 42 43 43 12 23 1.651461
12 44 45 45 12 24 1.632656
12 46 47 47 12 25 1.617949
12 48 49 49 12 26 1.616514
12 50 51 51 12 27 1.583857
12 52 53 53 12 28 1.568123
12 54 55 55 12 29 1.559781
12 56 57 57 12 30 1.537516
12 58 59 59 12 31 1.523738
12 60 61 61 12 32 1.512748
12 62 64 63 12 33 1.505169
12 65 67 66 12 34 1.483497
12 68 70 69 12 35 1.476078
12 71 73 72 12 36 1.471318
12 74 76 75 12 37 1.457045
12 77 79 78 12 38 1.456046
12 80 82 81 12 39 1.449207
12 83 85 84 12 40 1.432454
12 86 88 87 12 41 1.428885
12 89 91 90 12 42 1.424397
12 92 94 93 12 43 1.421668
12 95 97 96 12 44 1.415784
12 98 100 99 12 45 1.408078
12 101 103 102 12 46 1.402086
12 104 109 107 12 47 1.385108
12 110 115 113 12 48 1.365563
12 116 121 119 12 49 1.365331
12 122 127 125 12 50 1.338339
12 128 133 131 12 51 1.334789
12 134 139 137 12 52 1.333485
12 140 145 143 12 53 1.323056
12 146 151 149 12 54 1.308854
12 152 157 155 12 55 1.308836
12 158 163 161 12 56 1.299944
12 164 169 167 12 57 1.297412
12 170 175 173 12 58 1.296569
12 176 181 179 12 59 1.280821
12 182 187 185 12 60 1.270707
12 188 193 191 12 61 1.265824
12 194 254 224 12 62 1.253028
12 255 255 255 12 63 1.235637
13 0 0 0 13 0 1.000000   # ieta [14], pt 0
13 1 15 8 13 1 2.077952
13 16 16 16 13 2 2.057997
13 17 17 17 13 3 2.047881
13 18 18 18 13 4 2.037383
13 19 19 19 13 5 2.027205
13 20 20 20 13 6 1.997457
13 21 21 21 13 7 1.999205
13 22 22 22 13 8 1.976476
13 23 23 23 13 9 1.958542
13 24 24 24 13 10 1.950212
13 25 25 25 13 11 1.942083
13 26 26 26 13 12 1.908836
13 27 27 27 13 13 1.870944
13 28 28 28 13 14 1.869954
13 29 29 29 13 15 1.859839
13 30 30 30 13 16 1.833549
13 31 31 31 13 17 1.830380
13 32 33 33 13 18 1.806332
13 34 35 35 13 19 1.778614
13 36 37 37 13 20 1.753150
13 38 39 39 13 21 1.731519
13 40 41 41 13 22 1.718378
13 42 43 43 13 23 1.689429
13 44 45 45 13 24 1.669687
13 46 47 47 13 25 1.647916
13 48 49 49 13 26 1.647291
13 50 51 51 13 27 1.611568
13 52 53 53 13 28 1.595816
13 54 55 55 13 29 1.588367
13 56 57 57 13 30 1.569918
13 58 59 59 13 31 1.560037
13 60 61 61 13 32 1.550548
13 62 64 63 13 33 1.542691
13 65 67 66 13 34 1.518359
13 68 70 69 13 35 1.510150
13 71 73 72 13 36 1.502458
13 74 76 75 13 37 1.478544
13 77 79 78 13 38 1.477305
13 80 82 81 13 39 1.469993
13 83 85 84 13 40 1.451786
13 86 88 87 13 41 1.443755
13 89 91 90 13 42 1.437595
13 92 94 93 13 43 1.436583
13 95 97 96 13 44 1.430807
13 98 100 99 13 45 1.421288
13 101 103 102 13 46 1.415128
13 104 109 107 13 47 1.398086
13 110 115 113 13 48 1.379944
13 116 121 119 13 49 1.379780
13 122 127 125 13 50 1.354365
13 128 133 131 13 51 1.350493
13 134 139 137 13 52 1.349063
13 140 145 143 13 53 1.338512
13 146 151 149 13 54 1.325210
13 152 157 155 13 55 1.325247
13 158 163 161 13 56 1.316428
13 164 169 167 13 57 1.314230
13 170 175 173 13 58 1.313375
13 176 181 179 13 59 1.298811
13 182 187 185 13 60 1.288919
13 188 193 191 13 61 1.283967
13 194 254 224 13 62 1.271666
13 255 255 255 13 63 1.254331
14 0 0 0 14 0 1.000000   # ieta [15], pt 0
14 1 15 8 14 1 2.078252
14 16 16 16 14 2 2.050284
14 17 17 17 14 3 2.051312
14 18 18 18 14 4 2.040797
14 19 19 19 14 5 2.031287
14 20 20 20 14 6 2.001480
14 21 21 21 14 7 2.003231
14 22 22 22 14 8 1.980457
14 23 23 23 14 9 1.963206
14 24 24 24 14 10 1.954763
14 25 25 25 14 11 1.947274
14 26 26 26 14 12 1.913938
14 27 27 27 14 13 1.875944
14 28 28 28 14 14 1.874184
14 29 29 29 14 15 1.864046
14 30 30 30 14 16 1.837868
14 31 31 31 14 17 1.834692
14 32 33 33 14 18 1.810579
14 34 35 35 14 19 1.782796
14 36 37 37 14 20 1.757272
14 38 39 39 14 21 1.735951
14 40 41 41 14 22 1.723463
14 42 43 43 14 23 1.697615
14 44 45 45 14 24 1.678274
14 46 47 47 14 25 1.657816
14 48 49 49 14 26 1.657393
14 50 51 51 14 27 1.624283
14 52 53 53 14 28 1.610429
14 54 55 55 14 29 1.603733
14 56 57 57 14 30 1.586180
14 58 59 59 14 31 1.576502
14 60 61 61 14 32 1.568344
14 62 64 63 14 33 1.561246
14 65 67 66 14 34 1.539133
14 68 70 69 14 35 1.531617
14 71 73 72 14 36 1.523624
14 74 76 75 14 37 1.498849
14 77 79 78 14 38 1.497593
14 80 82 81 14 39 1.488928
14 83 85 84 14 40 1.467979
14 86 88 87 14 41 1.459858
14 89 91 90 14 42 1.452771
14 92 94 93 14 43 1.451573
14 95 97 96 14 44 1.446184
14 98 100 99 14 45 1.436313
14 101 103 102 14 46 1.430088
14 104 109 107 14 47 1.412248
14 110 115 113 14 48 1.393662
14 116 121 119 14 49 1.393496
14 122 127 125 14 50 1.367828
14 128 133 131 14 51 1.363918
14 134 139 137 14 52 1.362474
14 140 145 143 14 53 1.351818
14 146 151 149 14 54 1.338383
14 152 157 155 14 55 1.338422
14 158 163 161 14 56 1.329515
14 164 169 167 14 57 1.327295
14 170 175 173 14 58 1.326432
14 176 181 179 14 59 1.311691
14 182 187 185 14 60 1.301672
14 188 193 191 14 61 1.296953
14 194 254 224 14 62 1.285475
14 255 255 255 14 63 1.267330
15 0 0 0 15 0 1.000000   # ieta [16], pt 0
15 1 15 8 15 1 2.014341
15 16 16 16 15 2 2.003143
15 17 17 17 15 3 2.027673
15 18 18 18 15 4 2.022168
15 19 19 19 15 5 2.020202
15 20 20 20 15 6 1.990431
15 21 21 21 15 7 1.992098
15 22 22 22 15 8 1.979574
15 23 23 23 15 9 1.964669
15 24 24 24 15 10 1.956887
15 25 25 25 15 11 1.946877
15 26 26 26 15 12 1.914202
15 27 27 27 15 13 1.877462
15 28 28 28 15 14 1.876179
15 29 29 29 15 15 1.866030
15 30 30 30 15 16 1.841875
15 31 31 31 15 17 1.839641
15 32 33 33 15 18 1.823244
15 34 35 35 15 19 1.799702
15 36 37 37 15 20 1.777355
15 38 39 39 15 21 1.757625
15 40 41 41 15 22 1.745668
15 42 43 43 15 23 1.722270
15 44 45 45 15 24 1.704978
15 46 47 47 15 25 1.685418
15 48 49 49 15 26 1.686128
15 50 51 51 15 27 1.652136
15 52 53 53 15 28 1.637734
15 54 55 55 15 29 1.630924
15 56 57 57 15 30 1.613443
15 58 59 59 15 31 1.603742
15 60 61 61 15 32 1.595757
15 62 64 63 15 33 1.588997
15 65 67 66 15 34 1.566407
15 68 70 69 15 35 1.559467
15 71 73 72 15 36 1.551270
15 74 76 75 15 37 1.526678
15 77 79 78 15 38 1.524967
15 80 82 81 15 39 1.516008
15 83 85 84 15 40 1.494839
15 86 88 87 15 41 1.486570
15 89 91 90 15 42 1.479353
15 92 94 93 15 43 1.478133
15 95 97 96 15 44 1.472693
15 98 100 99 15 45 1.462641
15 101 103 102 15 46 1.456570
15 104 109 107 15 47 1.439275
15 110 115 113 15 48 1.427515
15 116 121 119 15 49 1.427345
15 122 127 125 15 50 1.401054
15 128 133 131 15 51 1.397049
15 134 139 137 15 52 1.395570
15 140 145 143 15 53 1.385079
15 146 151 149 15 54 1.371739
15 152 157 155 15 55 1.371778
15 158 163 161 15 56 1.362650
15 164 169 167 15 57 1.360374
15 170 175 173 15 58 1.357900
15 176 181 179 15 59 1.341067
15 182 187 185 15 60 1.330823
15 188 193 191 15 61 1.325999
15 194 254 224 15 62 1.315960
15 255 255 255 15 63 1.297834
16 0 0 0 16 0 1.000000   # ieta [17], pt 0
16 1 15 8 16 1 2.235483
16 16 16 16 16 2 2.217688
16 17 17 17 16 3 2.204154
16 18 18 18 16 4 2.159176
16 19 19 19 16 5 2.160629
16 20 20 20 16 6 2.128335
16 21 21 21 16 7 2.129158
16 22 22 22 16 8 2.111121
16 23 23 23 16 9 2.070078
16 24 24 24 16 10 2.059485
16 25 25 25 16 11 2.050636
16 26 26 26 16 12 2.005890
16 27 27 27 16 13 1.962417
16 28 28 28 16 14 1.961185
16 29 29 29 16 15 1.948967
16 30 30 30 16 16 1.927705
16 31 31 31 16 17 1.925272
16 32 33 33 16 18 1.903359
16 34 35 35 16 19 1.871718
16 36 37 37 16 20 1.844780
16 38 39 39 16 21 1.820351
16 40 41 41 16 22 1.804491
16 42 43 43 16 23 1.780014
16 44 45 45 16 24 1.762652
16 46 47 47 16 25 1.744432
16 48 49 49 16 26 1.744886
16 50 51 51 16 27 1.709709
16 52 53 53 16 28 1.693223
16 54 55 55 16 29 1.685458
16 56 57 57 16 30 1.667393
16 58 59 59 16 31 1.657367
16 60 61 61 16 32 1.650471
16 62 64 63 16 33 1.643754
16 65 67 66 16 34 1.619844
16 68 70 69 16 35 1.611116
16 71 73 72 16 36 1.599558
16 74 76 75 16 37 1.571303
16 77 79 78 16 38 1.568153
16 80 82 81 16 39 1.557776
16 83 85 84 16 40 1.535074
16 86 88 87 16 41 1.526583
16 89 91 90 16 42 1.519171
16 92 94 93 16 43 1.517919
16 95 97 96 16 44 1.512332
16 98 100 99 16 45 1.502010
16 101 103 102 16 46 1.495776
16 104 109 107 16 47 1.478014
16 110 115 113 16 48 1.465938
16 116 121 119 16 49 1.465764
16 122 127 125 16 50 1.438765
16 128 133 131 16 51 1.434487
16 134 139 137 16 52 1.432925
16 140 145 143 16 53 1.422153
16 146 151 149 16 54 1.408456
16 152 157 155 16 55 1.408496
16 158 163 161 16 56 1.399123
16 164 169 167 16 57 1.396787
16 170 175 173 16 58 1.394247
16 176 181 179 16 59 1.376963
16 182 187 185 16 60 1.366445
16 188 193 191 16 61 1.361492
16 194 254 224 16 62 1.351184
16 255 255 255 16 63 1.332572
17 0 0 0 17 0 1.000000   # ieta [18], pt 0
17 1 15 8 17 1 2.167788
17 16 16 16 17 2 2.171138
17 17 17 17 17 3 2.153579
17 18 18 18 17 4 2.109808
17 19 19 19 17 5 2.109123
17 20 20 20 17 6 2.077599
17 21 21 21 17 7 2.078402
17 22 22 22 17 8 2.054244
17 23 23 23 17 9 2.027912
17 24 24 24 17 10 2.008515
17 25 25 25 17 11 1.995417
17 26 26 26 17 12 1.946271
17 27 27 27 17 13 1.906053
17 28 28 28 17 14 1.904856
17 29 29 29 17 15 1.892685
17 30 30 30 17 16 1.867059
17 31 31 31 17 17 1.864201
17 32 33 33 17 18 1.844299
17 34 35 35 17 19 1.814837
17 36 37 37 17 20 1.790236
17 38 39 39 17 21 1.766966
17 40 41 41 17 22 1.751202
17 42 43 43 17 23 1.721883
17 44 45 45 17 24 1.699645
17 46 47 47 17 25 1.678661
17 48 49 49 17 26 1.679097
17 50 51 51 17 27 1.645246
17 52 53 53 17 28 1.630904
17 54 55 55 17 29 1.624123
17 56 57 57 17 30 1.606715
17 58 59 59 17 31 1.597054
17 60 61 61 17 32 1.588475
17 62 64 63 17 33 1.580083
17 65 67 66 17 34 1.555929
17 68 70 69 17 35 1.545335
17 71 73 72 17 36 1.537212
17 74 76 75 17 37 1.510058
17 77 79 78 17 38 1.508450
17 80 82 81 17 39 1.499507
17 83 85 84 17 40 1.478320
17 86 88 87 17 41 1.470142
17 89 91 90 17 42 1.463005
17 92 94 93 17 43 1.461799
17 95 97 96 17 44 1.456419
17 98 100 99 17 45 1.446478
17 101 103 102 17 46 1.440112
17 104 109 107 17 47 1.421410
17 110 115 113 17 48 1.400111
17 116 121 119 17 49 1.400664
17 122 127 125 17 50 1.374864
17 128 133 131 17 51 1.368003
17 134 139 137 17 52 1.365762
17 140 145 143 17 53 1.356000
17 146 151 149 17 54 1.342354
17 152 157 155 17 55 1.341917
17 158 163 161 17 56 1.332987
17 164 169 167 17 57 1.330761
17 170 175 173 17 58 1.329958
17 176 181 179 17 59 1.314750
17 182 187 185 17 60 1.304709
17 188 193 191 17 61 1.300037
17 194 254 224 17 62 1.288593
17 255 255 255 17 63 1.270221
18 0 0 0 18 0 1.000000   # ieta [19], pt 0
18 1 15 8 18 1 2.200380
18 16 16 16 18 2 2.168015
18 17 17 17 18 3 2.151635
18 18 18 18 18 4 2.109454
18 19 19 19 18 5 2.109123
18 20 20 20 18 6 2.077599
18 21 21 21 18 7 2.078402
18 22 22 22 18 8 2.054158
18 23 23 23 18 9 2.027355
18 24 24 24 18 10 2.007963
18 25 25 25 18 11 1.994869
18 26 26 26 18 12 1.945737
18 27 27 27 18 13 1.905530
18 28 28 28 18 14 1.903874
18 29 29 29 18 15 1.891708
18 30 30 30 18 16 1.860976
18 31 31 31 18 17 1.858128
18 32 33 33 18 18 1.838291
18 34 35 35 18 19 1.808924
18 36 37 37 18 20 1.784404
18 38 39 39 18 21 1.761209
18 40 41 41 18 22 1.745497
18 42 43 43 18 23 1.716274
18 44 45 45 18 24 1.694108
18 46 47 47 18 25 1.672965
18 48 49 49 18 26 1.673172
18 50 51 51 18 27 1.639637
18 52 53 53 18 28 1.625541
18 54 55 55 18 29 1.618782
18 56 57 57 18 30 1.601431
18 58 59 59 18 31 1.591802
18 60 61 61 18 32 1.583251
18 62 64 63 18 33 1.574887
18 65 67 66 18 34 1.551052
18 68 70 69 18 35 1.540612
18 71 73 72 18 36 1.532514
18 74 76 75 18 37 1.509096
18 77 79 78 18 38 1.507814
18 80 82 81 18 39 1.499037
18 83 85 84 18 40 1.477856
18 86 88 87 18 41 1.469681
18 89 91 90 18 42 1.462546
18 92 94 93 18 43 1.461340
18 95 97 96 18 44 1.455962
18 98 100 99 18 45 1.446024
18 101 103 102 18 46 1.439661
18 104 109 107 18 47 1.420918
18 110 115 113 18 48 1.398995
18 116 121 119 18 49 1.399715
18 122 127 125 18 50 1.373932
18 128 133 131 18 51 1.366727
18 134 139 137 18 52 1.364312
18 140 145 143 18 53 1.353869
18 146 151 149 18 54 1.339549
18 152 157 155 18 55 1.338984
18 158 163 161 18 56 1.328633
18 164 169 167 18 57 1.326255
18 170 175 173 18 58 1.325623
18 176 181 179 18 59 1.310797
18 182 187 185 18 60 1.300787
18 188 193 191 18 61 1.296129
18 194 254 224 18 62 1.283858
18 255 255 255 18 63 1.265431
19 0 0 0 19 0 1.000000   # ieta [20], pt 0
19 1 15 8 19 1 2.176380
19 16 16 16 19 2 2.139195
19 17 17 17 19 3 2.093806
19 18 18 18 19 4 2.064328
19 19 19 19 19 5 2.040865
19 20 20 20 19 6 2.017393
19 21 21 21 19 7 2.017393
19 22 22 22 19 8 1.989504
19 23 23 23 19 9 1.956955
19 24 24 24 19 10 1.946399
19 25 25 25 19 11 1.942188
19 26 26 26 19 12 1.893293
19 27 27 27 19 13 1.847275
19 28 28 28 19 14 1.843473
19 29 29 29 19 15 1.828238
19 30 30 30 19 16 1.798109
19 31 31 31 19 17 1.795356
19 32 33 33 19 18 1.774647
19 34 35 35 19 19 1.744375
19 36 37 37 19 20 1.718109
19 38 39 39 19 21 1.691428
19 40 41 41 19 22 1.672760
19 42 43 43 19 23 1.645377
19 44 45 45 19 24 1.627032
19 46 47 47 19 25 1.613894
19 48 49 49 19 26 1.613618
19 50 51 51 19 27 1.586895
19 52 53 53 19 28 1.573280
19 54 55 55 19 29 1.568245
19 56 57 57 19 30 1.553702
19 58 59 59 19 31 1.544274
19 60 61 61 19 32 1.535123
19 62 64 63 19 33 1.527625
19 65 67 66 19 34 1.507048
19 68 70 69 19 35 1.499834
19 71 73 72 19 36 1.493988
19 74 76 75 19 37 1.477065
19 77 79 78 19 38 1.476180
19 80 82 81 19 39 1.468300
19 83 85 84 19 40 1.448613
19 86 88 87 19 41 1.440600
19 89 91 90 19 42 1.433606
19 92 94 93 19 43 1.432424
19 95 97 96 19 44 1.427152
19 98 100 99 19 45 1.417411
19 101 103 102 19 46 1.411173
19 104 109 107 19 47 1.392760
19 110 115 113 19 48 1.371064
19 116 121 119 19 49 1.371868
19 122 127 125 19 50 1.347080
19 128 133 131 19 51 1.341211
19 134 139 137 19 52 1.339393
19 140 145 143 19 53 1.329545
19 146 151 149 19 54 1.315888
19 152 157 155 19 55 1.315333
19 158 163 161 19 56 1.305260
19 164 169 167 19 57 1.302942
19 170 175 173 19 58 1.302387
19 176 181 179 19 59 1.287960
19 182 187 185 19 60 1.278495
19 188 193 191 19 61 1.273917
19 194 254 224 19 62 1.261857
19 255 255 255 19 63 1.243746
20 0 0 0 20 0 1.000000   # ieta [21], pt 0
20 1 15 8 20 1 2.225507
20 16 16 16 20 2 2.156188
20 17 17 17 20 3 2.118980
20 18 18 18 20 4 2.083608
20 19 19 19 20 5 2.057122
20 20 20 20 20 6 2.033464
20 21 21 21 20 7 2.033464
20 22 22 22 20 8 2.005093
20 23 23 23 20 9 1.969381
20 24 24 24 20 10 1.958758
20 25 25 25 20 11 1.954520
20 26 26 26 20 12 1.905315
20 27 27 27 20 13 1.858651
20 28 28 28 20 14 1.854825
20 29 29 29 20 15 1.839496
20 30 30 30 20 16 1.802097
20 31 31 31 20 17 1.799339
20 32 33 33 20 18 1.778583
20 34 35 35 20 19 1.748244
20 36 37 37 20 20 1.721456
20 38 39 39 20 21 1.694561
20 40 41 41 20 22 1.675699
20 42 43 43 20 23 1.648268
20 44 45 45 20 24 1.629891
20 46 47 47 20 25 1.616730
20 48 49 49 20 26 1.616454
20 50 51 51 20 27 1.589683
20 52 53 53 20 28 1.576045
20 54 55 55 20 29 1.571002
20 56 57 57 20 30 1.556432
20 58 59 59 20 31 1.547134
20 60 61 61 20 32 1.538114
20 62 64 63 20 33 1.530601
20 65 67 66 20 34 1.508645
20 68 70 69 20 35 1.500544
20 71 73 72 20 36 1.494695
20 74 76 75 20 37 1.476783
20 77 79 78 20 38 1.475551
20 80 82 81 20 39 1.467502
20 83 85 84 20 40 1.447826
20 86 88 87 20 41 1.439817
20 89 91 90 20 42 1.432827
20 92 94 93 20 43 1.431646
20 95 97 96 20 44 1.426007
20 98 100 99 20 45 1.415532
20 101 103 102 20 46 1.409302
20 104 109 107 20 47 1.390942
20 110 115 113 20 48 1.369507
20 116 121 119 20 49 1.370310
20 122 127 125 20 50 1.345550
20 128 133 131 20 51 1.339687
20 134 139 137 20 52 1.337871
20 140 145 143 20 53 1.328190
20 146 151 149 20 54 1.314703
20 152 157 155 20 55 1.314148
20 158 163 161 20 56 1.304084
20 164 169 167 20 57 1.301769
20 170 175 173 20 58 1.301215
20 176 181 179 20 59 1.286801
20 182 187 185 20 60 1.277344
20 188 193 191 20 61 1.272770
20 194 254 224 20 62 1.260720
20 255 255 255 20 63 1.242626
21 0 0 0 21 0 1.000000   # ieta [22], pt 0
21 1 15 8 21 1 2.225219
21 16 16 16 21 2 2.147708
21 17 17 17 21 3 2.106425
21 18 18 18 21 4 2.071262
21 19 19 19 21 5 2.042258
21 20 20 20 21 6 2.016039
21 21 21 21 21 7 2.016039
21 22 22 22 21 8 1.986966
21 23 23 23 21 9 1.948641
21 24 24 24 21 10 1.938069
21 25 25 25 21 11 1.933383
21 26 26 26 21 12 1.884522
21 27 27 27 21 13 1.831121
21 28 28 28 21 14 1.827352
21 29 29 29 21 15 1.812316
21 30 30 30 21 16 1.784451
21 31 31 31 21 17 1.781720
21 32 33 33 21 18 1.764763
21 34 35 35 21 19 1.735043
21 36 37 37 21 20 1.709103
21 38 39 39 21 21 1.683128
21 40 41 41 21 22 1.664392
21 42 43 43 21 23 1.637042
21 44 45 45 21 24 1.620769
21 46 47 47 21 25 1.607943
21 48 49 49 21 26 1.606615
21 50 51 51 21 27 1.582580
21 52 53 53 21 28 1.571365
21 54 55 55 21 29 1.566337
21 56 57 57 21 30 1.551811
21 58 59 59 21 31 1.542541
21 60 61 61 21 32 1.533931
21 62 64 63 21 33 1.526870
21 65 67 66 21 34 1.503009
21 68 70 69 21 35 1.493941
21 71 73 72 21 36 1.488118
21 74 76 75 21 37 1.470570
21 77 79 78 21 38 1.469343
21 80 82 81 21 39 1.461327
21 83 85 84 21 40 1.441734
21 86 88 87 21 41 1.433218
21 89 91 90 21 42 1.426260
21 92 94 93 21 43 1.424962
21 95 97 96 21 44 1.419350
21 98 100 99 21 45 1.408924
21 101 103 102 21 46 1.402723
21 104 109 107 21 47 1.384449
21 110 115 113 21 48 1.363114
21 116 121 119 21 49 1.363913
21 122 127 125 21 50 1.339269
21 128 133 131 21 51 1.332834
21 134 139 137 21 52 1.330907
21 140 145 143 21 53 1.320751
21 146 151 149 21 54 1.306812
21 152 157 155 21 55 1.306260
21 158 163 161 21 56 1.296257
21 164 169 167 21 57 1.293956
21 170 175 173 21 58 1.293404
21 176 181 179 21 59 1.279077
21 182 187 185 21 60 1.269677
21 188 193 191 21 61 1.265131
21 194 254 224 21 62 1.253691
21 255 255 255 21 63 1.236158
22 0 0 0 22 0 1.000000   # ieta [23], pt 0
22 1 15 8 22 1 2.122865
22 16 16 16 22 2 2.100555
22 17 17 17 22 3 2.063988
22 18 18 18 22 4 2.029242
22 19 19 19 22 5 2.000896
22 20 20 20 22 6 1.975209
22 21 21 21 22 7 1.975209
22 22 22 22 22 8 1.948621
22 23 23 23 22 9 1.919263
22 24 24 24 22 10 1.909920
22 25 25 25 22 11 1.905161
22 26 26 26 22 12 1.855007
22 27 27 27 22 13 1.794088
22 28 28 28 22 14 1.791167
22 29 29 29 22 15 1.778165
22 30 30 30 22 16 1.747120
22 31 31 31 22 17 1.744856
22 32 33 33 22 18 1.731315
22 34 35 35 22 19 1.699064
22 36 37 37 22 20 1.674446
22 38 39 39 22 21 1.644658
22 40 41 41 22 22 1.625971
22 42 43 43 22 23 1.598728
22 44 45 45 22 24 1.582942
22 46 47 47 22 25 1.573834
22 48 49 49 22 26 1.572341
22 50 51 51 22 27 1.551730
22 52 53 53 22 28 1.542257
22 54 55 55 22 29 1.538021
22 56 57 57 22 30 1.528245
22 58 59 59 22 31 1.523129
22 60 61 61 22 32 1.514735
22 62 64 63 22 33 1.509218
22 65 67 66 22 34 1.486016
22 68 70 69 22 35 1.475897
22 71 73 72 22 36 1.469872
22 74 76 75 22 37 1.447064
22 77 79 78 22 38 1.445404
22 80 82 81 22 39 1.437025
22 83 85 84 22 40 1.417222
22 86 88 87 22 41 1.408551
22 89 91 90 22 42 1.401713
22 92 94 93 22 43 1.400438
22 95 97 96 22 44 1.393144
22 98 100 99 22 45 1.379226
22 101 103 102 22 46 1.372813
22 104 109 107 22 47 1.355249
22 110 115 113 22 48 1.342254
22 116 121 119 22 49 1.343018
22 122 127 125 22 50 1.320939
22 128 133 131 22 51 1.314648
22 134 139 137 22 52 1.312776
22 140 145 143 22 53 1.302788
22 146 151 149 22 54 1.289070
22 152 157 155 22 55 1.288526
22 158 163 161 22 56 1.276495
22 164 169 167 22 57 1.273039
22 170 175 173 22 58 1.272159
22 176 181 179 22 59 1.251826
22 182 187 185 22 60 1.239086
22 188 193 191 22 61 1.234498
22 194 254 224 22 62 1.222804
22 255 255 255 22 63 1.205777
23 0 0 0 23 0 1.000000   # ieta [24], pt 0
23 1 15 8 23 1 2.045260
23 16 16 16 23 2 2.008379
23 17 17 17 23 3 1.966110
23 18 18 18 23 4 1.949259
23 19 19 19 23 5 1.921481
23 20 20 20 23 6 1.892488
23 21 21 21 23 7 1.892488
23 22 22 22 23 8 1.856400
23 23 23 23 23 9 1.815808
23 24 24 24 23 10 1.809866
23 25 25 25 23 11 1.804374
23 26 26 26 23 12 1.772878
23 27 27 27 23 13 1.742238
23 28 28 28 23 14 1.740748
23 29 29 29 23 15 1.725366
23 30 30 30 23 16 1.693386
23 31 31 31 23 17 1.692462
23 32 33 33 23 18 1.680119
23 34 35 35 23 19 1.649702
23 36 37 37 23 20 1.625936
23 38 39 39 23 21 1.609546
23 40 41 41 23 22 1.601509
23 42 43 43 23 23 1.575751
23 44 45 45 23 24 1.560592
23 46 47 47 23 25 1.551348
23 48 49 49 23 26 1.550176
23 50 51 51 23 27 1.525901
23 52 53 53 23 28 1.512987
23 54 55 55 23 29 1.505974
23 56 57 57 23 30 1.488009
23 58 59 59 23 31 1.476881
23 60 61 61 23 32 1.465938
23 62 64 63 23 33 1.460267
23 65 67 66 23 34 1.437107
23 68 70 69 23 35 1.428299
23 71 73 72 23 36 1.423690
23 74 76 75 23 37 1.407434
23 77 79 78 23 38 1.406080
23 80 82 81 23 39 1.398657
23 83 85 84 23 40 1.385149
23 86 88 87 23 41 1.379431
23 89 91 90 23 42 1.373930
23 92 94 93 23 43 1.368371
23 95 97 96 23 44 1.364093
23 98 100 99 23 45 1.355254
23 101 103 102 23 46 1.349057
23 104 109 107 23 47 1.332320
23 110 115 113 23 48 1.316359
23 116 121 119 23 49 1.317108
23 122 127 125 23 50 1.301729
23 128 133 131 23 51 1.296649
23 134 139 137 23 52 1.295364
23 140 145 143 23 53 1.281608
23 146 151 149 23 54 1.265023
23 152 157 155 23 55 1.264489
23 158 163 161 23 56 1.252432
23 164 169 167 23 57 1.248990
23 170 175 173 23 58 1.248126
23 176 181 179 23 59 1.228805
23 182 187 185 23 60 1.216644
23 188 193 191 23 61 1.212349
23 194 254 224 23 62 1.199577
23 255 255 255 23 63 1.179961
24 0 0 0 24 0 1.000000   # ieta [25], pt 0
24 1 15 8 24 1 1.977973
24 16 16 16 24 2 1.947104
24 17 17 17 24 3 1.897958
24 18 18 18 24 4 1.884113
24 19 19 19 24 5 1.864196
24 20 20 20 24 6 1.828864
24 21 21 21 24 7 1.828864
24 22 22 22 24 8 1.795550
24 23 23 23 24 9 1.763365
24 24 24 24 24 10 1.758482
24 25 25 25 24 11 1.744855
24 26 26 26 24 12 1.732530
24 27 27 27 24 13 1.711254
24 28 28 28 24 14 1.709945
24 29 29 29 24 15 1.696423
24 30 30 30 24 16 1.672487
24 31 31 31 24 17 1.672449
24 32 33 33 24 18 1.663643
24 34 35 35 24 19 1.638564
24 36 37 37 24 20 1.621605
24 38 39 39 24 21 1.605744
24 40 41 41 24 22 1.595109
24 42 43 43 24 23 1.569542
24 44 45 45 24 24 1.556594
24 46 47 47 24 25 1.546673
24 48 49 49 24 26 1.545504
24 50 51 51 24 27 1.521594
24 52 53 53 24 28 1.509500
24 54 55 55 24 29 1.502504
24 56 57 57 24 30 1.483587
24 58 59 59 24 31 1.470516
24 60 61 61 24 32 1.456844
24 62 64 63 24 33 1.450028
24 65 67 66 24 34 1.426254
24 68 70 69 24 35 1.417699
24 71 73 72 24 36 1.413224
24 74 76 75 24 37 1.397672
24 77 79 78 24 38 1.396471
24 80 82 81 24 39 1.389202
24 83 85 84 24 40 1.375850
24 86 88 87 24 41 1.370783
24 89 91 90 24 42 1.365622
24 92 94 93 24 43 1.360097
24 95 97 96 24 44 1.357435
24 98 100 99 24 45 1.352108
24 101 103 102 24 46 1.346486
24 104 109 107 24 47 1.330549
24 110 115 113 24 48 1.316359
24 116 121 119 24 49 1.317108
24 122 127 125 24 50 1.301729
24 128 133 131 24 51 1.296649
24 134 139 137 24 52 1.295364
24 140 145 143 24 53 1.281608
24 146 151 149 24 54 1.265023
24 152 157 155 24 55 1.264489
24 158 163 161 24 56 1.252432
24 164 169 167 24 57 1.248990
24 170 175 173 24 58 1.248126
24 176 181 179 24 59 1.228805
24 182 187 185 24 60 1.216644
24 188 193 191 24 61 1.212349
24 194 254 224 24 62 1.199577
24 255 255 255 24 63 1.179961
25 0 0 0 25 0 1.000000   # ieta [26], pt 0
25 1 15 8 25 1 1.762854
25 16 16 16 25 2 1.747792
25 17 17 17 25 3 1.678436
25 18 18 18 25 4 1.660151
25 19 19 19 25 5 1.644519
25 20 20 20 25 6 1.643741
25 21 21 21 25 7 1.643741
25 22 22 22 25 8 1.631528
25 23 23 23 25 9 1.607698
25 24 24 24 25 10 1.600517
25 25 25 25 25 11 1.587421
25 26 26 26 25 12 1.595151
25 27 27 27 25 13 1.570018
25 28 28 28 25 14 1.569588
25 29 29 29 25 15 1.559718
25 30 30 30 25 16 1.548948
25 31 31 31 25 17 1.547159
25 32 33 33 25 18 1.546098
25 34 35 35 25 19 1.535700
25 36 37 37 25 20 1.515727
25 38 39 39 25 21 1.496279
25 40 41 41 25 22 1.485807
25 42 43 43 25 23 1.474661
25 44 45 45 25 24 1.473843
25 46 47 47 25 25 1.466670
25 48 49 49 25 26 1.465469
25 50 51 51 25 27 1.452883
25 52 53 53 25 28 1.447459
25 54 55 55 25 29 1.444422
25 56 57 57 25 30 1.430892
25 58 59 59 25 31 1.420095
25 60 61 61 25 32 1.409583
25 62 64 63 25 33 1.401576
25 65 67 66 25 34 1.371586
25 68 70 69 25 35 1.363096
25 71 73 72 25 36 1.356930
25 74 76 75 25 37 1.338278
25 77 79 78 25 38 1.337129
25 80 82 81 25 39 1.330244
25 83 85 84 25 40 1.314700
25 86 88 87 25 41 1.309525
25 89 91 90 25 42 1.306204
25 92 94 93 25 43 1.301639
25 95 97 96 25 44 1.299030
25 98 100 99 25 45 1.293601
25 101 103 102 25 46 1.285618
25 104 109 107 25 47 1.276914
25 110 115 113 25 48 1.272714
25 116 121 119 25 49 1.273438
25 122 127 125 25 50 1.267657
25 128 133 131 25 51 1.266135
25 134 139 137 25 52 1.265822
25 140 145 143 25 53 1.259010
25 146 151 149 25 54 1.247334
25 152 157 155 25 55 1.245617
25 158 163 161 25 56 1.235400
25 164 169 167 25 57 1.232270
25 170 175 173 25 58 1.231552
25 176 181 179 25 59 1.212488
25 182 187 185 25 60 1.200487
25 188 193 191 25 61 1.196250
25 194 254 224 25 62 1.184015
25 255 255 255 25 63 1.161331
26 0 0 0 26 0 1.000000   # ieta [27], pt 0
26 1 15 8 26 1 1.965620
26 16 16 16 26 2 1.943485
26 17 17 17 26 3 1.791777
26 18 18 18 26 4 1.711809
26 19 19 19 26 5 1.655273
26 20 20 20 26 6 1.653229
26 21 21 21 26 7 1.652076
26 22 22 22 26 8 1.639606
26 23 23 23 26 9 1.617050
26 24 24 24 26 10 1.589653
26 25 25 25 26 11 1.576646
26 26 26 26 26 12 1.565604
26 27 27 27 26 13 1.538212
26 28 28 28 26 14 1.536290
26 29 29 29 26 15 1.525816
26 30 30 30 26 16 1.506653
26 31 31 31 26 17 1.503994
26 32 33 33 26 18 1.487066
26 34 35 35 26 19 1.468735
26 36 37 37 26 20 1.444239
26 38 39 39 26 21 1.423184
26 40 41 41 26 22 1.412288
26 42 43 43 26 23 1.401732
26 44 45 45 26 24 1.400014
26 46 47 47 26 25 1.399168
26 48 49 49 26 26 1.399139
26 50 51 51 26 27 1.389926
26 52 53 53 26 28 1.386855
26 54 55 55 26 29 1.384941
26 56 57 57 26 30 1.376693
26 58 59 59 26 31 1.369925
26 60 61 61 26 32 1.362200
26 62 64 63 26 33 1.355685
26 65 67 66 26 34 1.323955
26 68 70 69 26 35 1.314388
26 71 73 72 26 36 1.308416
26 74 76 75 26 37 1.290686
26 77 79 78 26 38 1.287456
26 80 82 81 26 39 1.280680
26 83 85 84 26 40 1.273132
26 86 88 87 26 41 1.270112
26 89 91 90 26 42 1.263385
26 92 94 93 26 43 1.259856
26 95 97 96 26 44 1.259877
26 98 100 99 26 45 1.258768
26 101 103 102 26 46 1.251373
26 104 109 107 26 47 1.247852
26 110 115 113 26 48 1.243901
26 116 121 119 26 49 1.244711
26 122 127 125 26 50 1.211922
26 128 133 131 26 51 1.211511
26 134 139 137 26 52 1.211735
26 140 145 143 26 53 1.207824
26 146 151 149 26 54 1.200784
26 152 157 155 26 55 1.196328
26 158 163 161 26 56 1.185361
26 164 169 167 26 57 1.181914
26 170 175 173 26 58 1.181225
26 176 181 179 26 59 1.164528
26 182 187 185 26 60 1.153571
26 188 193 191 26 61 1.150565
26 194 254 224 26 62 1.131948
26 255 255 255 26 63 1.091906
27 0 0 0 27 0 1.000000   # ieta [28], pt 0
27 1 15 8 27 1 2.099537
27 16 16 16 27 2 2.099602
27 17 17 17 27 3 1.935707
27 18 18 18 27 4 1.761733
27 19 19 19 27 5 1.644007
27 20 20 20 27 6 1.641977
27 21 21 21 27 7 1.640832
27 22 22 22 27 8 1.628446
27 23 23 23 27 9 1.608996
27 24 24 24 27 10 1.560991
27 25 25 25 27 11 1.550557
27 26 26 26 27 12 1.539434
27 27 27 27 27 13 1.510944
27 28 28 28 27 14 1.508259
27 29 29 29 27 15 1.492791
27 30 30 30 27 16 1.464094
27 31 31 31 27 17 1.460034
27 32 33 33 27 18 1.444219
27 34 35 35 27 19 1.417123
27 36 37 37 27 20 1.380091
27 38 39 39 27 21 1.347006
27 40 41 41 27 22 1.327933
27 42 43 43 27 23 1.307872
27 44 45 45 27 24 1.306602
27 46 47 47 27 25 1.307791
27 48 49 49 27 26 1.304631
27 50 51 51 27 27 1.295370
27 52 53 53 27 28 1.293563
27 54 55 55 27 29 1.289898
27 56 57 57 27 30 1.280737
27 58 59 59 27 31 1.275397
27 60 61 61 27 32 1.272920
27 62 64 63 27 33 1.269139
27 65 67 66 27 34 1.250243
27 68 70 69 27 35 1.246594
27 71 73 72 27 36 1.242916
27 74 76 75 27 37 1.234968
27 77 79 78 27 38 1.232670
27 80 82 81 27 39 1.229842
27 83 85 84 27 40 1.230176
27 86 88 87 27 41 1.229087
27 89 91 90 27 42 1.222538
27 92 94 93 27 43 1.217853
27 95 97 96 27 44 1.218109
27 98 100 99 27 45 1.217424
27 101 103 102 27 46 1.210456
27 104 109 107 27 47 1.206247
27 110 115 113 27 48 1.190802
27 116 121 119 27 49 1.191465
27 122 127 125 27 50 1.160141
27 128 133 131 27 51 1.159760
27 134 139 137 27 52 1.159980
27 140 145 143 27 53 1.156864
27 146 151 149 27 54 1.150934
27 152 157 155 27 55 1.142574
27 158 163 161 27 56 1.130889
27 164 169 167 27 57 1.126830
27 170 175 173 27 58 1.126173
27 176 181 179 27 59 1.111540
27 182 187 185 27 60 1.097627
27 188 193 191 27 61 1.096651
27 194 254 224 27 62 1.064150
27 255 255 255 27 63 1.032830
28 0 0 0 28 0 1.000000   # ieta [29], pt 0
28 1 15 8 28 1 1.656916
28 16 16 16 28 2 1.650403
28 17 17 17 28 3 1.594076
28 18 18 18 28 4 1.523260
28 19 19 19 28 5 1.478995
28 20 20 20 28 6 1.457676
28 21 21 21 28 7 1.402320
28 22 22 22 28 8 1.365567
28 23 23 23 28 9 1.351014
28 24 24 24 28 10 1.303063
28 25 25 25 28 11 1.299037
28 26 26 26 28 12 1.265498
28 27 27 27 28 13 1.253878
28 28 28 28 28 14 1.231907
28 29 29 29 28 15 1.199674
28 30 30 30 28 16 1.189165
28 31 31 31 28 17 1.166228
28 32 33 33 28 18 1.156574
28 34 35 35 28 19 1.139017
28 36 37 37 28 20 1.123566
28 38 39 39 28 21 1.112224
28 40 41 41 28 22 1.093925
28 42 43 43 28 23 1.092906
28 44 45 45 28 24 1.092971
28 46 47 47 28 25 1.092037
28 48 49 49 28 26 1.092591
28 50 51 51 28 27 1.092547
28 52 53 53 28 28 1.091712
28 54 55 55 28 29 1.091782
28 56 57 57 28 30 1.091491
28 58 59 59 28 31 1.091491
28 60 61 61 28 32 1.091491
28 62 64 63 28 33 1.091225
28 65 67 66 28 34 1.090694
28 68 70 69 28 35 1.090805
28 71 73 72 28 36 1.091662
28 74 76 75 28 37 1.091743
28 77 79 78 28 38 1.090892
28 80 82 81 28 39 1.088445
28 83 85 84 28 40 1.086144
28 86 88 87 28 41 1.081969
28 89 91 90 28 42 1.081396
28 92 94 93 28 43 1.079966
28 95 97 96 28 44 1.077480
28 98 100 99 28 45 1.075279
28 101 103 102 28 46 1.068989
28 104 109 107 28 47 1.068173
28 110 115 113 28 48 1.066878
28 116 121 119 28 49 1.066878
28 122 127 125 28 50 1.066878
28 128 133 131 28 51 1.065552
28 134 139 137 28 52 1.065202
28 140 145 143 28 53 1.063833
28 146 151 149 28 54 1.062465
28 152 157 155 28 55 1.062438
28 158 163 161 28 56 1.062188
28 164 169 167 28 57 1.061622
28 170 175 173 28 58 1.061622
28 176 181 179 28 59 1.055425
28 182 187 185 28 60 1.051417
28 188 193 191 28 61 1.049524
28 194 254 224 28 62 1.042629
28 255 255 255 28 63 1.033755
29 0 0 0 29 0 1.000000   # ieta [30], pt 0
29 1 15 8 29 1 2.058649
29 16 16 16 29 2 1.911639
29 17 17 17 29 3 1.765344
29 18 18 18 29 4 1.699464
29 19 19 19 29 5 1.619145
29 20 20 20 29 6 1.602049
29 21 21 21 29 7 1.510141
29 22 22 22 29 8 1.446316
29 23 23 23 29 9 1.410189
29 24 24 24 29 10 1.333336
29 25 25 25 29 11 1.320023
29 26 26 26 29 12 1.280812
29 27 27 27 29 13 1.272043
29 28 28 28 29 14 1.242809
29 29 29 29 29 15 1.204580
29 30 30 30 29 16 1.186103
29 31 31 31 29 17 1.162163
29 32 33 33 29 18 1.142763
29 34 35 35 29 19 1.107713
29 36 37 37 29 20 1.074875
29 38 39 39 29 21 1.052639
29 40 41 41 29 22 1.014812
29 42 43 43 29 23 1.006839
29 44 45 45 29 24 1.005366
29 46 47 47 29 25 1.000144
29 48 49 49 29 26 0.998685
29 50 51 51 29 27 0.997155
29 52 53 53 29 28 0.996320
29 54 55 55 29 29 0.996838
29 56 57 57 29 30 0.996994
29 58 59 59 29 31 0.996994
29 60 61 61 29 32 0.996994
29 62 64 63 29 33 0.996925
29 65 67 66 29 34 0.996786
29 68 70 69 29 35 0.996897
29 71 73 72 29 36 0.999978
29 74 76 75 29 37 1.004426
29 77 79 78 29 38 1.006120
29 80 82 81 29 39 1.005854
29 83 85 84 29 40 1.004763
29 86 88 87 29 41 1.004686
29 89 91 90 29 42 1.004774
29 92 94 93 29 43 1.004774
29 95 97 96 29 44 1.004774
29 98 100 99 29 45 1.004774
29 101 103 102 29 46 1.004409
29 104 109 107 29 47 1.004180
29 110 115 113 29 48 1.003676
29 116 121 119 29 49 1.003676
29 122 127 125 29 50 1.003676
29 128 133 131 29 51 1.002309
29 134 139 137 29 52 1.001900
29 140 145 143 29 53 1.000648
29 146 151 149 29 54 0.999397
29 152 157 155 29 55 0.999373
29 158 163 161 29 56 0.999194
29 164 169 167 29 57 0.998888
29 170 175 173 29 58 0.998888
29 176 181 179 29 59 0.995142
29 182 187 185 29 60 0.992360
29 188 193 191 29 61 0.991413
29 194 254 224 29 62 0.984806
29 255 255 255 29 63 0.977382
30 0 0 0 30 0 1.000000   # ieta [31], pt 0
30 1 15 8 30 1 2.049493
30 16 16 16 30 2 1.893366
30 17 17 17 30 3 1.747071
30 18 18 18 30 4 1.681191
30 19 19 19 30 5 1.597211
30 20 20 20 30 6 1.580115
30 21 21 21 30 7 1.495311
30 22 22 22 30 8 1.430526
30 23 23 23 30 9 1.384440
30 24 24 24 30 10 1.310001
30 25 25 25 30 11 1.291319
30 26 26 26 30 12 1.238750
30 27 27 27 30 13 1.212674
30 28 28 28 30 14 1.184436
30 29 29 29 30 15 1.161635
30 30 30 30 30 16 1.139248
30 31 31 31 30 17 1.116030
30 32 33 33 30 18 1.073591
30 34 35 35 30 19 1.022293
30 36 37 37 30 20 0.992452
30 38 39 39 30 21 0.964533
30 40 41 41 30 22 0.947751
30 42 43 43 30 23 0.932167
30 44 45 45 30 24 0.927215
30 46 47 47 30 25 0.919376
30 48 49 49 30 26 0.917044
30 50 51 51 30 27 0.915609
30 52 53 53 30 28 0.915741
30 54 55 55 30 29 0.916259
30 56 57 57 30 30 0.916415
30 58 59 59 30 31 0.916415
30 60 61 61 30 32 0.916415
30 62 64 63 30 33 0.916415
30 65 67 66 30 34 0.916415
30 68 70 69 30 35 0.916526
30 71 73 72 30 36 0.930763
30 74 76 75 30 37 0.937257
30 77 79 78 30 38 0.939964
30 80 82 81 30 39 0.941105
30 83 85 84 30 40 0.941105
30 86 88 87 30 41 0.941281
30 89 91 90 30 42 0.941369
30 92 94 93 30 43 0.942094
30 95 97 96 30 44 0.942457
30 98 100 99 30 45 0.942457
30 101 103 102 30 46 0.942817
30 104 109 107 30 47 0.943304
30 110 115 113 30 48 0.943304
30 116 121 119 30 49 0.943304
30 122 127 125 30 50 0.943304
30 128 133 131 30 51 0.942941
30 134 139 137 30 52 0.943035
30 140 145 143 30 53 0.942820
30 146 151 149 30 54 0.942605
30 152 157 155 30 55 0.942581
30 158 163 161 30 56 0.942401
30 164 169 167 30 57 0.942096
30 170 175 173 30 58 0.942096
30 176 181 179 30 59 0.938440
30 182 187 185 30 60 0.936109
30 188 193 191 30 61 0.933903
30 194 254 224 30 62 0.925305
30 255 255 255 30 63 0.916039
31 0 0 0 31 0 1.000000   # ieta [32], pt 0
31 1 15 8 31 1 2.036088
31 16 16 16 31 2 1.881898
31 17 17 17 31 3 1.736877
31 18 18 18 31 4 1.670171
31 19 19 19 31 5 1.584130
31 20 20 20 31 6 1.559914
31 21 21 21 31 7 1.471213
31 22 22 22 31 8 1.395190
31 23 23 23 31 9 1.343028
31 24 24 24 31 10 1.247013
31 25 25 25 31 11 1.224807
31 26 26 26 31 12 1.163530
31 27 27 27 31 13 1.123568
31 28 28 28 31 14 1.096800
31 29 29 29 31 15 1.063472
31 30 30 30 31 16 1.046208
31 31 31 31 31 17 1.029866
31 32 33 33 31 18 0.984902
31 34 35 35 31 19 0.937685
31 36 37 37 31 20 0.911839
31 38 39 39 31 21 0.885113
31 40 41 41 31 22 0.862465
31 42 43 43 31 23 0.839444
31 44 45 45 31 24 0.828204
31 46 47 47 31 25 0.822761
31 48 49 49 31 26 0.816109
31 50 51 51 31 27 0.814674
31 52 53 53 31 28 0.814806
31 54 55 55 31 29 0.815324
31 56 57 57 31 30 0.815480
31 58 59 59 31 31 0.815480
31 60 61 61 31 32 0.815480
31 62 64 63 31 33 0.815480
31 65 67 66 31 34 0.815480
31 68 70 69 31 35 0.815591
31 71 73 72 31 36 0.829628
31 74 76 75 31 37 0.836450
31 77 79 78 31 38 0.839457
31 80 82 81 31 39 0.840748
31 83 85 84 31 40 0.840748
31 86 88 87 31 41 0.840924
31 89 91 90 31 42 0.841012
31 92 94 93 31 43 0.842683
31 95 97 96 31 44 0.843519
31 98 100 99 31 45 0.845065
31 101 103 102 31 46 0.846243
31 104 109 107 31 47 0.847238
31 110 115 113 31 48 0.847238
31 116 121 119 31 49 0.847238
31 122 127 125 31 50 0.847238
31 128 133 131 31 51 0.846876
31 134 139 137 31 52 0.846970
31 140 145 143 31 53 0.848709
31 146 151 149 31 54 0.850447
31 152 157 155 31 55 0.850424
31 158 163 161 31 56 0.850244
31 164 169 167 31 57 0.849938
31 170 175 173 31 58 0.849938
31 176 181 179 31 59 0.846283
31 182 187 185 31 60 0.843951
31 188 193 191 31 61 0.841746
31 194 254 224 31 62 0.832789
31 255 255 255 31 63 0.821825
32 0 0 0 32 0 1.000000   # ieta [33], pt 0
32 1 15 8 32 1 2.025190
32 16 16 16 32 2 1.879276
32 17 17 17 32 3 1.733804
32 18 18 18 32 4 1.667098
32 19 19 19 32 5 1.580906
32 20 20 20 32 6 1.556690
32 21 21 21 32 7 1.460578
32 22 22 22 32 8 1.382959
32 23 23 23 32 9 1.330074
32 24 24 24 32 10 1.233610
32 25 25 25 32 11 1.211404
32 26 26 26 32 12 1.151058
32 27 27 27 32 13 1.111510
32 28 28 28 32 14 1.084742
32 29 29 29 32 15 1.051414
32 30 30 30 32 16 1.034150
32 31 31 31 32 17 1.017807
32 32 33 33 32 18 0.972790
32 34 35 35 32 19 0.925164
32 36 37 37 32 20 0.896007
32 38 39 39 32 21 0.869151
32 40 41 41 32 22 0.846372
32 42 43 43 32 23 0.823351
32 44 45 45 32 24 0.812111
32 46 47 47 32 25 0.804460
32 48 49 49 32 26 0.797807
32 50 51 51 32 27 0.796372
32 52 53 53 32 28 0.796504
32 54 55 55 32 29 0.796580
32 56 57 57 32 30 0.796295
32 58 59 59 32 31 0.796295
32 60 61 61 32 32 0.796295
32 62 64 63 32 33 0.796295
32 65 67 66 32 34 0.796295
32 68 70 69 32 35 0.796406
32 71 73 72 32 36 0.807509
32 74 76 75 32 37 0.814331
32 77 79 78 32 38 0.817108
32 80 82 81 32 39 0.818285
32 83 85 84 32 40 0.818285
32 86 88 87 32 41 0.818285
32 89 91 90 32 42 0.818285
32 92 94 93 32 43 0.819500
32 95 97 96 32 44 0.820108
32 98 100 99 32 45 0.821653
32 101 103 102 32 46 0.822687
32 104 109 107 32 47 0.822654
32 110 115 113 32 48 0.822654
32 116 121 119 32 49 0.822654
32 122 127 125 32 50 0.822654
32 128 133 131 32 51 0.822952
32 134 139 137 32 52 0.823407
32 140 145 143 32 53 0.826757
32 146 151 149 32 54 0.829257
32 152 157 155 32 55 0.829307
32 158 163 161 32 56 0.829723
32 164 169 167 32 57 0.830546
32 170 175 173 32 58 0.830546
32 176 181 179 32 59 0.827667
32 182 187 185 32 60 0.825723
32 188 193 191 32 61 0.823517
32 194 254 224 32 62 0.814560
32 255 255 255 32 63 0.803596
33 0 0 0 33 0 1.000000   # ieta [34], pt 0
33 1 15 8 33 1 2.027959
33 16 16 16 33 2 1.879748
33 17 17 17 33 3 1.734764
33 18 18 18 33 4 1.668059
33 19 19 19 33 5 1.581867
33 20 20 20 33 6 1.557650
33 21 21 21 33 7 1.468344
33 22 22 22 33 8 1.391782
33 23 23 23 33 9 1.339472
33 24 24 24 33 10 1.245391
33 25 25 25 33 11 1.223185
33 26 26 26 33 12 1.161908
33 27 27 27 33 13 1.122360
33 28 28 28 33 14 1.095592
33 29 29 29 33 15 1.062264
33 30 30 30 33 16 1.045000
33 31 31 31 33 17 1.028658
33 32 33 33 33 18 0.984151
33 34 35 35 33 19 0.937385
33 36 37 37 33 20 0.913466
33 38 39 39 33 21 0.886756
33 40 41 41 33 22 0.863751
33 42 43 43 33 23 0.842189
33 44 45 45 33 24 0.831158
33 46 47 47 33 25 0.825715
33 48 49 49 33 26 0.819242
33 50 51 51 33 27 0.817867
33 52 53 53 33 28 0.817880
33 54 55 55 33 29 0.818485
33 56 57 57 33 30 0.818729
33 58 59 59 33 31 0.818729
33 60 61 61 33 32 0.818729
33 62 64 63 33 33 0.818729
33 65 67 66 33 34 0.818729
33 68 70 69 33 35 0.818839
33 71 73 72 33 36 0.829823
33 74 76 75 33 37 0.836406
33 77 79 78 33 38 0.839184
33 80 82 81 33 39 0.840361
33 83 85 84 33 40 0.840361
33 86 88 87 33 41 0.840361
33 89 91 90 33 42 0.840361
33 92 94 93 33 43 0.841576
33 95 97 96 33 44 0.842183
33 98 100 99 33 45 0.843729
33 101 103 102 33 46 0.844435
33 104 109 107 33 47 0.844239
33 110 115 113 33 48 0.844239
33 116 121 119 33 49 0.844239
33 122 127 125 33 50 0.844239
33 128 133 131 33 51 0.844194
33 134 139 137 33 52 0.844476
33 140 145 143 33 53 0.846614
33 146 151 149 33 54 0.847901
33 152 157 155 33 55 0.847857
33 158 163 161 33 56 0.847552
33 164 169 167 33 57 0.847104
33 170 175 173 33 58 0.847104
33 176 181 179 33 59 0.843529
33 182 187 185 33 60 0.841237
33 188 193 191 33 61 0.839031
33 194 254 224 33 62 0.830626
33 255 255 255 33 63 0.820272
34 0 0 0 34 0 1.000000   # ieta [35], pt 0
34 1 15 8 34 1 2.029398
34 16 16 16 34 2 1.879748
34 17 17 17 34 3 1.734764
34 18 18 18 34 4 1.668059
34 19 19 19 34 5 1.583326
34 20 20 20 34 6 1.559109
34 21 21 21 34 7 1.471525
34 22 22 22 34 8 1.403252
34 23 23 23 34 9 1.357777
34 24 24 24 34 10 1.274318
34 25 25 25 34 11 1.253441
34 26 26 26 34 12 1.194607
34 27 27 27 34 13 1.156070
34 28 28 28 34 14 1.129301
34 29 29 29 34 15 1.090433
34 30 30 30 34 16 1.072540
34 31 31 31 34 17 1.057877
34 32 33 33 34 18 1.032362
34 34 35 35 34 19 0.992953
34 36 37 37 34 20 0.970879
34 38 39 39 34 21 0.945250
34 40 41 41 34 22 0.923757
34 42 43 43 34 23 0.899773
34 44 45 45 34 24 0.884022
34 46 47 47 34 25 0.872285
34 48 49 49 34 26 0.869679
34 50 51 51 34 27 0.867850
34 52 53 53 34 28 0.867863
34 54 55 55 34 29 0.868468
34 56 57 57 34 30 0.868711
34 58 59 59 34 31 0.868711
34 60 61 61 34 32 0.868711
34 62 64 63 34 33 0.868711
34 65 67 66 34 34 0.868711
34 68 70 69 34 35 0.868822
34 71 73 72 34 36 0.876625
34 74 76 75 34 37 0.882480
34 77 79 78 34 38 0.884957
34 80 82 81 34 39 0.885983
34 83 85 84 34 40 0.885983
34 86 88 87 34 41 0.885983
34 89 91 90 34 42 0.885983
34 92 94 93 34 43 0.886252
34 95 97 96 34 44 0.886387
34 98 100 99 34 45 0.886387
34 101 103 102 34 46 0.886320
34 104 109 107 34 47 0.886124
34 110 115 113 34 48 0.886124
34 116 121 119 34 49 0.886124
34 122 127 125 34 50 0.886124
34 128 133 131 34 51 0.886079
34 134 139 137 34 52 0.886361
34 140 145 143 34 53 0.888247
34 146 151 149 34 54 0.889281
34 152 157 155 34 55 0.889238
34 158 163 161 34 56 0.888932
34 164 169 167 34 57 0.888485
34 170 175 173 34 58 0.888485
34 176 181 179 34 59 0.884683
34 182 187 185 34 60 0.882279
34 188 193 191 34 61 0.880073
34 194 254 224 34 62 0.871668
34 255 255 255 34 63 0.861314
35 0 0 0 35 0 1.000000   # ieta [36], pt 0
35 1 15 8 35 1 2.029398
35 16 16 16 35 2 1.879748
35 17 17 17 35 3 1.734764
35 18 18 18 35 4 1.668059
35 19 19 19 35 5 1.583326
35 20 20 20 35 6 1.559109
35 21 21 21 35 7 1.471525
35 22 22 22 35 8 1.404484
35 23 23 23 35 9 1.365340
35 24 24 24 35 10 1.288138
35 25 25 25 35 11 1.267261
35 26 26 26 35 12 1.208427
35 27 27 27 35 13 1.169890
35 28 28 28 35 14 1.143121
35 29 29 29 35 15 1.100366
35 30 30 30 35 16 1.082473
35 31 31 31 35 17 1.068538
35 32 33 33 35 18 1.044537
35 34 35 35 35 19 1.003488
35 36 37 37 35 20 0.979276
35 38 39 39 35 21 0.950384
35 40 41 41 35 22 0.928237
35 42 43 43 35 23 0.905057
35 44 45 45 35 24 0.889306
35 46 47 47 35 25 0.876937
35 48 49 49 35 26 0.874331
35 50 51 51 35 27 0.872502
35 52 53 53 35 28 0.872515
35 54 55 55 35 29 0.873120
35 56 57 57 35 30 0.873364
35 58 59 59 35 31 0.873364
35 60 61 61 35 32 0.873364
35 62 64 63 35 33 0.873364
35 65 67 66 35 34 0.873364
35 68 70 69 35 35 0.873475
35 71 73 72 35 36 0.881278
35 74 76 75 35 37 0.887133
35 77 79 78 35 38 0.889610
35 80 82 81 35 39 0.890636
35 83 85 84 35 40 0.890636
35 86 88 87 35 41 0.890636
35 89 91 90 35 42 0.890636
35 92 94 93 35 43 0.890905
35 95 97 96 35 44 0.891039
35 98 100 99 35 45 0.891039
35 101 103 102 35 46 0.890973
35 104 109 107 35 47 0.890777
35 110 115 113 35 48 0.890777
35 116 121 119 35 49 0.890777
35 122 127 125 35 50 0.890777
35 128 133 131 35 51 0.889317
35 134 139 137 35 52 0.889316
35 140 145 143 35 53 0.890790
35 146 151 149 35 54 0.891412
35 152 157 155 35 55 0.891369
35 158 163 161 35 56 0.891012
35 164 169 167 35 57 0.890304
35 170 175 173 35 58 0.890304
35 176 181 179 35 59 0.886202
35 182 187 185 35 60 0.883372
35 188 193 191 35 61 0.881166
35 194 254 224 35 62 0.872761
35 255 255 255 35 63 0.862407
36 0 0 0 36 0 1.000000   # ieta [37], pt 0
36 1 15 8 36 1 2.029398
36 16 16 16 36 2 1.881934
36 17 17 17 36 3 1.736950
36 18 18 18 36 4 1.670244
36 19 19 19 36 5 1.585512
36 20 20 20 36 6 1.561295
36 21 21 21 36 7 1.474308
36 22 22 22 36 8 1.417510
36 23 23 23 36 9 1.384901
36 24 24 24 36 10 1.305838
36 25 25 25 36 11 1.292093
36 26 26 26 36 12 1.233259
36 27 27 27 36 13 1.195453
36 28 28 28 36 14 1.168685
36 29 29 29 36 15 1.125930
36 30 30 30 36 16 1.108665
36 31 31 31 36 17 1.090992
36 32 33 33 36 18 1.074032
36 34 35 35 36 19 1.040711
36 36 37 37 36 20 1.019978
36 38 39 39 36 21 0.990523
36 40 41 41 36 22 0.968931
36 42 43 43 36 23 0.944682
36 44 45 45 36 24 0.927787
36 46 47 47 36 25 0.909694
36 48 49 49 36 26 0.904752
36 50 51 51 36 27 0.901019
36 52 53 53 36 28 0.900413
36 54 55 55 36 29 0.900099
36 56 57 57 36 30 0.897173
36 58 59 59 36 31 0.894302
36 60 61 61 36 32 0.894302
36 62 64 63 36 33 0.894302
36 65 67 66 36 34 0.894302
36 68 70 69 36 35 0.894413
36 71 73 72 36 36 0.902216
36 74 76 75 36 37 0.908071
36 77 79 78 36 38 0.910548
36 80 82 81 36 39 0.911574
36 83 85 84 36 40 0.911574
36 86 88 87 36 41 0.911574
36 89 91 90 36 42 0.911574
36 92 94 93 36 43 0.911843
36 95 97 96 36 44 0.911977
36 98 100 99 36 45 0.911977
36 101 103 102 36 46 0.911911
36 104 109 107 36 47 0.911714
36 110 115 113 36 48 0.911714
36 116 121 119 36 49 0.911714
36 122 127 125 36 50 0.911714
36 128 133 131 36 51 0.910255
36 134 139 137 36 52 0.910254
36 140 145 143 36 53 0.911503
36 146 151 149 36 54 0.911902
36 152 157 155 36 55 0.911782
36 158 163 161 36 56 0.910859
36 164 169 167 36 57 0.909237
36 170 175 173 36 58 0.909237
36 176 181 179 36 59 0.904097
36 182 187 185 36 60 0.900748
36 188 193 191 36 61 0.898542
36 194 254 224 36 62 0.890137
36 255 255 255 36 63 0.879783
37 0 0 0 37 0 1.000000   # ieta [38], pt 0
37 1 15 8 37 1 2.029398
37 16 16 16 37 2 1.882622
37 17 17 17 37 3 1.737638
37 18 18 18 37 4 1.670932
37 19 19 19 37 5 1.586200
37 20 20 20 37 6 1.561983
37 21 21 21 37 7 1.474997
37 22 22 22 37 8 1.420140
37 23 23 23 37 9 1.393078
37 24 24 24 37 10 1.316192
37 25 25 25 37 11 1.302447
37 26 26 26 37 12 1.243613
37 27 27 27 37 13 1.205807
37 28 28 28 37 14 1.183403
37 29 29 29 37 15 1.141287
37 30 30 30 37 16 1.124023
37 31 31 31 37 17 1.102832
37 32 33 33 37 18 1.085328
37 34 35 35 37 19 1.051462
37 36 37 37 37 20 1.027580
37 38 39 39 37 21 0.997599
37 40 41 41 37 22 0.974194
37 42 43 43 37 23 0.948897
37 44 45 45 37 24 0.932003
37 46 47 47 37 25 0.913909
37 48 49 49 37 26 0.908968
37 50 51 51 37 27 0.906502
37 52 53 53 37 28 0.905895
37 54 55 55 37 29 0.904218
37 56 57 57 37 30 0.899928
37 58 59 59 37 31 0.897057
37 60 61 61 37 32 0.897057
37 62 64 63 37 33 0.897057
37 65 67 66 37 34 0.897057
37 68 70 69 37 35 0.897168
37 71 73 72 37 36 0.904971
37 74 76 75 37 37 0.910826
37 77 79 78 37 38 0.913303
37 80 82 81 37 39 0.914329
37 83 85 84 37 40 0.914329
37 86 88 87 37 41 0.914329
37 89 91 90 37 42 0.914329
37 92 94 93 37 43 0.914598
37 95 97 96 37 44 0.914732
37 98 100 99 37 45 0.914732
37 101 103 102 37 46 0.914666
37 104 109 107 37 47 0.914469
37 110 115 113 37 48 0.914469
37 116 121 119 37 49 0.914469
37 122 127 125 37 50 0.914469
37 128 133 131 37 51 0.913009
37 134 139 137 37 52 0.913009
37 140 145 143 37 53 0.914258
37 146 151 149 37 54 0.914657
37 152 157 155 37 55 0.914537
37 158 163 161 37 56 0.913614
37 164 169 167 37 57 0.911992
37 170 175 173 37 58 0.911992
37 176 181 179 37 59 0.906852
37 182 187 185 37 60 0.903503
37 188 193 191 37 61 0.901297
37 194 254 224 37 62 0.892892
37 255 255 255 37 63 0.882538
38 0 0 0 38 0 1.000000   # ieta [39], pt 0
38 1 15 8 38 1 2.029398
38 16 16 16 38 2 1.882622
38 17 17 17 38 3 1.737638
38 18 18 18 38 4 1.670932
38 19 19 19 38 5 1.586200
38 20 20 20 38 6 1.561983
38 21 21 21 38 7 1.474997
38 22 22 22 38 8 1.420140
38 23 23 23 38 9 1.393078
38 24 24 24 38 10 1.316192
38 25 25 25 38 11 1.302447
38 26 26 26 38 12 1.243613
38 27 27 27 38 13 1.205807
38 28 28 28 38 14 1.183403
38 29 29 29 38 15 1.141287
38 30 30 30 38 16 1.124023
38 31 31 31 38 17 1.102832
38 32 33 33 38 18 1.085328
38 34 35 35 38 19 1.051462
38 36 37 37 38 20 1.027580
38 38 39 39 38 21 0.997599
38 40 41 41 38 22 0.974194
38 42 43 43 38 23 0.948897
38 44 45 45 38 24 0.932003
38 46 47 47 38 25 0.913909
38 48 49 49 38 26 0.908968
38 50 51 51 38 27 0.906502
38 52 53 53 38 28 0.905895
38 54 55 55 38 29 0.904218
38 56 57 57 38 30 0.899928
38 58 59 59 38 31 0.897057
38 60 61 61 38 32 0.897057
38 62 64 63 38 33 0.897057
38 65 67 66 38 34 0.897057
38 68 70 69 38 35 0.897168
38 71 73 72 38 36 0.904971
38 74 76 75 38 37 0.910826
38 77 79 78 38 38 0.913303
38 80 82 81 38 39 0.914329
38 83 85 84 38 40 0.914329
38 86 88 87 38 41 0.914329
38 89 91 90 38 42 0.914329
38 92 94 93 38 43 0.914598
38 95 97 96 38 44 0.914732
38 98 100 99 38 45 0.914732
38 101 103 102 38 46 0.914666
38 104 109 107 38 47 0.914469
38 110 115 113 38 48 0.914469
38 116 121 119 38 49 0.914469
38 122 127 125 38 50 0.914469
38 128 133 131 38 51 0.913009
38 134 139 137 38 52 0.913009
38 140 145 143 38 53 0.914258
38 146 151 149 38 54 0.914657
38 152 157 155 38 55 0.914537
38 158 163 161 38 56 0.913614
38 164 169 167 38 57 0.911992
38 170 175 173 38 58 0.911992
38 176 181 179 38 59 0.906852
38 182 187 185 38 60 0.903503
38 188 193 191 38 61 0.901297
38 194 254 224 38 62 0.892892
38 255 255 255 38 63 0.882538
39 0 0 0 39 0 1.000000   # ieta [40], pt 0
39 1 15 8 39 1 2.029398
39 16 16 16 39 2 1.882622
39 17 17 17 39 3 1.737638
39 18 18 18 39 4 1.670932
39 19 19 19 39 5 1.586200
39 20 20 20 39 6 1.561983
39 21 21 21 39 7 1.474997
39 22 22 22 39 8 1.420140
39 23 23 23 39 9 1.393078
39 24 24 24 39 10 1.316192
39 25 25 25 39 11 1.302447
39 26 26 26 39 12 1.243613
39 27 27 27 39 13 1.205807
39 28 28 28 39 14 1.183403
39 29 29 29 39 15 1.141287
39 30 30 30 39 16 1.124023
39 31 31 31 39 17 1.102832
39 32 33 33 39 18 1.085328
39 34 35 35 39 19 1.051462
39 36 37 37 39 20 1.027580
39 38 39 39 39 21 0.997599
39 40 41 41 39 22 0.974194
39 42 43 43 39 23 0.948897
39 44 45 45 39 24 0.932003
39 46 47 47 39 25 0.913909
39 48 49 49 39 26 0.908968
39 50 51 51 39 27 0.906502
39 52 53 53 39 28 0.905895
39 54 55 55 39 29 0.904218
39 56 57 57 39 30 0.899928
39 58 59 59 39 31 0.897057
39 60 61 61 39 32 0.897057
39 62 64 63 39 33 0.897057
39 65 67 66 39 34 0.897057
39 68 70 69 39 35 0.897168
39 71 73 72 39 36 0.904971
39 74 76 75 39 37 0.910826
39 77 79 78 39 38 0.913303
39 80 82 81 39 39 0.914329
39 83 85 84 39 40 0.914329
39 86 88 87 39 41 0.914329
39 89 91 90 39 42 0.914329
39 92 94 93 39 43 0.914598
39 95 97 96 39 44 0.914732
39 98 100 99 39 45 0.914732
39 101 103 102 39 46 0.914666
39 104 109 107 39 47 0.914469
39 110 115 113 39 48 0.914469
39 116 121 119 39 49 0.914469
39 122 127 125 39 50 0.914469
39 128 133 131 39 51 0.913009
39 134 139 137 39 52 0.913009
39 140 145 143 39 53 0.914258
39 146 151 149 39 54 0.914657
39 152 157 155 39 55 0.914537
39 158 163 161 39 56 0.913614
39 164 169 167 39 57 0.911992
39 170 175 173 39 58 0.911992
39 176 181 179 39 59 0.906852
39 182 187 185 39 60 0.903503
39 188 193 191 39 61 0.901297
39 194 254 224 39 62 0.892892
39 255 255 255 39 63 0.882538
