# address to addend+multiplicative factor LUT
# maps 12 bits to 18 bits
# 18 bits = (addend<<10) + multiplier)
# addend is signed 8 bits, multiplier is 10 bits
# anything after # is ignored with the exception of the header
# the header is first valid line starting with #<header> versionStr nrBitsAddress nrBitsData </header>
#<header> v1 12 18 </header>
0 512  # compresses ieta bin 0, pt 0
1 819
2 824
3 822
4 832
5 817
6 826
7 823
8 821
9 820
10 827
11 825
12 824
13 820
14 819
15 818
16 816
17 815
18 811
19 802
20 792
21 785
22 784
23 772
24 771
25 760
26 755
27 746
28 746
29 743
30 735
31 732
32 729
33 726
34 716
35 715
36 713
37 705
38 704
39 703
40 696
41 693
42 693
43 690
44 687
45 682
46 679
47 674
48 665
49 666
50 657
51 654
52 654
53 651
54 647
55 647
56 643
57 642
58 642
59 636
60 632
61 629
62 620
63 608
64 512  # compresses ieta bin 1, pt 0
65 849
66 856
67 852
68 861
69 856
70 851
71 849
72 856
73 852
74 848
75 846
76 844
77 839
78 837
79 834
80 824
81 823
82 819
83 809
84 800
85 792
86 790
87 777
88 772
89 760
90 760
91 750
92 747
93 747
94 740
95 740
96 733
97 730
98 720
99 718
100 717
101 708
102 707
103 706
104 699
105 696
106 696
107 692
108 689
109 684
110 682
111 676
112 670
113 668
114 659
115 658
116 657
117 653
118 649
119 649
120 647
121 643
122 643
123 637
124 635
125 632
126 621
127 610
128 512  # compresses ieta bin 2, pt 0
129 880
130 857
131 852
132 849
133 856
134 852
135 860
136 856
137 852
138 850
139 855
140 852
141 839
142 838
143 836
144 832
145 830
146 827
147 816
148 806
149 798
150 791
151 783
152 777
153 765
154 765
155 755
156 751
157 747
158 744
159 740
160 733
161 730
162 724
163 718
164 717
165 708
166 707
167 706
168 699
169 696
170 696
171 693
172 689
173 684
174 682
175 676
176 670
177 668
178 659
179 658
180 657
181 653
182 649
183 649
184 647
185 643
186 643
187 637
188 635
189 632
190 622
191 610
192 512  # compresses ieta bin 3, pt 0
193 880
194 872
195 866
196 861
197 856
198 864
199 860
200 857
201 863
202 859
203 856
204 852
205 840
206 846
207 843
208 833
209 831
210 827
211 817
212 807
213 798
214 796
215 783
216 778
217 765
218 765
219 755
220 751
221 752
222 744
223 740
224 737
225 734
226 724
227 718
228 717
229 709
230 711
231 706
232 699
233 699
234 696
235 695
236 690
237 684
238 682
239 676
240 670
241 671
242 661
243 658
244 657
245 655
246 649
247 649
248 647
249 643
250 643
251 637
252 635
253 632
254 622
255 611
256 512  # compresses ieta bin 4, pt 0
257 887
258 888
259 881
260 875
261 870
262 877
263 872
264 879
265 874
266 870
267 876
268 863
269 858
270 855
271 852
272 849
273 847
274 842
275 830
276 820
277 811
278 803
279 795
280 788
281 776
282 776
283 761
284 761
285 757
286 749
287 749
288 741
289 738
290 728
291 722
292 720
293 712
294 711
295 710
296 702
297 699
298 698
299 695
300 692
301 687
302 684
303 681
304 674
305 673
306 663
307 662
308 661
309 658
310 652
311 652
312 650
313 646
314 646
315 640
316 636
317 635
318 627
319 616
320 512  # compresses ieta bin 5, pt 0
321 944
322 923
323 926
324 920
325 923
326 916
327 921
328 916
329 918
330 912
331 908
332 901
333 887
334 882
335 878
336 867
337 872
338 858
339 845
340 834
341 817
342 815
343 802
344 800
345 783
346 782
347 776
348 770
349 766
350 762
351 762
352 758
353 754
354 739
355 737
356 734
357 726
358 724
359 719
360 712
361 711
362 707
363 704
364 700
365 695
366 692
367 686
368 679
369 677
370 665
371 664
372 663
373 660
374 654
375 654
376 650
377 648
378 648
379 640
380 636
381 635
382 627
383 617
384 512  # compresses ieta bin 6, pt 0
385 945
386 936
387 929
388 932
389 923
390 928
391 922
392 925
393 920
394 923
395 917
396 911
397 888
398 891
399 880
400 875
401 872
402 865
403 852
404 834
405 818
406 815
407 802
408 800
409 783
410 782
411 776
412 770
413 766
414 762
415 762
416 758
417 754
418 739
419 737
420 734
421 726
422 724
423 719
424 712
425 711
426 707
427 706
428 700
429 695
430 694
431 688
432 679
433 679
434 667
435 666
436 667
437 662
438 656
439 657
440 651
441 649
442 649
443 642
444 637
445 635
446 627
447 617
448 512  # compresses ieta bin 7, pt 0
449 944
450 936
451 929
452 932
453 923
454 928
455 922
456 925
457 920
458 923
459 917
460 911
461 888
462 891
463 880
464 875
465 872
466 865
467 852
468 834
469 818
470 815
471 802
472 800
473 783
474 782
475 776
476 770
477 766
478 762
479 762
480 758
481 754
482 739
483 737
484 734
485 726
486 724
487 719
488 712
489 711
490 707
491 706
492 700
493 695
494 694
495 688
496 679
497 679
498 667
499 666
500 667
501 662
502 656
503 657
504 651
505 649
506 649
507 642
508 637
509 635
510 627
511 617
512 512  # compresses ieta bin 8, pt 0
513 981
514 971
515 971
516 963
517 964
518 956
519 957
520 950
521 942
522 944
523 937
524 921
525 897
526 901
527 896
528 883
529 880
530 873
531 860
532 848
533 837
534 828
535 813
536 806
537 798
538 797
539 781
540 775
541 775
542 770
543 766
544 762
545 758
546 747
547 741
548 738
549 732
550 730
551 729
552 718
553 717
554 713
555 712
556 708
557 702
558 699
559 695
560 686
561 686
562 673
563 672
564 672
565 669
566 663
567 662
568 656
569 654
570 654
571 646
572 642
573 639
574 631
575 623
576 512  # compresses ieta bin 9, pt 0
577 1008
578 984
579 974
580 975
581 964
582 966
583 960
584 960
585 952
586 944
587 938
588 921
589 906
590 902
591 898
592 892
593 888
594 881
595 867
596 855
597 850
598 840
599 826
600 817
601 810
602 813
603 796
604 790
605 784
606 775
607 771
608 766
609 762
610 747
611 744
612 742
613 733
614 734
615 729
616 721
617 717
618 715
619 714
620 711
621 705
622 702
623 698
624 688
625 688
626 675
627 674
628 674
629 669
630 663
631 662
632 658
633 654
634 654
635 646
636 642
637 639
638 633
639 623
640 512  # compresses ieta bin 10, pt 0
641 982
642 984
643 971
644 963
645 964
646 966
647 960
648 960
649 952
650 944
651 938
652 921
653 906
654 902
655 897
656 892
657 888
658 881
659 867
660 855
661 850
662 840
663 826
664 817
665 810
666 813
667 796
668 786
669 784
670 775
671 771
672 766
673 762
674 747
675 744
676 742
677 732
678 734
679 729
680 721
681 717
682 715
683 712
684 708
685 705
686 702
687 698
688 690
689 690
690 677
691 676
692 676
693 671
694 664
695 663
696 658
697 656
698 655
699 647
700 643
701 640
702 633
703 624
704 512  # compresses ieta bin 11, pt 0
705 1008
706 984
707 974
708 975
709 966
710 966
711 970
712 960
713 952
714 944
715 939
716 921
717 906
718 910
719 905
720 892
721 889
722 881
723 868
724 861
725 850
726 846
727 831
728 817
729 810
730 813
731 796
732 790
733 784
734 779
735 775
736 766
737 762
738 751
739 744
740 742
741 736
742 737
743 732
744 724
745 722
746 718
747 717
748 716
749 713
750 709
751 705
752 697
753 696
754 683
755 682
756 682
757 676
758 668
759 668
760 663
761 662
762 661
763 653
764 648
765 646
766 638
767 629
768 512  # compresses ieta bin 12, pt 0
769 2042
770 1019
771 1017
772 1006
773 1004
774 1005
775 1006
776 995
777 976
778 976
779 969
780 951
781 925
782 928
783 923
784 910
785 913
786 904
787 889
788 882
789 870
790 865
791 849
792 839
793 831
794 829
795 816
796 804
797 803
798 789
799 784
800 779
801 775
802 763
803 759
804 756
805 749
806 747
807 744
808 736
809 734
810 730
811 728
812 727
813 723
814 719
815 710
816 702
817 701
818 688
819 685
820 683
821 678
822 671
823 672
824 667
825 665
826 665
827 657
828 651
829 650
830 642
831 633
832 512  # compresses ieta bin 13, pt 0
833 3071
834 4095
835 4095
836 3071
837 3071
838 2046
839 2047
840 1018
841 1007
842 1008
843 999
844 981
845 963
846 965
847 958
848 943
849 939
850 927
851 918
852 903
853 890
854 884
855 867
856 857
857 847
858 845
859 827
860 819
861 817
862 806
863 801
864 796
865 791
866 778
867 774
868 770
869 760
870 757
871 754
872 745
873 740
874 738
875 736
876 735
877 728
878 727
879 717
880 708
881 707
882 696
883 693
884 693
885 687
886 680
887 680
888 675
889 674
890 673
891 666
892 661
893 658
894 652
895 643
896 512  # compresses ieta bin 14, pt 0
897 3071
898 4095
899 4095
900 3071
901 3071
902 2047
903 2047
904 1018
905 1009
906 1008
907 1000
908 990
909 964
910 965
911 958
912 944
913 946
914 929
915 918
916 903
917 890
918 884
919 873
920 862
921 853
922 850
923 836
924 828
925 822
926 815
927 810
928 804
929 803
930 790
931 785
932 781
933 770
934 770
935 763
936 754
937 749
938 744
939 745
940 743
941 736
942 734
943 724
944 715
945 716
946 702
947 699
948 698
949 694
950 687
951 687
952 682
953 680
954 680
955 673
956 668
957 664
958 659
959 649
960 512  # compresses ieta bin 15, pt 0
961 2047
962 2047
963 3071
964 3071
965 3071
966 2043
967 2043
968 1018
969 1009
970 1008
971 1000
972 990
973 964
974 965
975 959
976 952
977 946
978 936
979 925
980 917
981 903
982 896
983 885
984 874
985 864
986 865
987 851
988 843
989 836
990 829
991 823
992 821
993 815
994 805
995 800
996 795
997 784
998 783
999 779
1000 766
1001 764
1002 758
1003 758
1004 756
1005 751
1006 747
1007 738
1008 733
1009 733
1010 718
1011 717
1012 715
1013 710
1014 704
1015 703
1016 699
1017 697
1018 696
1019 687
1020 682
1021 680
1022 675
1023 665
1024 512  # compresses ieta bin 16, pt 0
1025 6143
1026 9215
1027 9215
1028 8191
1029 8191
1030 7167
1031 7167
1032 7167
1033 5119
1034 5119
1035 5119
1036 2047
1037 1010
1038 1010
1039 1002
1040 994
1041 988
1042 982
1043 962
1044 951
1045 936
1046 928
1047 914
1048 908
1049 896
1050 896
1051 877
1052 868
1053 864
1054 856
1055 853
1056 846
1057 844
1058 832
1059 826
1060 820
1061 807
1062 806
1063 798
1064 788
1065 784
1066 778
1067 778
1068 775
1069 770
1070 767
1071 758
1072 751
1073 752
1074 739
1075 736
1076 736
1077 730
1078 723
1079 723
1080 718
1081 717
1082 714
1083 706
1084 701
1085 698
1086 692
1087 683
1088 512  # compresses ieta bin 17, pt 0
1089 5119
1090 7167
1091 7167
1092 6143
1093 6143
1094 5119
1095 5119
1096 4095
1097 3071
1098 2047
1099 2045
1100 1000
1101 982
1102 983
1103 976
1104 960
1105 962
1106 951
1107 933
1108 918
1109 909
1110 903
1111 885
1112 874
1113 864
1114 865
1115 846
1116 838
1117 836
1118 824
1119 819
1120 817
1121 811
1122 798
1123 792
1124 788
1125 777
1126 773
1127 770
1128 757
1129 755
1130 750
1131 750
1132 748
1133 741
1134 739
1135 729
1136 717
1137 718
1138 706
1139 701
1140 700
1141 696
1142 688
1143 688
1144 683
1145 682
1146 682
1147 675
1148 669
1149 667
1150 660
1151 651
1152 512  # compresses ieta bin 18, pt 0
1153 5119
1154 7167
1155 7167
1156 6143
1157 6143
1158 5119
1159 5119
1160 4095
1161 3071
1162 2047
1163 2045
1164 1000
1165 982
1166 983
1167 976
1168 960
1169 954
1170 944
1171 933
1172 917
1173 903
1174 896
1175 885
1176 869
1177 858
1178 860
1179 841
1180 834
1181 831
1182 824
1183 818
1184 812
1185 807
1186 798
1187 792
1188 788
1189 773
1190 773
1191 770
1192 757
1193 755
1194 750
1195 750
1196 748
1197 741
1198 739
1199 729
1200 717
1201 718
1202 704
1203 701
1204 700
1205 694
1206 687
1207 687
1208 682
1209 680
1210 680
1211 672
1212 666
1213 664
1214 658
1215 648
1216 512  # compresses ieta bin 19, pt 0
1217 5119
1218 6143
1219 5119
1220 4095
1221 4095
1222 3071
1223 3071
1224 2042
1225 1007
1226 999
1227 999
1228 972
1229 953
1230 947
1231 940
1232 926
1233 922
1234 912
1235 896
1236 882
1237 870
1238 859
1239 849
1240 835
1241 831
1242 828
1243 816
1244 809
1245 808
1246 797
1247 792
1248 787
1249 783
1250 774
1251 770
1252 766
1253 760
1254 757
1255 754
1256 742
1257 740
1258 735
1259 734
1260 732
1261 728
1262 724
1263 714
1264 704
1265 705
1266 692
1267 687
1268 687
1269 682
1270 675
1271 675
1272 669
1273 668
1274 668
1275 660
1276 655
1277 654
1278 646
1279 637
1280 512  # compresses ieta bin 20, pt 0
1281 6143
1282 7167
1283 6143
1284 5119
1285 4095
1286 3071
1287 3071
1288 2047
1289 1018
1290 1008
1291 1009
1292 980
1293 954
1294 955
1295 949
1296 926
1297 929
1298 913
1299 897
1300 883
1301 870
1302 859
1303 849
1304 839
1305 831
1306 829
1307 816
1308 809
1309 808
1310 798
1311 797
1312 791
1313 787
1314 774
1315 770
1316 766
1317 760
1318 757
1319 754
1320 742
1321 740
1322 735
1323 734
1324 732
1325 726
1326 722
1327 714
1328 704
1329 703
1330 690
1331 687
1332 687
1333 682
1334 675
1335 673
1336 669
1337 668
1338 667
1339 660
1340 655
1341 652
1342 646
1343 637
1344 512  # compresses ieta bin 21, pt 0
1345 6143
1346 7167
1347 6143
1348 5119
1349 4095
1350 3071
1351 3071
1352 1020
1353 1007
1354 997
1355 999
1356 970
1357 944
1358 938
1359 931
1360 918
1361 914
1362 905
1363 890
1364 877
1365 864
1366 854
1367 843
1368 834
1369 825
1370 824
1371 812
1372 809
1373 803
1374 797
1375 792
1376 787
1377 783
1378 770
1379 766
1380 763
1381 756
1382 753
1383 751
1384 739
1385 734
1386 733
1387 731
1388 729
1389 723
1390 719
1391 710
1392 699
1393 701
1394 688
1395 683
1396 683
1397 678
1398 670
1399 670
1400 664
1401 663
1402 664
1403 656
1404 651
1405 648
1406 643
1407 633
1408 512  # compresses ieta bin 22, pt 0
1409 4095
1410 5119
1411 4095
1412 3071
1413 2047
1414 1018
1415 1018
1416 1007
1417 986
1418 987
1419 979
1420 952
1421 925
1422 920
1423 914
1424 900
1425 897
1426 889
1427 874
1428 861
1429 844
1430 834
1431 820
1432 812
1433 809
1434 807
1435 796
1436 791
1437 789
1438 784
1439 784
1440 779
1441 775
1442 763
1443 759
1444 756
1445 743
1446 741
1447 738
1448 727
1449 722
1450 718
1451 718
1452 714
1453 707
1454 704
1455 695
1456 688
1457 690
1458 677
1459 674
1460 674
1461 669
1462 661
1463 660
1464 655
1465 653
1466 652
1467 642
1468 635
1469 633
1470 627
1471 618
1472 512  # compresses ieta bin 23, pt 0
1473 3071
1474 2047
1475 1016
1476 1004
1477 991
1478 979
1479 972
1480 960
1481 941
1482 933
1483 927
1484 911
1485 896
1486 893
1487 887
1488 875
1489 872
1490 865
1491 846
1492 835
1493 831
1494 822
1495 813
1496 801
1497 798
1498 797
1499 786
1500 776
1501 775
1502 766
1503 758
1504 754
1505 750
1506 739
1507 733
1508 731
1509 722
1510 721
1511 719
1512 712
1513 708
1514 704
1515 703
1516 700
1517 695
1518 692
1519 683
1520 674
1521 675
1522 667
1523 666
1524 665
1525 658
1526 649
1527 649
1528 642
1529 640
1530 640
1531 630
1532 624
1533 621
1534 614
1535 605
1536 512  # compresses ieta bin 24, pt 0
1537 2036
1538 1002
1539 986
1540 975
1541 964
1542 942
1543 945
1544 925
1545 907
1546 903
1547 897
1548 891
1549 879
1550 882
1551 871
1552 859
1553 863
1554 858
1555 845
1556 834
1557 825
1558 821
1559 807
1560 800
1561 793
1562 793
1563 781
1564 775
1565 771
1566 762
1567 757
1568 750
1569 746
1570 732
1571 729
1572 727
1573 719
1574 717
1575 713
1576 706
1577 705
1578 701
1579 698
1580 697
1581 695
1582 692
1583 683
1584 674
1585 675
1586 667
1587 666
1588 665
1589 658
1590 649
1591 649
1592 642
1593 640
1594 640
1595 630
1596 624
1597 621
1598 614
1599 605
1600 512  # compresses ieta bin 25, pt 0
1601 915
1602 904
1603 866
1604 861
1605 845
1606 851
1607 848
1608 844
1609 829
1610 827
1611 816
1612 823
1613 811
1614 809
1615 801
1616 798
1617 797
1618 796
1619 788
1620 779
1621 771
1622 765
1623 760
1624 760
1625 755
1626 755
1627 745
1628 742
1629 743
1630 735
1631 731
1632 724
1633 722
1634 704
1635 700
1636 695
1637 688
1638 688
1639 682
1640 675
1641 672
1642 670
1643 668
1644 666
1645 663
1646 659
1647 655
1648 654
1649 653
1650 651
1651 650
1652 650
1653 646
1654 640
1655 639
1656 634
1657 633
1658 631
1659 622
1660 615
1661 613
1662 606
1663 595
1664 512  # compresses ieta bin 26, pt 0
1665 1015
1666 1001
1667 926
1668 889
1669 856
1670 852
1671 849
1672 844
1673 831
1674 817
1675 814
1676 804
1677 792
1678 791
1679 783
1680 774
1681 773
1682 764
1683 757
1684 744
1685 732
1686 728
1687 724
1688 720
1689 722
1690 718
1691 715
1692 713
1693 711
1694 708
1695 705
1696 699
1697 697
1698 681
1699 674
1700 670
1701 664
1702 661
1703 656
1704 654
1705 652
1706 647
1707 646
1708 647
1709 645
1710 641
1711 640
1712 638
1713 638
1714 622
1715 621
1716 622
1717 619
1718 616
1719 614
1720 608
1721 607
1722 606
1723 597
1724 592
1725 591
1726 580
1727 560
1728 512  # compresses ieta bin 27, pt 0
1729 4095
1730 5119
1731 1001
1732 906
1733 845
1734 851
1735 848
1736 844
1737 829
1738 805
1739 804
1740 793
1741 782
1742 775
1743 772
1744 755
1745 756
1746 742
1747 728
1748 709
1749 693
1750 684
1751 671
1752 674
1753 673
1754 671
1755 665
1756 664
1757 663
1758 658
1759 654
1760 653
1761 653
1762 642
1763 640
1764 638
1765 633
1766 632
1767 631
1768 632
1769 631
1770 627
1771 626
1772 625
1773 625
1774 621
1775 619
1776 611
1777 612
1778 595
1779 596
1780 596
1781 594
1782 591
1783 586
1784 580
1785 577
1786 578
1787 570
1788 563
1789 562
1790 546
1791 530
1792 512  # compresses ieta bin 28, pt 0
1793 880
1794 856
1795 822
1796 790
1797 762
1798 751
1799 726
1800 704
1801 696
1802 677
1803 671
1804 655
1805 650
1806 635
1807 622
1808 611
1809 600
1810 595
1811 589
1812 578
1813 575
1814 565
1815 563
1816 561
1817 564
1818 562
1819 561
1820 563
1821 561
1822 560
1823 562
1824 561
1825 559
1826 561
1827 562
1828 560
1829 562
1830 560
1831 558
1832 557
1833 555
1834 556
1835 555
1836 553
1837 552
1838 549
1839 549
1840 547
1841 548
1842 548
1843 547
1844 547
1845 546
1846 546
1847 545
1848 545
1849 545
1850 544
1851 542
1852 539
1853 538
1854 534
1855 530
1856 512  # compresses ieta bin 29, pt 0
1857 3071
1858 985
1859 911
1860 876
1861 842
1862 826
1863 777
1864 751
1865 729
1866 688
1867 681
1868 665
1869 659
1870 645
1871 622
1872 611
1873 599
1874 587
1875 574
1876 557
1877 542
1878 522
1879 521
1880 516
1881 515
1882 515
1883 515
1884 514
1885 514
1886 514
1887 514
1888 514
1889 514
1890 514
1891 514
1892 514
1893 517
1894 517
1895 517
1896 517
1897 516
1898 516
1899 516
1900 516
1901 516
1902 516
1903 516
1904 516
1905 516
1906 516
1907 515
1908 515
1909 513
1910 513
1911 513
1912 513
1913 513
1914 513
1915 510
1916 509
1917 509
1918 505
1919 500
1920 512  # compresses ieta bin 30, pt 0
1921 3071
1922 984
1923 899
1924 875
1925 829
1926 814
1927 774
1928 739
1929 718
1930 677
1931 671
1932 637
1933 623
1934 609
1935 597
1936 586
1937 575
1938 555
1939 530
1940 510
1941 496
1942 491
1943 480
1944 476
1945 472
1946 473
1947 470
1948 471
1949 473
1950 470
1951 471
1952 473
1953 470
1954 472
1955 470
1956 478
1957 483
1958 484
1959 482
1960 483
1961 484
1962 482
1963 483
1964 484
1965 485
1966 483
1967 485
1968 484
1969 486
1970 485
1971 484
1972 483
1973 485
1974 484
1975 483
1976 483
1977 484
1978 483
1979 481
1980 480
1981 479
1982 475
1983 469
1984 512  # compresses ieta bin 31, pt 0
1985 3071
1986 969
1987 896
1988 861
1989 816
1990 802
1991 762
1992 718
1993 696
1994 645
1995 631
1996 606
1997 583
1998 564
1999 552
2000 542
2001 533
2002 508
2003 487
2004 468
2005 456
2006 447
2007 432
2008 430
2009 423
2010 421
2011 419
2012 419
2013 421
2014 420
2015 419
2016 418
2017 421
2018 421
2019 421
2020 425
2021 429
2022 432
2023 431
2024 431
2025 431
2026 431
2027 434
2028 433
2029 433
2030 436
2031 435
2032 434
2033 436
2034 436
2035 435
2036 435
2037 436
2038 436
2039 437
2040 437
2041 436
2042 436
2043 434
2044 433
2045 432
2046 427
2047 421
2048 512  # compresses ieta bin 32, pt 0
2049 2047
2050 969
2051 896
2052 861
2053 815
2054 802
2055 751
2056 716
2057 685
2058 635
2059 630
2060 596
2061 574
2062 562
2063 543
2064 534
2065 525
2066 501
2067 479
2068 461
2069 450
2070 435
2071 426
2072 418
2073 417
2074 410
2075 409
2076 409
2077 412
2078 411
2079 410
2080 410
2081 409
2082 410
2083 410
2084 414
2085 418
2086 419
2087 422
2088 419
2089 419
2090 420
2091 420
2092 420
2093 423
2094 423
2095 423
2096 423
2097 423
2098 423
2099 424
2100 424
2101 424
2102 426
2103 426
2104 426
2105 426
2106 426
2107 424
2108 424
2109 423
2110 418
2111 412
2112 512  # compresses ieta bin 33, pt 0
2113 2047
2114 969
2115 896
2116 861
2117 815
2118 802
2119 762
2120 717
2121 696
2122 645
2123 630
2124 597
2125 583
2126 563
2127 552
2128 542
2129 533
2130 508
2131 487
2132 474
2133 457
2134 447
2135 433
2136 430
2137 428
2138 421
2139 420
2140 423
2141 421
2142 421
2143 423
2144 422
2145 421
2146 421
2147 421
2148 425
2149 429
2150 432
2151 431
2152 431
2153 431
2154 431
2155 434
2156 433
2157 433
2158 433
2159 435
2160 434
2161 434
2162 434
2163 433
2164 433
2165 435
2166 436
2167 436
2168 435
2169 435
2170 435
2171 433
2172 431
2173 431
2174 426
2175 420
2176 512  # compresses ieta bin 34, pt 0
2177 2047
2178 969
2179 896
2180 861
2181 816
2182 802
2183 762
2184 728
2185 698
2186 657
2187 651
2188 616
2189 594
2190 582
2191 561
2192 552
2193 550
2194 532
2195 516
2196 502
2197 489
2198 478
2199 462
2200 458
2201 450
2202 447
2203 449
2204 447
2205 449
2206 447
2207 449
2208 447
2209 445
2210 448
2211 447
2212 450
2213 452
2214 455
2215 457
2216 456
2217 455
2218 454
2219 456
2220 455
2221 457
2222 456
2223 456
2224 455
2225 455
2226 456
2227 455
2228 455
2229 456
2230 457
2231 457
2232 456
2233 456
2234 455
2235 454
2236 452
2237 451
2238 447
2239 441
2240 512  # compresses ieta bin 35, pt 0
2241 2047
2242 969
2243 896
2244 861
2245 816
2246 802
2247 762
2248 728
2249 707
2250 667
2251 652
2252 626
2253 602
2254 590
2255 569
2256 559
2257 550
2258 540
2259 516
2260 503
2261 489
2262 478
2263 468
2264 458
2265 450
2266 452
2267 449
2268 448
2269 449
2270 452
2271 449
2272 452
2273 449
2274 448
2275 451
2276 454
2277 456
2278 458
2279 457
2280 459
2281 458
2282 457
2283 458
2284 457
2285 457
2286 458
2287 458
2288 457
2289 458
2290 458
2291 457
2292 457
2293 458
2294 458
2295 457
2296 457
2297 456
2298 457
2299 454
2300 453
2301 453
2302 447
2303 442
2304 512  # compresses ieta bin 36, pt 0
2305 2047
2306 969
2307 896
2308 861
2309 816
2310 803
2311 762
2312 729
2313 718
2314 677
2315 671
2316 635
2317 621
2318 601
2319 579
2320 576
2321 566
2322 555
2323 538
2324 524
2325 509
2326 498
2327 486
2328 481
2329 471
2330 468
2331 464
2332 462
2333 463
2334 461
2335 462
2336 460
2337 462
2338 460
2339 459
2340 464
2341 466
2342 468
2343 469
2344 468
2345 469
2346 468
2347 469
2348 468
2349 470
2350 468
2351 468
2352 468
2353 468
2354 468
2355 467
2356 467
2357 469
2358 469
2359 469
2360 467
2361 467
2362 467
2363 464
2364 462
2365 461
2366 457
2367 451
2368 512  # compresses ieta bin 37, pt 0
2369 2047
2370 969
2371 896
2372 861
2373 817
2374 803
2375 762
2376 730
2377 718
2378 678
2379 671
2380 645
2381 621
2382 609
2383 588
2384 578
2385 567
2386 563
2387 545
2388 529
2389 515
2390 503
2391 492
2392 481
2393 471
2394 468
2395 465
2396 466
2397 464
2398 465
2399 462
2400 460
2401 462
2402 460
2403 462
2404 464
2405 470
2406 468
2407 469
2408 471
2409 469
2410 471
2411 469
2412 471
2413 470
2414 471
2415 470
2416 470
2417 470
2418 470
2419 469
2420 469
2421 469
2422 470
2423 470
2424 469
2425 469
2426 469
2427 466
2428 463
2429 462
2430 458
2431 452
2432 512  # compresses ieta bin 38, pt 0
2433 2047
2434 969
2435 896
2436 861
2437 817
2438 803
2439 762
2440 730
2441 718
2442 678
2443 671
2444 645
2445 621
2446 609
2447 588
2448 578
2449 567
2450 563
2451 545
2452 529
2453 515
2454 503
2455 492
2456 481
2457 471
2458 468
2459 465
2460 466
2461 464
2462 465
2463 462
2464 460
2465 462
2466 460
2467 462
2468 464
2469 470
2470 468
2471 469
2472 471
2473 469
2474 471
2475 469
2476 471
2477 470
2478 471
2479 470
2480 470
2481 470
2482 470
2483 469
2484 469
2485 469
2486 470
2487 470
2488 469
2489 469
2490 469
2491 466
2492 463
2493 462
2494 458
2495 452
2496 512  # compresses ieta bin 39, pt 0
2497 2047
2498 969
2499 896
2500 861
2501 817
2502 803
2503 762
2504 730
2505 718
2506 678
2507 671
2508 645
2509 621
2510 609
2511 588
2512 578
2513 567
2514 563
2515 545
2516 529
2517 515
2518 503
2519 492
2520 481
2521 471
2522 468
2523 465
2524 466
2525 464
2526 465
2527 462
2528 460
2529 462
2530 460
2531 462
2532 464
2533 470
2534 468
2535 469
2536 471
2537 469
2538 471
2539 469
2540 471
2541 470
2542 471
2543 470
2544 470
2545 470
2546 470
2547 469
2548 469
2549 469
2550 470
2551 470
2552 469
2553 469
2554 469
2555 466
2556 463
2557 462
2558 458
2559 452
2560 0 # dummy
2561 0 # dummy
2562 0 # dummy
2563 0 # dummy
2564 0 # dummy
2565 0 # dummy
2566 0 # dummy
2567 0 # dummy
2568 0 # dummy
2569 0 # dummy
2570 0 # dummy
2571 0 # dummy
2572 0 # dummy
2573 0 # dummy
2574 0 # dummy
2575 0 # dummy
2576 0 # dummy
2577 0 # dummy
2578 0 # dummy
2579 0 # dummy
2580 0 # dummy
2581 0 # dummy
2582 0 # dummy
2583 0 # dummy
2584 0 # dummy
2585 0 # dummy
2586 0 # dummy
2587 0 # dummy
2588 0 # dummy
2589 0 # dummy
2590 0 # dummy
2591 0 # dummy
2592 0 # dummy
2593 0 # dummy
2594 0 # dummy
2595 0 # dummy
2596 0 # dummy
2597 0 # dummy
2598 0 # dummy
2599 0 # dummy
2600 0 # dummy
2601 0 # dummy
2602 0 # dummy
2603 0 # dummy
2604 0 # dummy
2605 0 # dummy
2606 0 # dummy
2607 0 # dummy
2608 0 # dummy
2609 0 # dummy
2610 0 # dummy
2611 0 # dummy
2612 0 # dummy
2613 0 # dummy
2614 0 # dummy
2615 0 # dummy
2616 0 # dummy
2617 0 # dummy
2618 0 # dummy
2619 0 # dummy
2620 0 # dummy
2621 0 # dummy
2622 0 # dummy
2623 0 # dummy
2624 0 # dummy
2625 0 # dummy
2626 0 # dummy
2627 0 # dummy
2628 0 # dummy
2629 0 # dummy
2630 0 # dummy
2631 0 # dummy
2632 0 # dummy
2633 0 # dummy
2634 0 # dummy
2635 0 # dummy
2636 0 # dummy
2637 0 # dummy
2638 0 # dummy
2639 0 # dummy
2640 0 # dummy
2641 0 # dummy
2642 0 # dummy
2643 0 # dummy
2644 0 # dummy
2645 0 # dummy
2646 0 # dummy
2647 0 # dummy
2648 0 # dummy
2649 0 # dummy
2650 0 # dummy
2651 0 # dummy
2652 0 # dummy
2653 0 # dummy
2654 0 # dummy
2655 0 # dummy
2656 0 # dummy
2657 0 # dummy
2658 0 # dummy
2659 0 # dummy
2660 0 # dummy
2661 0 # dummy
2662 0 # dummy
2663 0 # dummy
2664 0 # dummy
2665 0 # dummy
2666 0 # dummy
2667 0 # dummy
2668 0 # dummy
2669 0 # dummy
2670 0 # dummy
2671 0 # dummy
2672 0 # dummy
2673 0 # dummy
2674 0 # dummy
2675 0 # dummy
2676 0 # dummy
2677 0 # dummy
2678 0 # dummy
2679 0 # dummy
2680 0 # dummy
2681 0 # dummy
2682 0 # dummy
2683 0 # dummy
2684 0 # dummy
2685 0 # dummy
2686 0 # dummy
2687 0 # dummy
2688 0 # dummy
2689 0 # dummy
2690 0 # dummy
2691 0 # dummy
2692 0 # dummy
2693 0 # dummy
2694 0 # dummy
2695 0 # dummy
2696 0 # dummy
2697 0 # dummy
2698 0 # dummy
2699 0 # dummy
2700 0 # dummy
2701 0 # dummy
2702 0 # dummy
2703 0 # dummy
2704 0 # dummy
2705 0 # dummy
2706 0 # dummy
2707 0 # dummy
2708 0 # dummy
2709 0 # dummy
2710 0 # dummy
2711 0 # dummy
2712 0 # dummy
2713 0 # dummy
2714 0 # dummy
2715 0 # dummy
2716 0 # dummy
2717 0 # dummy
2718 0 # dummy
2719 0 # dummy
2720 0 # dummy
2721 0 # dummy
2722 0 # dummy
2723 0 # dummy
2724 0 # dummy
2725 0 # dummy
2726 0 # dummy
2727 0 # dummy
2728 0 # dummy
2729 0 # dummy
2730 0 # dummy
2731 0 # dummy
2732 0 # dummy
2733 0 # dummy
2734 0 # dummy
2735 0 # dummy
2736 0 # dummy
2737 0 # dummy
2738 0 # dummy
2739 0 # dummy
2740 0 # dummy
2741 0 # dummy
2742 0 # dummy
2743 0 # dummy
2744 0 # dummy
2745 0 # dummy
2746 0 # dummy
2747 0 # dummy
2748 0 # dummy
2749 0 # dummy
2750 0 # dummy
2751 0 # dummy
2752 0 # dummy
2753 0 # dummy
2754 0 # dummy
2755 0 # dummy
2756 0 # dummy
2757 0 # dummy
2758 0 # dummy
2759 0 # dummy
2760 0 # dummy
2761 0 # dummy
2762 0 # dummy
2763 0 # dummy
2764 0 # dummy
2765 0 # dummy
2766 0 # dummy
2767 0 # dummy
2768 0 # dummy
2769 0 # dummy
2770 0 # dummy
2771 0 # dummy
2772 0 # dummy
2773 0 # dummy
2774 0 # dummy
2775 0 # dummy
2776 0 # dummy
2777 0 # dummy
2778 0 # dummy
2779 0 # dummy
2780 0 # dummy
2781 0 # dummy
2782 0 # dummy
2783 0 # dummy
2784 0 # dummy
2785 0 # dummy
2786 0 # dummy
2787 0 # dummy
2788 0 # dummy
2789 0 # dummy
2790 0 # dummy
2791 0 # dummy
2792 0 # dummy
2793 0 # dummy
2794 0 # dummy
2795 0 # dummy
2796 0 # dummy
2797 0 # dummy
2798 0 # dummy
2799 0 # dummy
2800 0 # dummy
2801 0 # dummy
2802 0 # dummy
2803 0 # dummy
2804 0 # dummy
2805 0 # dummy
2806 0 # dummy
2807 0 # dummy
2808 0 # dummy
2809 0 # dummy
2810 0 # dummy
2811 0 # dummy
2812 0 # dummy
2813 0 # dummy
2814 0 # dummy
2815 0 # dummy
2816 0 # dummy
2817 0 # dummy
2818 0 # dummy
2819 0 # dummy
2820 0 # dummy
2821 0 # dummy
2822 0 # dummy
2823 0 # dummy
2824 0 # dummy
2825 0 # dummy
2826 0 # dummy
2827 0 # dummy
2828 0 # dummy
2829 0 # dummy
2830 0 # dummy
2831 0 # dummy
2832 0 # dummy
2833 0 # dummy
2834 0 # dummy
2835 0 # dummy
2836 0 # dummy
2837 0 # dummy
2838 0 # dummy
2839 0 # dummy
2840 0 # dummy
2841 0 # dummy
2842 0 # dummy
2843 0 # dummy
2844 0 # dummy
2845 0 # dummy
2846 0 # dummy
2847 0 # dummy
2848 0 # dummy
2849 0 # dummy
2850 0 # dummy
2851 0 # dummy
2852 0 # dummy
2853 0 # dummy
2854 0 # dummy
2855 0 # dummy
2856 0 # dummy
2857 0 # dummy
2858 0 # dummy
2859 0 # dummy
2860 0 # dummy
2861 0 # dummy
2862 0 # dummy
2863 0 # dummy
2864 0 # dummy
2865 0 # dummy
2866 0 # dummy
2867 0 # dummy
2868 0 # dummy
2869 0 # dummy
2870 0 # dummy
2871 0 # dummy
2872 0 # dummy
2873 0 # dummy
2874 0 # dummy
2875 0 # dummy
2876 0 # dummy
2877 0 # dummy
2878 0 # dummy
2879 0 # dummy
2880 0 # dummy
2881 0 # dummy
2882 0 # dummy
2883 0 # dummy
2884 0 # dummy
2885 0 # dummy
2886 0 # dummy
2887 0 # dummy
2888 0 # dummy
2889 0 # dummy
2890 0 # dummy
2891 0 # dummy
2892 0 # dummy
2893 0 # dummy
2894 0 # dummy
2895 0 # dummy
2896 0 # dummy
2897 0 # dummy
2898 0 # dummy
2899 0 # dummy
2900 0 # dummy
2901 0 # dummy
2902 0 # dummy
2903 0 # dummy
2904 0 # dummy
2905 0 # dummy
2906 0 # dummy
2907 0 # dummy
2908 0 # dummy
2909 0 # dummy
2910 0 # dummy
2911 0 # dummy
2912 0 # dummy
2913 0 # dummy
2914 0 # dummy
2915 0 # dummy
2916 0 # dummy
2917 0 # dummy
2918 0 # dummy
2919 0 # dummy
2920 0 # dummy
2921 0 # dummy
2922 0 # dummy
2923 0 # dummy
2924 0 # dummy
2925 0 # dummy
2926 0 # dummy
2927 0 # dummy
2928 0 # dummy
2929 0 # dummy
2930 0 # dummy
2931 0 # dummy
2932 0 # dummy
2933 0 # dummy
2934 0 # dummy
2935 0 # dummy
2936 0 # dummy
2937 0 # dummy
2938 0 # dummy
2939 0 # dummy
2940 0 # dummy
2941 0 # dummy
2942 0 # dummy
2943 0 # dummy
2944 0 # dummy
2945 0 # dummy
2946 0 # dummy
2947 0 # dummy
2948 0 # dummy
2949 0 # dummy
2950 0 # dummy
2951 0 # dummy
2952 0 # dummy
2953 0 # dummy
2954 0 # dummy
2955 0 # dummy
2956 0 # dummy
2957 0 # dummy
2958 0 # dummy
2959 0 # dummy
2960 0 # dummy
2961 0 # dummy
2962 0 # dummy
2963 0 # dummy
2964 0 # dummy
2965 0 # dummy
2966 0 # dummy
2967 0 # dummy
2968 0 # dummy
2969 0 # dummy
2970 0 # dummy
2971 0 # dummy
2972 0 # dummy
2973 0 # dummy
2974 0 # dummy
2975 0 # dummy
2976 0 # dummy
2977 0 # dummy
2978 0 # dummy
2979 0 # dummy
2980 0 # dummy
2981 0 # dummy
2982 0 # dummy
2983 0 # dummy
2984 0 # dummy
2985 0 # dummy
2986 0 # dummy
2987 0 # dummy
2988 0 # dummy
2989 0 # dummy
2990 0 # dummy
2991 0 # dummy
2992 0 # dummy
2993 0 # dummy
2994 0 # dummy
2995 0 # dummy
2996 0 # dummy
2997 0 # dummy
2998 0 # dummy
2999 0 # dummy
3000 0 # dummy
3001 0 # dummy
3002 0 # dummy
3003 0 # dummy
3004 0 # dummy
3005 0 # dummy
3006 0 # dummy
3007 0 # dummy
3008 0 # dummy
3009 0 # dummy
3010 0 # dummy
3011 0 # dummy
3012 0 # dummy
3013 0 # dummy
3014 0 # dummy
3015 0 # dummy
3016 0 # dummy
3017 0 # dummy
3018 0 # dummy
3019 0 # dummy
3020 0 # dummy
3021 0 # dummy
3022 0 # dummy
3023 0 # dummy
3024 0 # dummy
3025 0 # dummy
3026 0 # dummy
3027 0 # dummy
3028 0 # dummy
3029 0 # dummy
3030 0 # dummy
3031 0 # dummy
3032 0 # dummy
3033 0 # dummy
3034 0 # dummy
3035 0 # dummy
3036 0 # dummy
3037 0 # dummy
3038 0 # dummy
3039 0 # dummy
3040 0 # dummy
3041 0 # dummy
3042 0 # dummy
3043 0 # dummy
3044 0 # dummy
3045 0 # dummy
3046 0 # dummy
3047 0 # dummy
3048 0 # dummy
3049 0 # dummy
3050 0 # dummy
3051 0 # dummy
3052 0 # dummy
3053 0 # dummy
3054 0 # dummy
3055 0 # dummy
3056 0 # dummy
3057 0 # dummy
3058 0 # dummy
3059 0 # dummy
3060 0 # dummy
3061 0 # dummy
3062 0 # dummy
3063 0 # dummy
3064 0 # dummy
3065 0 # dummy
3066 0 # dummy
3067 0 # dummy
3068 0 # dummy
3069 0 # dummy
3070 0 # dummy
3071 0 # dummy
3072 0 # dummy
3073 0 # dummy
3074 0 # dummy
3075 0 # dummy
3076 0 # dummy
3077 0 # dummy
3078 0 # dummy
3079 0 # dummy
3080 0 # dummy
3081 0 # dummy
3082 0 # dummy
3083 0 # dummy
3084 0 # dummy
3085 0 # dummy
3086 0 # dummy
3087 0 # dummy
3088 0 # dummy
3089 0 # dummy
3090 0 # dummy
3091 0 # dummy
3092 0 # dummy
3093 0 # dummy
3094 0 # dummy
3095 0 # dummy
3096 0 # dummy
3097 0 # dummy
3098 0 # dummy
3099 0 # dummy
3100 0 # dummy
3101 0 # dummy
3102 0 # dummy
3103 0 # dummy
3104 0 # dummy
3105 0 # dummy
3106 0 # dummy
3107 0 # dummy
3108 0 # dummy
3109 0 # dummy
3110 0 # dummy
3111 0 # dummy
3112 0 # dummy
3113 0 # dummy
3114 0 # dummy
3115 0 # dummy
3116 0 # dummy
3117 0 # dummy
3118 0 # dummy
3119 0 # dummy
3120 0 # dummy
3121 0 # dummy
3122 0 # dummy
3123 0 # dummy
3124 0 # dummy
3125 0 # dummy
3126 0 # dummy
3127 0 # dummy
3128 0 # dummy
3129 0 # dummy
3130 0 # dummy
3131 0 # dummy
3132 0 # dummy
3133 0 # dummy
3134 0 # dummy
3135 0 # dummy
3136 0 # dummy
3137 0 # dummy
3138 0 # dummy
3139 0 # dummy
3140 0 # dummy
3141 0 # dummy
3142 0 # dummy
3143 0 # dummy
3144 0 # dummy
3145 0 # dummy
3146 0 # dummy
3147 0 # dummy
3148 0 # dummy
3149 0 # dummy
3150 0 # dummy
3151 0 # dummy
3152 0 # dummy
3153 0 # dummy
3154 0 # dummy
3155 0 # dummy
3156 0 # dummy
3157 0 # dummy
3158 0 # dummy
3159 0 # dummy
3160 0 # dummy
3161 0 # dummy
3162 0 # dummy
3163 0 # dummy
3164 0 # dummy
3165 0 # dummy
3166 0 # dummy
3167 0 # dummy
3168 0 # dummy
3169 0 # dummy
3170 0 # dummy
3171 0 # dummy
3172 0 # dummy
3173 0 # dummy
3174 0 # dummy
3175 0 # dummy
3176 0 # dummy
3177 0 # dummy
3178 0 # dummy
3179 0 # dummy
3180 0 # dummy
3181 0 # dummy
3182 0 # dummy
3183 0 # dummy
3184 0 # dummy
3185 0 # dummy
3186 0 # dummy
3187 0 # dummy
3188 0 # dummy
3189 0 # dummy
3190 0 # dummy
3191 0 # dummy
3192 0 # dummy
3193 0 # dummy
3194 0 # dummy
3195 0 # dummy
3196 0 # dummy
3197 0 # dummy
3198 0 # dummy
3199 0 # dummy
3200 0 # dummy
3201 0 # dummy
3202 0 # dummy
3203 0 # dummy
3204 0 # dummy
3205 0 # dummy
3206 0 # dummy
3207 0 # dummy
3208 0 # dummy
3209 0 # dummy
3210 0 # dummy
3211 0 # dummy
3212 0 # dummy
3213 0 # dummy
3214 0 # dummy
3215 0 # dummy
3216 0 # dummy
3217 0 # dummy
3218 0 # dummy
3219 0 # dummy
3220 0 # dummy
3221 0 # dummy
3222 0 # dummy
3223 0 # dummy
3224 0 # dummy
3225 0 # dummy
3226 0 # dummy
3227 0 # dummy
3228 0 # dummy
3229 0 # dummy
3230 0 # dummy
3231 0 # dummy
3232 0 # dummy
3233 0 # dummy
3234 0 # dummy
3235 0 # dummy
3236 0 # dummy
3237 0 # dummy
3238 0 # dummy
3239 0 # dummy
3240 0 # dummy
3241 0 # dummy
3242 0 # dummy
3243 0 # dummy
3244 0 # dummy
3245 0 # dummy
3246 0 # dummy
3247 0 # dummy
3248 0 # dummy
3249 0 # dummy
3250 0 # dummy
3251 0 # dummy
3252 0 # dummy
3253 0 # dummy
3254 0 # dummy
3255 0 # dummy
3256 0 # dummy
3257 0 # dummy
3258 0 # dummy
3259 0 # dummy
3260 0 # dummy
3261 0 # dummy
3262 0 # dummy
3263 0 # dummy
3264 0 # dummy
3265 0 # dummy
3266 0 # dummy
3267 0 # dummy
3268 0 # dummy
3269 0 # dummy
3270 0 # dummy
3271 0 # dummy
3272 0 # dummy
3273 0 # dummy
3274 0 # dummy
3275 0 # dummy
3276 0 # dummy
3277 0 # dummy
3278 0 # dummy
3279 0 # dummy
3280 0 # dummy
3281 0 # dummy
3282 0 # dummy
3283 0 # dummy
3284 0 # dummy
3285 0 # dummy
3286 0 # dummy
3287 0 # dummy
3288 0 # dummy
3289 0 # dummy
3290 0 # dummy
3291 0 # dummy
3292 0 # dummy
3293 0 # dummy
3294 0 # dummy
3295 0 # dummy
3296 0 # dummy
3297 0 # dummy
3298 0 # dummy
3299 0 # dummy
3300 0 # dummy
3301 0 # dummy
3302 0 # dummy
3303 0 # dummy
3304 0 # dummy
3305 0 # dummy
3306 0 # dummy
3307 0 # dummy
3308 0 # dummy
3309 0 # dummy
3310 0 # dummy
3311 0 # dummy
3312 0 # dummy
3313 0 # dummy
3314 0 # dummy
3315 0 # dummy
3316 0 # dummy
3317 0 # dummy
3318 0 # dummy
3319 0 # dummy
3320 0 # dummy
3321 0 # dummy
3322 0 # dummy
3323 0 # dummy
3324 0 # dummy
3325 0 # dummy
3326 0 # dummy
3327 0 # dummy
3328 0 # dummy
3329 0 # dummy
3330 0 # dummy
3331 0 # dummy
3332 0 # dummy
3333 0 # dummy
3334 0 # dummy
3335 0 # dummy
3336 0 # dummy
3337 0 # dummy
3338 0 # dummy
3339 0 # dummy
3340 0 # dummy
3341 0 # dummy
3342 0 # dummy
3343 0 # dummy
3344 0 # dummy
3345 0 # dummy
3346 0 # dummy
3347 0 # dummy
3348 0 # dummy
3349 0 # dummy
3350 0 # dummy
3351 0 # dummy
3352 0 # dummy
3353 0 # dummy
3354 0 # dummy
3355 0 # dummy
3356 0 # dummy
3357 0 # dummy
3358 0 # dummy
3359 0 # dummy
3360 0 # dummy
3361 0 # dummy
3362 0 # dummy
3363 0 # dummy
3364 0 # dummy
3365 0 # dummy
3366 0 # dummy
3367 0 # dummy
3368 0 # dummy
3369 0 # dummy
3370 0 # dummy
3371 0 # dummy
3372 0 # dummy
3373 0 # dummy
3374 0 # dummy
3375 0 # dummy
3376 0 # dummy
3377 0 # dummy
3378 0 # dummy
3379 0 # dummy
3380 0 # dummy
3381 0 # dummy
3382 0 # dummy
3383 0 # dummy
3384 0 # dummy
3385 0 # dummy
3386 0 # dummy
3387 0 # dummy
3388 0 # dummy
3389 0 # dummy
3390 0 # dummy
3391 0 # dummy
3392 0 # dummy
3393 0 # dummy
3394 0 # dummy
3395 0 # dummy
3396 0 # dummy
3397 0 # dummy
3398 0 # dummy
3399 0 # dummy
3400 0 # dummy
3401 0 # dummy
3402 0 # dummy
3403 0 # dummy
3404 0 # dummy
3405 0 # dummy
3406 0 # dummy
3407 0 # dummy
3408 0 # dummy
3409 0 # dummy
3410 0 # dummy
3411 0 # dummy
3412 0 # dummy
3413 0 # dummy
3414 0 # dummy
3415 0 # dummy
3416 0 # dummy
3417 0 # dummy
3418 0 # dummy
3419 0 # dummy
3420 0 # dummy
3421 0 # dummy
3422 0 # dummy
3423 0 # dummy
3424 0 # dummy
3425 0 # dummy
3426 0 # dummy
3427 0 # dummy
3428 0 # dummy
3429 0 # dummy
3430 0 # dummy
3431 0 # dummy
3432 0 # dummy
3433 0 # dummy
3434 0 # dummy
3435 0 # dummy
3436 0 # dummy
3437 0 # dummy
3438 0 # dummy
3439 0 # dummy
3440 0 # dummy
3441 0 # dummy
3442 0 # dummy
3443 0 # dummy
3444 0 # dummy
3445 0 # dummy
3446 0 # dummy
3447 0 # dummy
3448 0 # dummy
3449 0 # dummy
3450 0 # dummy
3451 0 # dummy
3452 0 # dummy
3453 0 # dummy
3454 0 # dummy
3455 0 # dummy
3456 0 # dummy
3457 0 # dummy
3458 0 # dummy
3459 0 # dummy
3460 0 # dummy
3461 0 # dummy
3462 0 # dummy
3463 0 # dummy
3464 0 # dummy
3465 0 # dummy
3466 0 # dummy
3467 0 # dummy
3468 0 # dummy
3469 0 # dummy
3470 0 # dummy
3471 0 # dummy
3472 0 # dummy
3473 0 # dummy
3474 0 # dummy
3475 0 # dummy
3476 0 # dummy
3477 0 # dummy
3478 0 # dummy
3479 0 # dummy
3480 0 # dummy
3481 0 # dummy
3482 0 # dummy
3483 0 # dummy
3484 0 # dummy
3485 0 # dummy
3486 0 # dummy
3487 0 # dummy
3488 0 # dummy
3489 0 # dummy
3490 0 # dummy
3491 0 # dummy
3492 0 # dummy
3493 0 # dummy
3494 0 # dummy
3495 0 # dummy
3496 0 # dummy
3497 0 # dummy
3498 0 # dummy
3499 0 # dummy
3500 0 # dummy
3501 0 # dummy
3502 0 # dummy
3503 0 # dummy
3504 0 # dummy
3505 0 # dummy
3506 0 # dummy
3507 0 # dummy
3508 0 # dummy
3509 0 # dummy
3510 0 # dummy
3511 0 # dummy
3512 0 # dummy
3513 0 # dummy
3514 0 # dummy
3515 0 # dummy
3516 0 # dummy
3517 0 # dummy
3518 0 # dummy
3519 0 # dummy
3520 0 # dummy
3521 0 # dummy
3522 0 # dummy
3523 0 # dummy
3524 0 # dummy
3525 0 # dummy
3526 0 # dummy
3527 0 # dummy
3528 0 # dummy
3529 0 # dummy
3530 0 # dummy
3531 0 # dummy
3532 0 # dummy
3533 0 # dummy
3534 0 # dummy
3535 0 # dummy
3536 0 # dummy
3537 0 # dummy
3538 0 # dummy
3539 0 # dummy
3540 0 # dummy
3541 0 # dummy
3542 0 # dummy
3543 0 # dummy
3544 0 # dummy
3545 0 # dummy
3546 0 # dummy
3547 0 # dummy
3548 0 # dummy
3549 0 # dummy
3550 0 # dummy
3551 0 # dummy
3552 0 # dummy
3553 0 # dummy
3554 0 # dummy
3555 0 # dummy
3556 0 # dummy
3557 0 # dummy
3558 0 # dummy
3559 0 # dummy
3560 0 # dummy
3561 0 # dummy
3562 0 # dummy
3563 0 # dummy
3564 0 # dummy
3565 0 # dummy
3566 0 # dummy
3567 0 # dummy
3568 0 # dummy
3569 0 # dummy
3570 0 # dummy
3571 0 # dummy
3572 0 # dummy
3573 0 # dummy
3574 0 # dummy
3575 0 # dummy
3576 0 # dummy
3577 0 # dummy
3578 0 # dummy
3579 0 # dummy
3580 0 # dummy
3581 0 # dummy
3582 0 # dummy
3583 0 # dummy
3584 0 # dummy
3585 0 # dummy
3586 0 # dummy
3587 0 # dummy
3588 0 # dummy
3589 0 # dummy
3590 0 # dummy
3591 0 # dummy
3592 0 # dummy
3593 0 # dummy
3594 0 # dummy
3595 0 # dummy
3596 0 # dummy
3597 0 # dummy
3598 0 # dummy
3599 0 # dummy
3600 0 # dummy
3601 0 # dummy
3602 0 # dummy
3603 0 # dummy
3604 0 # dummy
3605 0 # dummy
3606 0 # dummy
3607 0 # dummy
3608 0 # dummy
3609 0 # dummy
3610 0 # dummy
3611 0 # dummy
3612 0 # dummy
3613 0 # dummy
3614 0 # dummy
3615 0 # dummy
3616 0 # dummy
3617 0 # dummy
3618 0 # dummy
3619 0 # dummy
3620 0 # dummy
3621 0 # dummy
3622 0 # dummy
3623 0 # dummy
3624 0 # dummy
3625 0 # dummy
3626 0 # dummy
3627 0 # dummy
3628 0 # dummy
3629 0 # dummy
3630 0 # dummy
3631 0 # dummy
3632 0 # dummy
3633 0 # dummy
3634 0 # dummy
3635 0 # dummy
3636 0 # dummy
3637 0 # dummy
3638 0 # dummy
3639 0 # dummy
3640 0 # dummy
3641 0 # dummy
3642 0 # dummy
3643 0 # dummy
3644 0 # dummy
3645 0 # dummy
3646 0 # dummy
3647 0 # dummy
3648 0 # dummy
3649 0 # dummy
3650 0 # dummy
3651 0 # dummy
3652 0 # dummy
3653 0 # dummy
3654 0 # dummy
3655 0 # dummy
3656 0 # dummy
3657 0 # dummy
3658 0 # dummy
3659 0 # dummy
3660 0 # dummy
3661 0 # dummy
3662 0 # dummy
3663 0 # dummy
3664 0 # dummy
3665 0 # dummy
3666 0 # dummy
3667 0 # dummy
3668 0 # dummy
3669 0 # dummy
3670 0 # dummy
3671 0 # dummy
3672 0 # dummy
3673 0 # dummy
3674 0 # dummy
3675 0 # dummy
3676 0 # dummy
3677 0 # dummy
3678 0 # dummy
3679 0 # dummy
3680 0 # dummy
3681 0 # dummy
3682 0 # dummy
3683 0 # dummy
3684 0 # dummy
3685 0 # dummy
3686 0 # dummy
3687 0 # dummy
3688 0 # dummy
3689 0 # dummy
3690 0 # dummy
3691 0 # dummy
3692 0 # dummy
3693 0 # dummy
3694 0 # dummy
3695 0 # dummy
3696 0 # dummy
3697 0 # dummy
3698 0 # dummy
3699 0 # dummy
3700 0 # dummy
3701 0 # dummy
3702 0 # dummy
3703 0 # dummy
3704 0 # dummy
3705 0 # dummy
3706 0 # dummy
3707 0 # dummy
3708 0 # dummy
3709 0 # dummy
3710 0 # dummy
3711 0 # dummy
3712 0 # dummy
3713 0 # dummy
3714 0 # dummy
3715 0 # dummy
3716 0 # dummy
3717 0 # dummy
3718 0 # dummy
3719 0 # dummy
3720 0 # dummy
3721 0 # dummy
3722 0 # dummy
3723 0 # dummy
3724 0 # dummy
3725 0 # dummy
3726 0 # dummy
3727 0 # dummy
3728 0 # dummy
3729 0 # dummy
3730 0 # dummy
3731 0 # dummy
3732 0 # dummy
3733 0 # dummy
3734 0 # dummy
3735 0 # dummy
3736 0 # dummy
3737 0 # dummy
3738 0 # dummy
3739 0 # dummy
3740 0 # dummy
3741 0 # dummy
3742 0 # dummy
3743 0 # dummy
3744 0 # dummy
3745 0 # dummy
3746 0 # dummy
3747 0 # dummy
3748 0 # dummy
3749 0 # dummy
3750 0 # dummy
3751 0 # dummy
3752 0 # dummy
3753 0 # dummy
3754 0 # dummy
3755 0 # dummy
3756 0 # dummy
3757 0 # dummy
3758 0 # dummy
3759 0 # dummy
3760 0 # dummy
3761 0 # dummy
3762 0 # dummy
3763 0 # dummy
3764 0 # dummy
3765 0 # dummy
3766 0 # dummy
3767 0 # dummy
3768 0 # dummy
3769 0 # dummy
3770 0 # dummy
3771 0 # dummy
3772 0 # dummy
3773 0 # dummy
3774 0 # dummy
3775 0 # dummy
3776 0 # dummy
3777 0 # dummy
3778 0 # dummy
3779 0 # dummy
3780 0 # dummy
3781 0 # dummy
3782 0 # dummy
3783 0 # dummy
3784 0 # dummy
3785 0 # dummy
3786 0 # dummy
3787 0 # dummy
3788 0 # dummy
3789 0 # dummy
3790 0 # dummy
3791 0 # dummy
3792 0 # dummy
3793 0 # dummy
3794 0 # dummy
3795 0 # dummy
3796 0 # dummy
3797 0 # dummy
3798 0 # dummy
3799 0 # dummy
3800 0 # dummy
3801 0 # dummy
3802 0 # dummy
3803 0 # dummy
3804 0 # dummy
3805 0 # dummy
3806 0 # dummy
3807 0 # dummy
3808 0 # dummy
3809 0 # dummy
3810 0 # dummy
3811 0 # dummy
3812 0 # dummy
3813 0 # dummy
3814 0 # dummy
3815 0 # dummy
3816 0 # dummy
3817 0 # dummy
3818 0 # dummy
3819 0 # dummy
3820 0 # dummy
3821 0 # dummy
3822 0 # dummy
3823 0 # dummy
3824 0 # dummy
3825 0 # dummy
3826 0 # dummy
3827 0 # dummy
3828 0 # dummy
3829 0 # dummy
3830 0 # dummy
3831 0 # dummy
3832 0 # dummy
3833 0 # dummy
3834 0 # dummy
3835 0 # dummy
3836 0 # dummy
3837 0 # dummy
3838 0 # dummy
3839 0 # dummy
3840 0 # dummy
3841 0 # dummy
3842 0 # dummy
3843 0 # dummy
3844 0 # dummy
3845 0 # dummy
3846 0 # dummy
3847 0 # dummy
3848 0 # dummy
3849 0 # dummy
3850 0 # dummy
3851 0 # dummy
3852 0 # dummy
3853 0 # dummy
3854 0 # dummy
3855 0 # dummy
3856 0 # dummy
3857 0 # dummy
3858 0 # dummy
3859 0 # dummy
3860 0 # dummy
3861 0 # dummy
3862 0 # dummy
3863 0 # dummy
3864 0 # dummy
3865 0 # dummy
3866 0 # dummy
3867 0 # dummy
3868 0 # dummy
3869 0 # dummy
3870 0 # dummy
3871 0 # dummy
3872 0 # dummy
3873 0 # dummy
3874 0 # dummy
3875 0 # dummy
3876 0 # dummy
3877 0 # dummy
3878 0 # dummy
3879 0 # dummy
3880 0 # dummy
3881 0 # dummy
3882 0 # dummy
3883 0 # dummy
3884 0 # dummy
3885 0 # dummy
3886 0 # dummy
3887 0 # dummy
3888 0 # dummy
3889 0 # dummy
3890 0 # dummy
3891 0 # dummy
3892 0 # dummy
3893 0 # dummy
3894 0 # dummy
3895 0 # dummy
3896 0 # dummy
3897 0 # dummy
3898 0 # dummy
3899 0 # dummy
3900 0 # dummy
3901 0 # dummy
3902 0 # dummy
3903 0 # dummy
3904 0 # dummy
3905 0 # dummy
3906 0 # dummy
3907 0 # dummy
3908 0 # dummy
3909 0 # dummy
3910 0 # dummy
3911 0 # dummy
3912 0 # dummy
3913 0 # dummy
3914 0 # dummy
3915 0 # dummy
3916 0 # dummy
3917 0 # dummy
3918 0 # dummy
3919 0 # dummy
3920 0 # dummy
3921 0 # dummy
3922 0 # dummy
3923 0 # dummy
3924 0 # dummy
3925 0 # dummy
3926 0 # dummy
3927 0 # dummy
3928 0 # dummy
3929 0 # dummy
3930 0 # dummy
3931 0 # dummy
3932 0 # dummy
3933 0 # dummy
3934 0 # dummy
3935 0 # dummy
3936 0 # dummy
3937 0 # dummy
3938 0 # dummy
3939 0 # dummy
3940 0 # dummy
3941 0 # dummy
3942 0 # dummy
3943 0 # dummy
3944 0 # dummy
3945 0 # dummy
3946 0 # dummy
3947 0 # dummy
3948 0 # dummy
3949 0 # dummy
3950 0 # dummy
3951 0 # dummy
3952 0 # dummy
3953 0 # dummy
3954 0 # dummy
3955 0 # dummy
3956 0 # dummy
3957 0 # dummy
3958 0 # dummy
3959 0 # dummy
3960 0 # dummy
3961 0 # dummy
3962 0 # dummy
3963 0 # dummy
3964 0 # dummy
3965 0 # dummy
3966 0 # dummy
3967 0 # dummy
3968 0 # dummy
3969 0 # dummy
3970 0 # dummy
3971 0 # dummy
3972 0 # dummy
3973 0 # dummy
3974 0 # dummy
3975 0 # dummy
3976 0 # dummy
3977 0 # dummy
3978 0 # dummy
3979 0 # dummy
3980 0 # dummy
3981 0 # dummy
3982 0 # dummy
3983 0 # dummy
3984 0 # dummy
3985 0 # dummy
3986 0 # dummy
3987 0 # dummy
3988 0 # dummy
3989 0 # dummy
3990 0 # dummy
3991 0 # dummy
3992 0 # dummy
3993 0 # dummy
3994 0 # dummy
3995 0 # dummy
3996 0 # dummy
3997 0 # dummy
3998 0 # dummy
3999 0 # dummy
4000 0 # dummy
4001 0 # dummy
4002 0 # dummy
4003 0 # dummy
4004 0 # dummy
4005 0 # dummy
4006 0 # dummy
4007 0 # dummy
4008 0 # dummy
4009 0 # dummy
4010 0 # dummy
4011 0 # dummy
4012 0 # dummy
4013 0 # dummy
4014 0 # dummy
4015 0 # dummy
4016 0 # dummy
4017 0 # dummy
4018 0 # dummy
4019 0 # dummy
4020 0 # dummy
4021 0 # dummy
4022 0 # dummy
4023 0 # dummy
4024 0 # dummy
4025 0 # dummy
4026 0 # dummy
4027 0 # dummy
4028 0 # dummy
4029 0 # dummy
4030 0 # dummy
4031 0 # dummy
4032 0 # dummy
4033 0 # dummy
4034 0 # dummy
4035 0 # dummy
4036 0 # dummy
4037 0 # dummy
4038 0 # dummy
4039 0 # dummy
4040 0 # dummy
4041 0 # dummy
4042 0 # dummy
4043 0 # dummy
4044 0 # dummy
4045 0 # dummy
4046 0 # dummy
4047 0 # dummy
4048 0 # dummy
4049 0 # dummy
4050 0 # dummy
4051 0 # dummy
4052 0 # dummy
4053 0 # dummy
4054 0 # dummy
4055 0 # dummy
4056 0 # dummy
4057 0 # dummy
4058 0 # dummy
4059 0 # dummy
4060 0 # dummy
4061 0 # dummy
4062 0 # dummy
4063 0 # dummy
4064 0 # dummy
4065 0 # dummy
4066 0 # dummy
4067 0 # dummy
4068 0 # dummy
4069 0 # dummy
4070 0 # dummy
4071 0 # dummy
4072 0 # dummy
4073 0 # dummy
4074 0 # dummy
4075 0 # dummy
4076 0 # dummy
4077 0 # dummy
4078 0 # dummy
4079 0 # dummy
4080 0 # dummy
4081 0 # dummy
4082 0 # dummy
4083 0 # dummy
4084 0 # dummy
4085 0 # dummy
4086 0 # dummy
4087 0 # dummy
4088 0 # dummy
4089 0 # dummy
4090 0 # dummy
4091 0 # dummy
4092 0 # dummy
4093 0 # dummy
4094 0 # dummy
4095 0 # dummy
