# columns 
# CaloToolMPEtaBin PtMin PtMax avgPt IEtaBin_forLUT_col1 PtBin_forLUT SF
0 0 0 0 0 0 1.000000   # ieta [1], pt 0
0 1 15 8 0 1 1.801436
0 16 16 16 0 2 1.828225
0 17 17 17 0 3 1.823883
0 18 18 18 0 4 1.821959
0 19 19 19 0 5 1.818747
0 20 20 20 0 6 1.818176
0 21 21 21 0 7 1.812701
0 22 22 22 0 8 1.816908
0 23 23 23 0 9 1.815264
0 24 24 24 0 10 1.802902
0 25 25 25 0 11 1.800905
0 26 26 26 0 12 1.777921
0 27 27 27 0 13 1.764852
0 28 28 28 0 14 1.746568
0 29 29 29 0 15 1.735532
0 30 30 30 0 16 1.727073
0 31 31 31 0 17 1.722995
0 32 33 33 0 18 1.697682
0 34 35 35 0 19 1.670789
0 36 37 37 0 20 1.637740
0 38 39 39 0 21 1.618801
0 40 41 41 0 22 1.590993
0 42 43 43 0 23 1.575624
0 44 45 45 0 24 1.560876
0 46 47 47 0 25 1.543877
0 48 49 49 0 26 1.530621
0 50 51 51 0 27 1.509362
0 52 53 53 0 28 1.498935
0 54 55 55 0 29 1.487142
0 56 57 57 0 30 1.477634
0 58 59 59 0 31 1.463594
0 60 61 61 0 32 1.461353
0 62 64 63 0 33 1.451447
0 65 67 66 0 34 1.436191
0 68 70 69 0 35 1.422464
0 71 73 72 0 36 1.415800
0 74 76 75 0 37 1.400058
0 77 79 78 0 38 1.390729
0 80 82 81 0 39 1.379450
0 83 85 84 0 40 1.369602
0 86 88 87 0 41 1.359025
0 89 91 90 0 42 1.352892
0 92 94 93 0 43 1.345064
0 95 97 96 0 44 1.327801
0 98 100 99 0 45 1.327475
0 101 103 102 0 46 1.323176
0 104 109 107 0 47 1.315307
0 110 115 113 0 48 1.302257
0 116 121 119 0 49 1.292049
0 122 127 125 0 50 1.279589
0 128 133 131 0 51 1.272301
0 134 139 137 0 52 1.266540
0 140 145 143 0 53 1.255489
0 146 151 149 0 54 1.250034
0 152 157 155 0 55 1.238911
0 158 163 161 0 56 1.233662
0 164 169 167 0 57 1.231574
0 170 175 173 0 58 1.222924
0 176 181 179 0 59 1.208944
0 182 187 185 0 60 1.206035
0 188 193 191 0 61 1.204024
0 194 254 224 0 62 1.187110
0 255 255 255 0 63 1.175911
1 0 0 0 1 0 1.000000   # ieta [2], pt 0
1 1 15 8 1 1 1.924697
1 16 16 16 1 2 1.935115
1 17 17 17 1 3 1.924122
1 18 18 18 1 4 1.914772
1 19 19 19 1 5 1.903920
1 20 20 20 1 6 1.903322
1 21 21 21 1 7 1.897590
1 22 22 22 1 8 1.898998
1 23 23 23 1 9 1.875382
1 24 24 24 1 10 1.854869
1 25 25 25 1 11 1.849281
1 26 26 26 1 12 1.817406
1 27 27 27 1 13 1.799669
1 28 28 28 1 14 1.774652
1 29 29 29 1 15 1.759822
1 30 30 30 1 16 1.750689
1 31 31 31 1 17 1.746850
1 32 33 33 1 18 1.725867
1 34 35 35 1 19 1.703913
1 36 37 37 1 20 1.673011
1 38 39 39 1 21 1.649614
1 40 41 41 1 22 1.622636
1 42 43 43 1 23 1.604677
1 44 45 45 1 24 1.589174
1 46 47 47 1 25 1.574185
1 48 49 49 1 26 1.560669
1 50 51 51 1 27 1.536792
1 52 53 53 1 28 1.524472
1 54 55 55 1 29 1.511665
1 56 57 57 1 30 1.500904
1 58 59 59 1 31 1.484901
1 60 61 61 1 32 1.481954
1 62 64 63 1 33 1.471751
1 65 67 66 1 34 1.455503
1 68 70 69 1 35 1.440735
1 71 73 72 1 36 1.433562
1 74 76 75 1 37 1.416986
1 77 79 78 1 38 1.408736
1 80 82 81 1 39 1.398670
1 83 85 84 1 40 1.388335
1 86 88 87 1 41 1.377643
1 89 91 90 1 42 1.371227
1 92 94 93 1 43 1.362992
1 95 97 96 1 44 1.346391
1 98 100 99 1 45 1.346061
1 101 103 102 1 46 1.341169
1 104 109 107 1 47 1.331969
1 110 115 113 1 48 1.317191
1 116 121 119 1 49 1.306000
1 122 127 125 1 50 1.292019
1 128 133 131 1 51 1.284661
1 134 139 137 1 52 1.278844
1 140 145 143 1 53 1.267685
1 146 151 149 1 54 1.262177
1 152 157 155 1 55 1.250980
1 158 163 161 1 56 1.245952
1 164 169 167 1 57 1.243842
1 170 175 173 1 58 1.235106
1 176 181 179 1 59 1.222463
1 182 187 185 1 60 1.220548
1 188 193 191 1 61 1.219089
1 194 254 224 1 62 1.202524
1 255 255 255 1 63 1.189640
2 0 0 0 2 0 1.000000   # ieta [3], pt 0
2 1 15 8 2 1 1.907450
2 16 16 16 2 2 1.908494
2 17 17 17 2 3 1.900067
2 18 18 18 2 4 1.892270
2 19 19 19 2 5 1.888262
2 20 20 20 2 6 1.887669
2 21 21 21 2 7 1.873587
2 22 22 22 2 8 1.887346
2 23 23 23 2 9 1.863682
2 24 24 24 2 10 1.846316
2 25 25 25 2 11 1.840753
2 26 26 26 2 12 1.809026
2 27 27 27 2 13 1.792089
2 28 28 28 2 14 1.769619
2 29 29 29 2 15 1.754830
2 30 30 30 2 16 1.745723
2 31 31 31 2 17 1.741896
2 32 33 33 2 18 1.720972
2 34 35 35 2 19 1.699080
2 36 37 37 2 20 1.668266
2 38 39 39 2 21 1.645644
2 40 41 41 2 22 1.618731
2 42 43 43 2 23 1.600815
2 44 45 45 2 24 1.585349
2 46 47 47 2 25 1.570397
2 48 49 49 2 26 1.556913
2 50 51 51 2 27 1.533094
2 52 53 53 2 28 1.520804
2 54 55 55 2 29 1.508027
2 56 57 57 2 30 1.497292
2 58 59 59 2 31 1.481327
2 60 61 61 2 32 1.478388
2 62 64 63 2 33 1.468209
2 65 67 66 2 34 1.452000
2 68 70 69 2 35 1.437390
2 71 73 72 2 36 1.430573
2 74 76 75 2 37 1.414352
2 77 79 78 2 38 1.406011
2 80 82 81 2 39 1.396346
2 83 85 84 2 40 1.386028
2 86 88 87 2 41 1.375354
2 89 91 90 2 42 1.369068
2 92 94 93 2 43 1.360847
2 95 97 96 2 44 1.344272
2 98 100 99 2 45 1.343942
2 101 103 102 2 46 1.339058
2 104 109 107 2 47 1.329872
2 110 115 113 2 48 1.315117
2 116 121 119 2 49 1.304057
2 122 127 125 2 50 1.290119
2 128 133 131 2 51 1.282772
2 134 139 137 2 52 1.276963
2 140 145 143 2 53 1.265821
2 146 151 149 2 54 1.260321
2 152 157 155 2 55 1.249141
2 158 163 161 2 56 1.244119
2 164 169 167 2 57 1.242013
2 170 175 173 2 58 1.233290
2 176 181 179 2 59 1.220666
2 182 187 185 2 60 1.218753
2 188 193 191 2 61 1.217296
2 194 254 224 2 62 1.200756
2 255 255 255 2 63 1.187891
3 0 0 0 3 0 1.000000   # ieta [4], pt 0
3 1 15 8 3 1 1.912912
3 16 16 16 3 2 1.913673
3 17 17 17 3 3 1.902802
3 18 18 18 3 4 1.894993
3 19 19 19 3 5 1.890980
3 20 20 20 3 6 1.890386
3 21 21 21 3 7 1.877883
3 22 22 22 3 8 1.889799
3 23 23 23 3 9 1.866776
3 24 24 24 3 10 1.849381
3 25 25 25 3 11 1.843809
3 26 26 26 3 12 1.812304
3 27 27 27 3 13 1.795337
3 28 28 28 3 14 1.772826
3 29 29 29 3 15 1.758010
3 30 30 30 3 16 1.748887
3 31 31 31 3 17 1.745052
3 32 33 33 3 18 1.724090
3 34 35 35 3 19 1.702159
3 36 37 37 3 20 1.673296
3 38 39 39 3 21 1.654032
3 40 41 41 3 22 1.629775
3 42 43 43 3 23 1.612279
3 44 45 45 3 24 1.596702
3 46 47 47 3 25 1.581643
3 48 49 49 3 26 1.568063
3 50 51 51 3 27 1.548068
3 52 53 53 3 28 1.537053
3 54 55 55 3 29 1.526522
3 56 57 57 3 30 1.517571
3 58 59 59 3 31 1.498936
3 60 61 61 3 32 1.495961
3 62 64 63 3 33 1.484475
3 65 67 66 3 34 1.466589
3 68 70 69 3 35 1.448233
3 71 73 72 3 36 1.439409
3 74 76 75 3 37 1.421802
3 77 79 78 3 38 1.412772
3 80 82 81 3 39 1.403061
3 83 85 84 3 40 1.391843
3 86 88 87 3 41 1.379853
3 89 91 90 3 42 1.373995
3 92 94 93 3 43 1.365604
3 95 97 96 3 44 1.348971
3 98 100 99 3 45 1.348640
3 101 103 102 3 46 1.343738
3 104 109 107 3 47 1.334830
3 110 115 113 3 48 1.320237
3 116 121 119 3 49 1.308674
3 122 127 125 3 50 1.294687
3 128 133 131 3 51 1.287313
3 134 139 137 3 52 1.281484
3 140 145 143 3 53 1.269881
3 146 151 149 3 54 1.264944
3 152 157 155 3 55 1.254938
3 158 163 161 3 56 1.250531
3 164 169 167 3 57 1.247016
3 170 175 173 3 58 1.239069
3 176 181 179 3 59 1.226385
3 182 187 185 3 60 1.224464
3 188 193 191 3 61 1.223000
3 194 254 224 3 62 1.206317
3 255 255 255 3 63 1.193457
4 0 0 0 4 0 1.000000   # ieta [5], pt 0
4 1 15 8 4 1 2.015137
4 16 16 16 4 2 2.000613
4 17 17 17 4 3 1.980854
4 18 18 18 4 4 1.976426
4 19 19 19 4 5 1.978081
4 20 20 20 4 6 1.968669
4 21 21 21 4 7 1.962741
4 22 22 22 4 8 1.946208
4 23 23 23 4 9 1.933601
4 24 24 24 4 10 1.914891
4 25 25 25 4 11 1.909122
4 26 26 26 4 12 1.876209
4 27 27 27 4 13 1.857582
4 28 28 28 4 14 1.830962
4 29 29 29 4 15 1.811865
4 30 30 30 4 16 1.804533
4 31 31 31 4 17 1.798137
4 32 33 33 4 18 1.769254
4 34 35 35 4 19 1.746177
4 36 37 37 4 20 1.714265
4 38 39 39 4 21 1.689246
4 40 41 41 4 22 1.662008
4 42 43 43 4 23 1.640821
4 44 45 45 4 24 1.623889
4 46 47 47 4 25 1.612260
4 48 49 49 4 26 1.602203
4 50 51 51 4 27 1.581955
4 52 53 53 4 28 1.567782
4 54 55 55 4 29 1.553840
4 56 57 57 4 30 1.542456
4 58 59 59 4 31 1.523906
4 60 61 61 4 32 1.519459
4 62 64 63 4 33 1.508206
4 65 67 66 4 34 1.486499
4 68 70 69 4 35 1.466511
4 71 73 72 4 36 1.457018
4 74 76 75 4 37 1.437447
4 77 79 78 4 38 1.427161
4 80 82 81 4 39 1.416202
4 83 85 84 4 40 1.405588
4 86 88 87 4 41 1.394312
4 89 91 90 4 42 1.389733
4 92 94 93 4 43 1.381618
4 95 97 96 4 44 1.364046
4 98 100 99 4 45 1.363878
4 101 103 102 4 46 1.357799
4 104 109 107 4 47 1.349311
4 110 115 113 4 48 1.333394
4 116 121 119 4 49 1.323183
4 122 127 125 4 50 1.310101
4 128 133 131 4 51 1.302954
4 134 139 137 4 52 1.297522
4 140 145 143 4 53 1.286147
4 146 151 149 4 54 1.281223
4 152 157 155 4 55 1.269918
4 158 163 161 4 56 1.265088
4 164 169 167 4 57 1.261532
4 170 175 173 4 58 1.253493
4 176 181 179 4 59 1.240661
4 182 187 185 4 60 1.238718
4 188 193 191 4 61 1.237236
4 194 254 224 4 62 1.219148
4 255 255 255 4 63 1.205753
5 0 0 0 5 0 1.000000   # ieta [6], pt 0
5 1 15 8 5 1 2.036886
5 16 16 16 5 2 2.022664
5 17 17 17 5 3 2.002687
5 18 18 18 5 4 1.998210
5 19 19 19 5 5 1.999884
5 20 20 20 5 6 1.990368
5 21 21 21 5 7 1.984374
5 22 22 22 5 8 1.938804
5 23 23 23 5 9 1.939297
5 24 24 24 5 10 1.920532
5 25 25 25 5 11 1.914746
5 26 26 26 5 12 1.881736
5 27 27 27 5 13 1.862300
5 28 28 28 5 14 1.837581
5 29 29 29 5 15 1.818415
5 30 30 30 5 16 1.811056
5 31 31 31 5 17 1.806437
5 32 33 33 5 18 1.780736
5 34 35 35 5 19 1.757510
5 36 37 37 5 20 1.725390
5 38 39 39 5 21 1.698771
5 40 41 41 5 22 1.671206
5 42 43 43 5 23 1.649731
5 44 45 45 5 24 1.632707
5 46 47 47 5 25 1.621015
5 48 49 49 5 26 1.610904
5 50 51 51 5 27 1.590377
5 52 53 53 5 28 1.575961
5 54 55 55 5 29 1.561947
5 56 57 57 5 30 1.550504
5 58 59 59 5 31 1.531567
5 60 61 61 5 32 1.527018
5 62 64 63 5 33 1.515918
5 65 67 66 5 34 1.494100
5 68 70 69 5 35 1.473857
5 71 73 72 5 36 1.463791
5 74 76 75 5 37 1.443463
5 77 79 78 5 38 1.432672
5 80 82 81 5 39 1.421669
5 83 85 84 5 40 1.411015
5 86 88 87 5 41 1.399695
5 89 91 90 5 42 1.395099
5 92 94 93 5 43 1.386952
5 95 97 96 5 44 1.369312
5 98 100 99 5 45 1.369144
5 101 103 102 5 46 1.363041
5 104 109 107 5 47 1.354520
5 110 115 113 5 48 1.338543
5 116 121 119 5 49 1.328291
5 122 127 125 5 50 1.315159
5 128 133 131 5 51 1.307984
5 134 139 137 5 52 1.302531
5 140 145 143 5 53 1.291112
5 146 151 149 5 54 1.286170
5 152 157 155 5 55 1.274821
5 158 163 161 5 56 1.269973
5 164 169 167 5 57 1.266403
5 170 175 173 5 58 1.258332
5 176 181 179 5 59 1.245451
5 182 187 185 5 60 1.243500
5 188 193 191 5 61 1.242013
5 194 254 224 5 62 1.223855
5 255 255 255 5 63 1.210409
6 0 0 0 6 0 1.000000   # ieta [7], pt 0
6 1 15 8 6 1 1.994602
6 16 16 16 6 2 1.974089
6 17 17 17 6 3 1.957043
6 18 18 18 6 4 1.953808
6 19 19 19 6 5 1.955444
6 20 20 20 6 6 1.944290
6 21 21 21 6 7 1.938786
6 22 22 22 6 8 1.932330
6 23 23 23 6 9 1.908372
6 24 24 24 6 10 1.890477
6 25 25 25 6 11 1.886562
6 26 26 26 6 12 1.853975
6 27 27 27 6 13 1.835401
6 28 28 28 6 14 1.809715
6 29 29 29 6 15 1.788938
6 30 30 30 6 16 1.777329
6 31 31 31 6 17 1.773127
6 32 33 33 6 18 1.748547
6 34 35 35 6 19 1.725740
6 36 37 37 6 20 1.693578
6 38 39 39 6 21 1.665362
6 40 41 41 6 22 1.637720
6 42 43 43 6 23 1.616462
6 44 45 45 6 24 1.598590
6 46 47 47 6 25 1.580387
6 48 49 49 6 26 1.562788
6 50 51 51 6 27 1.542615
6 52 53 53 6 28 1.528696
6 54 55 55 6 29 1.514095
6 56 57 57 6 30 1.502773
6 58 59 59 6 31 1.487648
6 60 61 61 6 32 1.485435
6 62 64 63 6 33 1.479574
6 65 67 66 6 34 1.467353
6 68 70 69 6 35 1.447844
6 71 73 72 6 36 1.439523
6 74 76 75 6 37 1.422776
6 77 79 78 6 38 1.415857
6 80 82 81 6 39 1.407738
6 83 85 84 6 40 1.397656
6 86 88 87 6 41 1.386678
6 89 91 90 6 42 1.382286
6 92 94 93 6 43 1.374537
6 95 97 96 6 44 1.357055
6 98 100 99 6 45 1.356888
6 101 103 102 6 46 1.350840
6 104 109 107 6 47 1.342395
6 110 115 113 6 48 1.326806
6 116 121 119 6 49 1.316694
6 122 127 125 6 50 1.303676
6 128 133 131 6 51 1.296564
6 134 139 137 6 52 1.291159
6 140 145 143 6 53 1.279840
6 146 151 149 6 54 1.274940
6 152 157 155 6 55 1.263691
6 158 163 161 6 56 1.258885
6 164 169 167 6 57 1.255190
6 170 175 173 6 58 1.247346
6 176 181 179 6 59 1.234577
6 182 187 185 6 60 1.232643
6 188 193 191 6 61 1.231169
6 194 254 224 6 62 1.212544
6 255 255 255 6 63 1.198642
7 0 0 0 7 0 1.000000   # ieta [8], pt 0
7 1 15 8 7 1 1.904955
7 16 16 16 7 2 1.890235
7 17 17 17 7 3 1.881115
7 18 18 18 7 4 1.878006
7 19 19 19 7 5 1.879981
7 20 20 20 7 6 1.873375
7 21 21 21 7 7 1.862316
7 22 22 22 7 8 1.860980
7 23 23 23 7 9 1.851205
7 24 24 24 7 10 1.833846
7 25 25 25 7 11 1.830048
7 26 26 26 7 12 1.802320
7 27 27 27 7 13 1.784422
7 28 28 28 7 14 1.760984
7 29 29 29 7 15 1.746413
7 30 30 30 7 16 1.737095
7 31 31 31 7 17 1.733286
7 32 33 33 7 18 1.711808
7 34 35 35 7 19 1.691381
7 36 37 37 7 20 1.656054
7 38 39 39 7 21 1.625805
7 40 41 41 7 22 1.604015
7 42 43 43 7 23 1.587527
7 44 45 45 7 24 1.573041
7 46 47 47 7 25 1.553024
7 48 49 49 7 26 1.536552
7 50 51 51 7 27 1.516608
7 52 53 53 7 28 1.505809
7 54 55 55 7 29 1.493511
7 56 57 57 7 30 1.484802
7 58 59 59 7 31 1.467134
7 60 61 61 7 32 1.462600
7 62 64 63 7 33 1.451779
7 65 67 66 7 34 1.435527
7 68 70 69 7 35 1.420303
7 71 73 72 7 36 1.412436
7 74 76 75 7 37 1.397361
7 77 79 78 7 38 1.391012
7 80 82 81 7 39 1.384279
7 83 85 84 7 40 1.374081
7 86 88 87 7 41 1.360857
7 89 91 90 7 42 1.353073
7 92 94 93 7 43 1.342201
7 95 97 96 7 44 1.328354
7 98 100 99 7 45 1.328106
7 101 103 102 7 46 1.323943
7 104 109 107 7 47 1.316931
7 110 115 113 7 48 1.304680
7 116 121 119 7 49 1.292559
7 122 127 125 7 50 1.281516
7 128 133 131 7 51 1.277629
7 134 139 137 7 52 1.271817
7 140 145 143 7 53 1.262522
7 146 151 149 7 54 1.255124
7 152 157 155 7 55 1.240251
7 158 163 161 7 56 1.233604
7 164 169 167 7 57 1.230555
7 170 175 173 7 58 1.223200
7 176 181 179 7 59 1.209610
7 182 187 185 7 60 1.205588
7 188 193 191 7 61 1.198742
7 194 254 224 7 62 1.177561
7 255 255 255 7 63 1.165581
8 0 0 0 8 0 1.000000   # ieta [9], pt 0
8 1 15 8 8 1 1.903279
8 16 16 16 8 2 1.891030
8 17 17 17 8 3 1.877515
8 18 18 18 8 4 1.871596
8 19 19 19 8 5 1.866856
8 20 20 20 8 6 1.865129
8 21 21 21 8 7 1.854119
8 22 22 22 8 8 1.852788
8 23 23 23 8 9 1.843057
8 24 24 24 8 10 1.825774
8 25 25 25 8 11 1.821993
8 26 26 26 8 12 1.792485
8 27 27 27 8 13 1.770449
8 28 28 28 8 14 1.747195
8 29 29 29 8 15 1.728114
8 30 30 30 8 16 1.718894
8 31 31 31 8 17 1.715125
8 32 33 33 8 18 1.694791
8 34 35 35 8 19 1.678573
8 36 37 37 8 20 1.642965
8 38 39 39 8 21 1.615274
8 40 41 41 8 22 1.594571
8 42 43 43 8 23 1.575228
8 44 45 45 8 24 1.561810
8 46 47 47 8 25 1.544293
8 48 49 49 8 26 1.525913
8 50 51 51 8 27 1.499680
8 52 53 53 8 28 1.489374
8 54 55 55 8 29 1.478090
8 56 57 57 8 30 1.467040
8 58 59 59 8 31 1.452706
8 60 61 61 8 32 1.449017
8 62 64 63 8 33 1.436108
8 65 67 66 8 34 1.421729
8 68 70 69 8 35 1.410921
8 71 73 72 8 36 1.405375
8 74 76 75 8 37 1.387991
8 77 79 78 8 38 1.382570
8 80 82 81 8 39 1.376249
8 83 85 84 8 40 1.366035
8 86 88 87 8 41 1.351812
8 89 91 90 8 42 1.342857
8 92 94 93 8 43 1.332235
8 95 97 96 8 44 1.313670
8 98 100 99 8 45 1.313425
8 101 103 102 8 46 1.309309
8 104 109 107 8 47 1.302610
8 110 115 113 8 48 1.289722
8 116 121 119 8 49 1.277253
8 122 127 125 8 50 1.266200
8 128 133 131 8 51 1.263422
8 134 139 137 8 52 1.260521
8 140 145 143 8 53 1.255356
8 146 151 149 8 54 1.249121
8 152 157 155 8 55 1.235774
8 158 163 161 8 56 1.229932
8 164 169 167 8 57 1.227745
8 170 175 173 8 58 1.220832
8 176 181 179 8 59 1.207795
8 182 187 185 8 60 1.201659
8 188 193 191 8 61 1.194384
8 194 254 224 8 62 1.174276
8 255 255 255 8 63 1.162936
9 0 0 0 9 0 1.000000   # ieta [10], pt 0
9 1 15 8 9 1 1.824255
9 16 16 16 9 2 1.816800
9 17 17 17 9 3 1.791040
9 18 18 18 9 4 1.789625
9 19 19 19 9 5 1.775475
9 20 20 20 9 6 1.774127
9 21 21 21 9 7 1.771314
9 22 22 22 9 8 1.770043
9 23 23 23 9 9 1.761654
9 24 24 24 9 10 1.753101
9 25 25 25 9 11 1.749106
9 26 26 26 9 12 1.728652
9 27 27 27 9 13 1.707564
9 28 28 28 9 14 1.703339
9 29 29 29 9 15 1.694933
9 30 30 30 9 16 1.683615
9 31 31 31 9 17 1.679923
9 32 33 33 9 18 1.648677
9 34 35 35 9 19 1.627867
9 36 37 37 9 20 1.606404
9 38 39 39 9 21 1.581257
9 40 41 41 9 22 1.558574
9 42 43 43 9 23 1.534282
9 44 45 45 9 24 1.523058
9 46 47 47 9 25 1.505169
9 48 49 49 9 26 1.488656
9 50 51 51 9 27 1.465964
9 52 53 53 9 28 1.453010
9 54 55 55 9 29 1.447410
9 56 57 57 9 30 1.443307
9 58 59 59 9 31 1.430930
9 60 61 61 9 32 1.429102
9 62 64 63 9 33 1.419213
9 65 67 66 9 34 1.404896
9 68 70 69 9 35 1.394410
9 71 73 72 9 36 1.388961
9 74 76 75 9 37 1.368827
9 77 79 78 9 38 1.362642
9 80 82 81 9 39 1.357448
9 83 85 84 9 40 1.349044
9 86 88 87 9 41 1.333912
9 89 91 90 9 42 1.324063
9 92 94 93 9 43 1.316299
9 95 97 96 9 44 1.300406
9 98 100 99 9 45 1.300163
9 101 103 102 9 46 1.294258
9 104 109 107 9 47 1.288462
9 110 115 113 9 48 1.276035
9 116 121 119 9 49 1.263363
9 122 127 125 9 50 1.254611
9 128 133 131 9 51 1.251859
9 134 139 137 9 52 1.248984
9 140 145 143 9 53 1.243866
9 146 151 149 9 54 1.237933
9 152 157 155 9 55 1.225151
9 158 163 161 9 56 1.217896
9 164 169 167 9 57 1.215730
9 170 175 173 9 58 1.208265
9 176 181 179 9 59 1.197065
9 182 187 185 9 60 1.190872
9 188 193 191 9 61 1.183662
9 194 254 224 9 62 1.163734
9 255 255 255 9 63 1.153412
10 0 0 0 10 0 1.000000   # ieta [11], pt 0
10 1 15 8 10 1 1.753506
10 16 16 16 10 2 1.738208
10 17 17 17 10 3 1.751065
10 18 18 18 10 4 1.748244
10 19 19 19 10 5 1.741817
10 20 20 20 10 6 1.740494
10 21 21 21 10 7 1.737735
10 22 22 22 10 8 1.736488
10 23 23 23 10 9 1.728486
10 24 24 24 10 10 1.727747
10 25 25 25 10 11 1.723811
10 26 26 26 10 12 1.704782
10 27 27 27 10 13 1.683986
10 28 28 28 10 14 1.682555
10 29 29 29 10 15 1.675041
10 30 30 30 10 16 1.669792
10 31 31 31 10 17 1.668167
10 32 33 33 10 18 1.646464
10 34 35 35 10 19 1.627867
10 36 37 37 10 20 1.599588
10 38 39 39 10 21 1.570785
10 40 41 41 10 22 1.548253
10 42 43 43 10 23 1.524121
10 44 45 45 10 24 1.513787
10 46 47 47 10 25 1.489619
10 48 49 49 10 26 1.474072
10 50 51 51 10 27 1.456515
10 52 53 53 10 28 1.445419
10 54 55 55 10 29 1.438658
10 56 57 57 10 30 1.430451
10 58 59 59 10 31 1.409747
10 60 61 61 10 32 1.406004
10 62 64 63 10 33 1.395914
10 65 67 66 10 34 1.385554
10 68 70 69 10 35 1.374578
10 71 73 72 10 36 1.369506
10 74 76 75 10 37 1.346033
10 77 79 78 10 38 1.336166
10 80 82 81 10 39 1.328248
10 83 85 84 10 40 1.321601
10 86 88 87 10 41 1.308919
10 89 91 90 10 42 1.301606
10 92 94 93 10 43 1.296652
10 95 97 96 10 44 1.285554
10 98 100 99 10 45 1.285314
10 101 103 102 10 46 1.281417
10 104 109 107 10 47 1.274715
10 110 115 113 10 48 1.262656
10 116 121 119 10 49 1.255292
10 122 127 125 10 50 1.245517
10 128 133 131 10 51 1.236732
10 134 139 137 10 52 1.229927
10 140 145 143 10 53 1.220621
10 146 151 149 10 54 1.214685
10 152 157 155 10 55 1.203571
10 158 163 161 10 56 1.197156
10 164 169 167 10 57 1.196536
10 170 175 173 10 58 1.193155
10 176 181 179 10 59 1.188528
10 182 187 185 10 60 1.181420
10 188 193 191 10 61 1.174268
10 194 254 224 10 62 1.156805
10 255 255 255 10 63 1.147637
11 0 0 0 11 0 1.000000   # ieta [12], pt 0
11 1 15 8 11 1 1.704340
11 16 16 16 11 2 1.690842
11 17 17 17 11 3 1.701589
11 18 18 18 11 4 1.701528
11 19 19 19 11 5 1.697891
11 20 20 20 11 6 1.696602
11 21 21 21 11 7 1.697115
11 22 22 22 11 8 1.695897
11 23 23 23 11 9 1.686996
11 24 24 24 11 10 1.686275
11 25 25 25 11 11 1.681721
11 26 26 26 11 12 1.664595
11 27 27 27 11 13 1.652735
11 28 28 28 11 14 1.649042
11 29 29 29 11 15 1.633088
11 30 30 30 11 16 1.624754
11 31 31 31 11 17 1.621391
11 32 33 33 11 18 1.600378
11 34 35 35 11 19 1.578174
11 36 37 37 11 20 1.556501
11 38 39 39 11 21 1.528855
11 40 41 41 11 22 1.511947
11 42 43 43 11 23 1.494660
11 44 45 45 11 24 1.486913
11 46 47 47 11 25 1.467175
11 48 49 49 11 26 1.454319
11 50 51 51 11 27 1.436968
11 52 53 53 11 28 1.425417
11 54 55 55 11 29 1.419535
11 56 57 57 11 30 1.410875
11 58 59 59 11 31 1.391968
11 60 61 61 11 32 1.388487
11 62 64 63 11 33 1.380140
11 65 67 66 11 34 1.371596
11 68 70 69 11 35 1.360004
11 71 73 72 11 36 1.354090
11 74 76 75 11 37 1.329860
11 77 79 78 11 38 1.319120
11 80 82 81 11 39 1.313524
11 83 85 84 11 40 1.307955
11 86 88 87 11 41 1.295557
11 89 91 90 11 42 1.289303
11 92 94 93 11 43 1.286644
11 95 97 96 11 44 1.276366
11 98 100 99 11 45 1.276128
11 101 103 102 11 46 1.272634
11 104 109 107 11 47 1.266848
11 110 115 113 11 48 1.256642
11 116 121 119 11 49 1.250132
11 122 127 125 11 50 1.240596
11 128 133 131 11 51 1.231846
11 134 139 137 11 52 1.224330
11 140 145 143 11 53 1.214079
11 146 151 149 11 54 1.208055
11 152 157 155 11 55 1.196883
11 158 163 161 11 56 1.189985
11 164 169 167 11 57 1.189565
11 170 175 173 11 58 1.184353
11 176 181 179 11 59 1.177689
11 182 187 185 11 60 1.170646
11 188 193 191 11 61 1.163559
11 194 254 224 11 62 1.146358
11 255 255 255 11 63 1.138550
12 0 0 0 12 0 1.000000   # ieta [13], pt 0
12 1 15 8 12 1 1.666994
12 16 16 16 12 2 1.647008
12 17 17 17 12 3 1.655239
12 18 18 18 12 4 1.655180
12 19 19 19 12 5 1.652284
12 20 20 20 12 6 1.650753
12 21 21 21 12 7 1.652638
12 22 22 22 12 8 1.650519
12 23 23 23 12 9 1.645205
12 24 24 24 12 10 1.644619
12 25 25 25 12 11 1.639945
12 26 26 26 12 12 1.630515
12 27 27 27 12 13 1.621042
12 28 28 28 12 14 1.619653
12 29 29 29 12 15 1.602456
12 30 30 30 12 16 1.594496
12 31 31 31 12 17 1.591196
12 32 33 33 12 18 1.575806
12 34 35 35 12 19 1.555428
12 36 37 37 12 20 1.533902
12 38 39 39 12 21 1.508857
12 40 41 41 12 22 1.490573
12 42 43 43 12 23 1.470367
12 44 45 45 12 24 1.462143
12 46 47 47 12 25 1.441497
12 48 49 49 12 26 1.429187
12 50 51 51 12 27 1.412554
12 52 53 53 12 28 1.400973
12 54 55 55 12 29 1.394981
12 56 57 57 12 30 1.386902
12 58 59 59 12 31 1.368241
12 60 61 61 12 32 1.364680
12 62 64 63 12 33 1.355311
12 65 67 66 12 34 1.347844
12 68 70 69 12 35 1.337173
12 71 73 72 12 36 1.331117
12 74 76 75 12 37 1.308316
12 77 79 78 12 38 1.299246
12 80 82 81 12 39 1.293101
12 83 85 84 12 40 1.287672
12 86 88 87 12 41 1.275494
12 89 91 90 12 42 1.269365
12 92 94 93 12 43 1.266806
12 95 97 96 12 44 1.256686
12 98 100 99 12 45 1.256452
12 101 103 102 12 46 1.253618
12 104 109 107 12 47 1.247586
12 110 115 113 12 48 1.237201
12 116 121 119 12 49 1.230792
12 122 127 125 12 50 1.221404
12 128 133 131 12 51 1.212789
12 134 139 137 12 52 1.205567
12 140 145 143 12 53 1.195913
12 146 151 149 12 54 1.190121
12 152 157 155 12 55 1.179160
12 158 163 161 12 56 1.172410
12 164 169 167 12 57 1.171996
12 170 175 173 12 58 1.168907
12 176 181 179 12 59 1.164374
12 182 187 185 12 60 1.157411
12 188 193 191 12 61 1.150404
12 194 254 224 12 62 1.134560
12 255 255 255 12 63 1.128317
13 0 0 0 13 0 1.000000   # ieta [14], pt 0
13 1 15 8 13 1 1.662823
13 16 16 16 13 2 1.642886
13 17 17 17 13 3 1.651161
13 18 18 18 13 4 1.649766
13 19 19 19 13 5 1.646880
13 20 20 20 13 6 1.645354
13 21 21 21 13 7 1.647233
13 22 22 22 13 8 1.645121
13 23 23 23 13 9 1.640735
13 24 24 24 13 10 1.640150
13 25 25 25 13 11 1.635847
13 26 26 26 13 12 1.628169
13 27 27 27 13 13 1.618709
13 28 28 28 13 14 1.617323
13 29 29 29 13 15 1.599140
13 30 30 30 13 16 1.591197
13 31 31 31 13 17 1.587904
13 32 33 33 13 18 1.572546
13 34 35 35 13 19 1.552210
13 36 37 37 13 20 1.530728
13 38 39 39 13 21 1.507039
13 40 41 41 13 22 1.490079
13 42 43 43 13 23 1.469880
13 44 45 45 13 24 1.461659
13 46 47 47 13 25 1.441019
13 48 49 49 13 26 1.428240
13 50 51 51 13 27 1.409611
13 52 53 53 13 28 1.398054
13 54 55 55 13 29 1.392075
13 56 57 57 13 30 1.384013
13 58 59 59 13 31 1.365391
13 60 61 61 13 32 1.361837
13 62 64 63 13 33 1.352488
13 65 67 66 13 34 1.345036
13 68 70 69 13 35 1.334387
13 71 73 72 13 36 1.328344
13 74 76 75 13 37 1.305658
13 77 79 78 13 38 1.296741
13 80 82 81 13 39 1.290607
13 83 85 84 13 40 1.285189
13 86 88 87 13 41 1.273034
13 89 91 90 13 42 1.266917
13 92 94 93 13 43 1.264363
13 95 97 96 13 44 1.254263
13 98 100 99 13 45 1.254029
13 101 103 102 13 46 1.251200
13 104 109 107 13 47 1.245180
13 110 115 113 13 48 1.234815
13 116 121 119 13 49 1.228419
13 122 127 125 13 50 1.219048
13 128 133 131 13 51 1.210450
13 134 139 137 13 52 1.203242
13 140 145 143 13 53 1.193607
13 146 151 149 13 54 1.187826
13 152 157 155 13 55 1.176886
13 158 163 161 13 56 1.170149
13 164 169 167 13 57 1.169736
13 170 175 173 13 58 1.166653
13 176 181 179 13 59 1.162129
13 182 187 185 13 60 1.155179
13 188 193 191 13 61 1.148185
13 194 254 224 13 62 1.134527
13 255 255 255 13 63 1.130074
14 0 0 0 14 0 1.000000   # ieta [15], pt 0
14 1 15 8 14 1 1.635910
14 16 16 16 14 2 1.614343
14 17 17 17 14 3 1.627408
14 18 18 18 14 4 1.627107
14 19 19 19 14 5 1.624260
14 20 20 20 14 6 1.623773
14 21 21 21 14 7 1.631475
14 22 22 22 14 8 1.631686
14 23 23 23 14 9 1.633967
14 24 24 24 14 10 1.633386
14 25 25 25 14 11 1.628470
14 26 26 26 14 12 1.626318
14 27 27 27 14 13 1.617372
14 28 28 28 14 14 1.615987
14 29 29 29 14 15 1.597021
14 30 30 30 14 16 1.589089
14 31 31 31 14 17 1.585800
14 32 33 33 14 18 1.571032
14 34 35 35 14 19 1.551049
14 36 37 37 14 20 1.530475
14 38 39 39 14 21 1.509612
14 40 41 41 14 22 1.492496
14 42 43 43 14 23 1.474677
14 44 45 45 14 24 1.466649
14 46 47 47 14 25 1.446562
14 48 49 49 14 26 1.433821
14 50 51 51 14 27 1.417218
14 52 53 53 14 28 1.405784
14 54 55 55 14 29 1.399957
14 56 57 57 14 30 1.391849
14 58 59 59 14 31 1.373281
14 60 61 61 14 32 1.369868
14 62 64 63 14 33 1.360761
14 65 67 66 14 34 1.353264
14 68 70 69 14 35 1.342921
14 71 73 72 14 36 1.337063
14 74 76 75 14 37 1.314133
14 77 79 78 14 38 1.305072
14 80 82 81 14 39 1.298900
14 83 85 84 14 40 1.293446
14 86 88 87 14 41 1.281213
14 89 91 90 14 42 1.275057
14 92 94 93 14 43 1.272487
14 95 97 96 14 44 1.262321
14 98 100 99 14 45 1.261920
14 101 103 102 14 46 1.258991
14 104 109 107 14 47 1.252933
14 110 115 113 14 48 1.242503
14 116 121 119 14 49 1.236067
14 122 127 125 14 50 1.226638
14 128 133 131 14 51 1.217986
14 134 139 137 14 52 1.210734
14 140 145 143 14 53 1.201039
14 146 151 149 14 54 1.195221
14 152 157 155 14 55 1.184214
14 158 163 161 14 56 1.177435
14 164 169 167 14 57 1.177019
14 170 175 173 14 58 1.173917
14 176 181 179 14 59 1.169364
14 182 187 185 14 60 1.162371
14 188 193 191 14 61 1.155334
14 194 254 224 14 62 1.141510
14 255 255 255 14 63 1.137001
15 0 0 0 15 0 1.000000   # ieta [16], pt 0
15 1 15 8 15 1 1.625547
15 16 16 16 15 2 1.608575
15 17 17 17 15 3 1.622618
15 18 18 18 15 4 1.623693
15 19 19 19 15 5 1.623685
15 20 20 20 15 6 1.623198
15 21 21 21 15 7 1.630377
15 22 22 22 15 8 1.635359
15 23 23 23 15 9 1.644810
15 24 24 24 15 10 1.645032
15 25 25 25 15 11 1.641724
15 26 26 26 15 12 1.640494
15 27 27 27 15 13 1.632135
15 28 28 28 15 14 1.628975
15 29 29 29 15 15 1.619087
15 30 30 30 15 16 1.611408
15 31 31 31 15 17 1.608073
15 32 33 33 15 18 1.596513
15 34 35 35 15 19 1.575183
15 36 37 37 15 20 1.555337
15 38 39 39 15 21 1.535122
15 40 41 41 15 22 1.519798
15 42 43 43 15 23 1.504328
15 44 45 45 15 24 1.496313
15 46 47 47 15 25 1.482005
15 48 49 49 15 26 1.468951
15 50 51 51 15 27 1.453374
15 52 53 53 15 28 1.446235
15 54 55 55 15 29 1.441753
15 56 57 57 15 30 1.435547
15 58 59 59 15 31 1.417258
15 60 61 61 15 32 1.412356
15 62 64 63 15 33 1.402302
15 65 67 66 15 34 1.392811
15 68 70 69 15 35 1.383426
15 71 73 72 15 36 1.379244
15 74 76 75 15 37 1.360061
15 77 79 78 15 38 1.354406
15 80 82 81 15 39 1.347793
15 83 85 84 15 40 1.340271
15 86 88 87 15 41 1.326229
15 89 91 90 15 42 1.318609
15 92 94 93 15 43 1.314174
15 95 97 96 15 44 1.302922
15 98 100 99 15 45 1.302366
15 101 103 102 15 46 1.296007
15 104 109 107 15 47 1.290732
15 110 115 113 15 48 1.279846
15 116 121 119 15 49 1.267890
15 122 127 125 15 50 1.256946
15 128 133 131 15 51 1.248507
15 134 139 137 15 52 1.240068
15 140 145 143 15 53 1.233318
15 146 151 149 15 54 1.230242
15 152 157 155 15 55 1.220502
15 158 163 161 15 56 1.214584
15 164 169 167 15 57 1.215080
15 170 175 173 15 58 1.212902
15 176 181 179 15 59 1.208199
15 182 187 185 15 60 1.201094
15 188 193 191 15 61 1.194064
15 194 254 224 15 62 1.180460
15 255 255 255 15 63 1.176114
16 0 0 0 16 0 1.000000   # ieta [17], pt 0
16 1 15 8 16 1 1.857968
16 16 16 16 16 2 1.851735
16 17 17 17 16 3 1.825431
16 18 18 18 16 4 1.816047
16 19 19 19 16 5 1.804433
16 20 20 20 16 6 1.810750
16 21 21 21 16 7 1.811297
16 22 22 22 16 8 1.797375
16 23 23 23 16 9 1.763407
16 24 24 24 16 10 1.763100
16 25 25 25 16 11 1.756308
16 26 26 26 16 12 1.733543
16 27 27 27 16 13 1.721357
16 28 28 28 16 14 1.712158
16 29 29 29 16 15 1.697015
16 30 30 30 16 16 1.690675
16 31 31 31 16 17 1.688835
16 32 33 33 16 18 1.656444
16 34 35 35 16 19 1.627008
16 36 37 37 16 20 1.613320
16 38 39 39 16 21 1.596250
16 40 41 41 16 22 1.583068
16 42 43 43 16 23 1.562388
16 44 45 45 16 24 1.555000
16 46 47 47 16 25 1.538320
16 48 49 49 16 26 1.528087
16 50 51 51 16 27 1.510847
16 52 53 53 16 28 1.499884
16 54 55 55 16 29 1.491905
16 56 57 57 16 30 1.481898
16 58 59 59 16 31 1.459971
16 60 61 61 16 32 1.454265
16 62 64 63 16 33 1.442942
16 65 67 66 16 34 1.431306
16 68 70 69 16 35 1.418060
16 71 73 72 16 36 1.412604
16 74 76 75 16 37 1.392837
16 77 79 78 16 38 1.385696
16 80 82 81 16 39 1.377405
16 83 85 84 16 40 1.369941
16 86 88 87 16 41 1.355699
16 89 91 90 16 42 1.347741
16 92 94 93 16 43 1.344308
16 95 97 96 16 44 1.334167
16 98 100 99 16 45 1.333585
16 101 103 102 16 46 1.327528
16 104 109 107 16 47 1.322124
16 110 115 113 16 48 1.308533
16 116 121 119 16 49 1.295297
16 122 127 125 16 50 1.283652
16 128 133 131 16 51 1.274940
16 134 139 137 16 52 1.264560
16 140 145 143 16 53 1.262148
16 146 151 149 16 54 1.258812
16 152 157 155 16 55 1.248694
16 158 163 161 16 56 1.242486
16 164 169 167 16 57 1.243226
16 170 175 173 16 58 1.241464
16 176 181 179 16 59 1.236649
16 182 187 185 16 60 1.229335
16 188 193 191 16 61 1.222055
16 194 254 224 16 62 1.208250
16 255 255 255 16 63 1.203844
17 0 0 0 17 0 1.000000   # ieta [18], pt 0
17 1 15 8 17 1 1.819723
17 16 16 16 17 2 1.822099
17 17 17 17 17 3 1.797510
17 18 18 18 17 4 1.788270
17 19 19 19 17 5 1.776834
17 20 20 20 17 6 1.773136
17 21 21 21 17 7 1.773672
17 22 22 22 17 8 1.763857
17 23 23 23 17 9 1.752389
17 24 24 24 17 10 1.752084
17 25 25 25 17 11 1.743224
17 26 26 26 17 12 1.720629
17 27 27 27 17 13 1.708534
17 28 28 28 17 14 1.699403
17 29 29 29 17 15 1.684819
17 30 30 30 17 16 1.678524
17 31 31 31 17 17 1.676697
17 32 33 33 17 18 1.640914
17 34 35 35 17 19 1.611173
17 36 37 37 17 20 1.591747
17 38 39 39 17 21 1.567287
17 40 41 41 17 22 1.550634
17 42 43 43 17 23 1.533571
17 44 45 45 17 24 1.526319
17 46 47 47 17 25 1.509947
17 48 49 49 17 26 1.498788
17 50 51 51 17 27 1.481879
17 52 53 53 17 28 1.471126
17 54 55 55 17 29 1.463300
17 56 57 57 17 30 1.453485
17 58 59 59 17 31 1.431978
17 60 61 61 17 32 1.426382
17 62 64 63 17 33 1.414016
17 65 67 66 17 34 1.402444
17 68 70 69 17 35 1.390479
17 71 73 72 17 36 1.385188
17 74 76 75 17 37 1.366079
17 77 79 78 17 38 1.359662
17 80 82 81 17 39 1.352067
17 83 85 84 17 40 1.344740
17 86 88 87 17 41 1.330761
17 89 91 90 17 42 1.323490
17 92 94 93 17 43 1.319099
17 95 97 96 17 44 1.307927
17 98 100 99 17 45 1.307003
17 101 103 102 17 46 1.299812
17 104 109 107 17 47 1.293997
17 110 115 113 17 48 1.280806
17 116 121 119 17 49 1.267998
17 122 127 125 17 50 1.256911
17 128 133 131 17 51 1.248444
17 134 139 137 17 52 1.238297
17 140 145 143 17 53 1.234197
17 146 151 149 17 54 1.229558
17 152 157 155 17 55 1.218765
17 158 163 161 17 56 1.212416
17 164 169 167 17 57 1.212508
17 170 175 173 17 58 1.209320
17 176 181 179 17 59 1.204417
17 182 187 185 17 60 1.197293
17 188 193 191 17 61 1.189998
17 194 254 224 17 62 1.176648
17 255 255 255 17 63 1.178071
18 0 0 0 18 0 1.000000   # ieta [19], pt 0
18 1 15 8 18 1 1.929880
18 16 16 16 18 2 1.902991
18 17 17 17 18 3 1.880088
18 18 18 18 18 4 1.873444
18 19 19 19 18 5 1.866650
18 20 20 20 18 6 1.851109
18 21 21 21 18 7 1.838897
18 22 22 22 18 8 1.822791
18 23 23 23 18 9 1.797223
18 24 24 24 18 10 1.796910
18 25 25 25 18 11 1.787034
18 26 26 26 18 12 1.756395
18 27 27 27 18 13 1.718756
18 28 28 28 18 14 1.704779
18 29 29 29 18 15 1.689580
18 30 30 30 18 16 1.683268
18 31 31 31 18 17 1.681436
18 32 33 33 18 18 1.645030
18 34 35 35 18 19 1.614698
18 36 37 37 18 20 1.594201
18 38 39 39 18 21 1.569704
18 40 41 41 18 22 1.553025
18 42 43 43 18 23 1.535936
18 44 45 45 18 24 1.528672
18 46 47 47 18 25 1.512275
18 48 49 49 18 26 1.501099
18 50 51 51 18 27 1.484164
18 52 53 53 18 28 1.473395
18 54 55 55 18 29 1.465557
18 56 57 57 18 30 1.455160
18 58 59 59 18 31 1.433070
18 60 61 61 18 32 1.427469
18 62 64 63 18 33 1.415094
18 65 67 66 18 34 1.403513
18 68 70 69 18 35 1.391539
18 71 73 72 18 36 1.386244
18 74 76 75 18 37 1.366942
18 77 79 78 18 38 1.360162
18 80 82 81 18 39 1.352564
18 83 85 84 18 40 1.345235
18 86 88 87 18 41 1.331250
18 89 91 90 18 42 1.323976
18 92 94 93 18 43 1.319585
18 95 97 96 18 44 1.308408
18 98 100 99 18 45 1.307233
18 101 103 102 18 46 1.299539
18 104 109 107 18 47 1.293726
18 110 115 113 18 48 1.280538
18 116 121 119 18 49 1.267598
18 122 127 125 18 50 1.256554
18 128 133 131 18 51 1.248089
18 134 139 137 18 52 1.238680
18 140 145 143 18 53 1.228456
18 146 151 149 18 54 1.221666
18 152 157 155 18 55 1.209675
18 158 163 161 18 56 1.202228
18 164 169 167 18 57 1.201498
18 170 175 173 18 58 1.197533
18 176 181 179 18 59 1.192678
18 182 187 185 18 60 1.185623
18 188 193 191 18 61 1.177369
18 194 254 224 18 62 1.163415
18 255 255 255 18 63 1.163292
19 0 0 0 19 0 1.000000   # ieta [20], pt 0
19 1 15 8 19 1 1.926854
19 16 16 16 19 2 1.900007
19 17 17 17 19 3 1.877141
19 18 18 18 19 4 1.870507
19 19 19 19 19 5 1.863785
19 20 20 20 19 6 1.848267
19 21 21 21 19 7 1.836074
19 22 22 22 19 8 1.819993
19 23 23 23 19 9 1.794464
19 24 24 24 19 10 1.794151
19 25 25 25 19 11 1.784291
19 26 26 26 19 12 1.753699
19 27 27 27 19 13 1.716118
19 28 28 28 19 14 1.702573
19 29 29 29 19 15 1.687394
19 30 30 30 19 16 1.681090
19 31 31 31 19 17 1.679260
19 32 33 33 19 18 1.642763
19 34 35 35 19 19 1.612473
19 36 37 37 19 20 1.591688
19 38 39 39 19 21 1.565331
19 40 41 41 19 22 1.546010
19 42 43 43 19 23 1.529723
19 44 45 45 19 24 1.522488
19 46 47 47 19 25 1.506158
19 48 49 49 19 26 1.495027
19 50 51 51 19 27 1.477521
19 52 53 53 19 28 1.466073
19 54 55 55 19 29 1.458274
19 56 57 57 19 30 1.448493
19 58 59 59 19 31 1.427060
19 60 61 61 19 32 1.421483
19 62 64 63 19 33 1.409160
19 65 67 66 19 34 1.397627
19 68 70 69 19 35 1.385703
19 71 73 72 19 36 1.380430
19 74 76 75 19 37 1.361550
19 77 79 78 19 38 1.355483
19 80 82 81 19 39 1.347911
19 83 85 84 19 40 1.340607
19 86 88 87 19 41 1.326671
19 89 91 90 19 42 1.319422
19 92 94 93 19 43 1.315045
19 95 97 96 19 44 1.303907
19 98 100 99 19 45 1.302736
19 101 103 102 19 46 1.295069
19 104 109 107 19 47 1.289275
19 110 115 113 19 48 1.276132
19 116 121 119 19 49 1.263237
19 122 127 125 19 50 1.252232
19 128 133 131 19 51 1.243796
19 134 139 137 19 52 1.234419
19 140 145 143 19 53 1.222142
19 146 151 149 19 54 1.215152
19 152 157 155 19 55 1.202757
19 158 163 161 19 56 1.195118
19 164 169 167 19 57 1.194126
19 170 175 173 19 58 1.189651
19 176 181 179 19 59 1.184828
19 182 187 185 19 60 1.177820
19 188 193 191 19 61 1.169353
19 194 254 224 19 62 1.155297
19 255 255 255 19 63 1.150141
20 0 0 0 20 0 1.000000   # ieta [21], pt 0
20 1 15 8 20 1 2.072120
20 16 16 16 20 2 2.019828
20 17 17 17 20 3 1.975210
20 18 18 18 20 4 1.958216
20 19 19 19 20 5 1.932182
20 20 20 20 20 6 1.906546
20 21 21 21 20 7 1.881130
20 22 22 22 20 8 1.856666
20 23 23 23 20 9 1.832969
20 24 24 24 20 10 1.831015
20 25 25 25 20 11 1.816327
20 26 26 26 20 12 1.776096
20 27 27 27 20 13 1.736546
20 28 28 28 20 14 1.722840
20 29 29 29 20 15 1.707480
20 30 30 30 20 16 1.696469
20 31 31 31 20 17 1.693151
20 32 33 33 20 18 1.654123
20 34 35 35 20 19 1.623623
20 36 37 37 20 20 1.600864
20 38 39 39 20 21 1.571840
20 40 41 41 20 22 1.552113
20 42 43 43 20 23 1.534826
20 44 45 45 20 24 1.526631
20 46 47 47 20 25 1.510256
20 48 49 49 20 26 1.498957
20 50 51 51 20 27 1.478778
20 52 53 53 20 28 1.466653
20 54 55 55 20 29 1.458758
20 56 57 57 20 30 1.448787
20 58 59 59 20 31 1.427166
20 60 61 61 20 32 1.421588
20 62 64 63 20 33 1.409160
20 65 67 66 20 34 1.397627
20 68 70 69 20 35 1.385703
20 71 73 72 20 36 1.380430
20 74 76 75 20 37 1.361550
20 77 79 78 20 38 1.355483
20 80 82 81 20 39 1.347911
20 83 85 84 20 40 1.340607
20 86 88 87 20 41 1.326671
20 89 91 90 20 42 1.319422
20 92 94 93 20 43 1.315045
20 95 97 96 20 44 1.303907
20 98 100 99 20 45 1.302736
20 101 103 102 20 46 1.295069
20 104 109 107 20 47 1.289275
20 110 115 113 20 48 1.276132
20 116 121 119 20 49 1.263237
20 122 127 125 20 50 1.252232
20 128 133 131 20 51 1.243796
20 134 139 137 20 52 1.234419
20 140 145 143 20 53 1.222142
20 146 151 149 20 54 1.215152
20 152 157 155 20 55 1.202757
20 158 163 161 20 56 1.195118
20 164 169 167 20 57 1.194126
20 170 175 173 20 58 1.189651
20 176 181 179 20 59 1.184828
20 182 187 185 20 60 1.177820
20 188 193 191 20 61 1.169353
20 194 254 224 20 62 1.155297
20 255 255 255 20 63 1.150141
21 0 0 0 21 0 1.000000   # ieta [22], pt 0
21 1 15 8 21 1 2.166833
21 16 16 16 21 2 2.106234
21 17 17 17 21 3 2.063930
21 18 18 18 21 4 2.030658
21 19 19 19 21 5 1.991539
21 20 20 20 21 6 1.961665
21 21 21 21 21 7 1.934258
21 22 22 22 21 8 1.900508
21 23 23 23 21 9 1.868969
21 24 24 24 21 10 1.861117
21 25 25 25 21 11 1.845150
21 26 26 26 21 12 1.804113
21 27 27 27 21 13 1.772084
21 28 28 28 21 14 1.759872
21 29 29 29 21 15 1.741858
21 30 30 30 21 16 1.729468
21 31 31 31 21 17 1.724022
21 32 33 33 21 18 1.684455
21 34 35 35 21 19 1.653135
21 36 37 37 21 20 1.625773
21 38 39 39 21 21 1.595624
21 40 41 41 21 22 1.576152
21 42 43 43 21 23 1.555760
21 44 45 45 21 24 1.544262
21 46 47 47 21 25 1.524305
21 48 49 49 21 26 1.511496
21 50 51 51 21 27 1.489286
21 52 53 53 21 28 1.477814
21 54 55 55 21 29 1.469771
21 56 57 57 21 30 1.459637
21 58 59 59 21 31 1.437388
21 60 61 61 21 32 1.431304
21 62 64 63 21 33 1.418790
21 65 67 66 21 34 1.407179
21 68 70 69 21 35 1.395672
21 71 73 72 21 36 1.390823
21 74 76 75 21 37 1.371912
21 77 79 78 21 38 1.365193
21 80 82 81 21 39 1.357567
21 83 85 84 21 40 1.350211
21 86 88 87 21 41 1.336174
21 89 91 90 21 42 1.328874
21 92 94 93 21 43 1.324413
21 95 97 96 21 44 1.313092
21 98 100 99 21 45 1.311912
21 101 103 102 21 46 1.304192
21 104 109 107 21 47 1.298357
21 110 115 113 21 48 1.285122
21 116 121 119 21 49 1.271920
21 122 127 125 21 50 1.260796
21 128 133 131 21 51 1.252302
21 134 139 137 21 52 1.242917
21 140 145 143 21 53 1.228974
21 146 151 149 21 54 1.221562
21 152 157 155 21 55 1.208273
21 158 163 161 21 56 1.200598
21 164 169 167 21 57 1.199504
21 170 175 173 21 58 1.194814
21 176 181 179 21 59 1.189970
21 182 187 185 21 60 1.182931
21 188 193 191 21 61 1.174428
21 194 254 224 21 62 1.160486
21 255 255 255 21 63 1.153899
22 0 0 0 22 0 1.000000   # ieta [23], pt 0
22 1 15 8 22 1 2.174778
22 16 16 16 22 2 2.109791
22 17 17 17 22 3 2.067415
22 18 18 18 22 4 2.034087
22 19 19 19 22 5 1.994902
22 20 20 20 22 6 1.964978
22 21 21 21 22 7 1.937524
22 22 22 22 22 8 1.903516
22 23 23 23 22 9 1.872842
22 24 24 24 22 10 1.864569
22 25 25 25 22 11 1.848572
22 26 26 26 22 12 1.807458
22 27 27 27 22 13 1.774996
22 28 28 28 22 14 1.762764
22 29 29 29 22 15 1.744720
22 30 30 30 22 16 1.732310
22 31 31 31 22 17 1.726855
22 32 33 33 22 18 1.686855
22 34 35 35 22 19 1.655125
22 36 37 37 22 20 1.629255
22 38 39 39 22 21 1.600297
22 40 41 41 22 22 1.580768
22 42 43 43 22 23 1.560317
22 44 45 45 22 24 1.547709
22 46 47 47 22 25 1.526642
22 48 49 49 22 26 1.513005
22 50 51 51 22 27 1.490556
22 52 53 53 22 28 1.478857
22 54 55 55 22 29 1.470809
22 56 57 57 22 30 1.460668
22 58 59 59 22 31 1.438403
22 60 61 61 22 32 1.432315
22 62 64 63 22 33 1.419792
22 65 67 66 22 34 1.408173
22 68 70 69 22 35 1.396657
22 71 73 72 22 36 1.391805
22 74 76 75 22 37 1.372560
22 77 79 78 22 38 1.365193
22 80 82 81 22 39 1.357567
22 83 85 84 22 40 1.350211
22 86 88 87 22 41 1.336174
22 89 91 90 22 42 1.328874
22 92 94 93 22 43 1.324413
22 95 97 96 22 44 1.313092
22 98 100 99 22 45 1.311912
22 101 103 102 22 46 1.304192
22 104 109 107 22 47 1.298357
22 110 115 113 22 48 1.285122
22 116 121 119 22 49 1.271920
22 122 127 125 22 50 1.260796
22 128 133 131 22 51 1.252302
22 134 139 137 22 52 1.244687
22 140 145 143 22 53 1.228656
22 146 151 149 22 54 1.221043
22 152 157 155 22 55 1.206906
22 158 163 161 22 56 1.199240
22 164 169 167 22 57 1.198147
22 170 175 173 22 58 1.193462
22 176 181 179 22 59 1.188624
22 182 187 185 22 60 1.179972
22 188 193 191 22 61 1.168253
22 194 254 224 22 62 1.152329
22 255 255 255 22 63 1.146006
23 0 0 0 23 0 1.000000   # ieta [24], pt 0
23 1 15 8 23 1 2.235058
23 16 16 16 23 2 2.166562
23 17 17 17 23 3 2.118134
23 18 18 18 23 4 2.072230
23 19 19 19 23 5 2.027607
23 20 20 20 23 6 1.996625
23 21 21 21 23 7 1.968729
23 22 22 22 23 8 1.933514
23 23 23 23 23 9 1.891961
23 24 24 24 23 10 1.879088
23 25 25 25 23 11 1.862614
23 26 26 26 23 12 1.821188
23 27 27 27 23 13 1.788909
23 28 28 28 23 14 1.776152
23 29 29 29 23 15 1.757972
23 30 30 30 23 16 1.745467
23 31 31 31 23 17 1.739593
23 32 33 33 23 18 1.696449
23 34 35 35 23 19 1.664539
23 36 37 37 23 20 1.638522
23 38 39 39 23 21 1.608471
23 40 41 41 23 22 1.590525
23 42 43 43 23 23 1.569205
23 44 45 45 23 24 1.556526
23 46 47 47 23 25 1.535338
23 48 49 49 23 26 1.521393
23 50 51 51 23 27 1.498591
23 52 53 53 23 28 1.486829
23 54 55 55 23 29 1.478427
23 56 57 57 23 30 1.472865
23 58 59 59 23 31 1.439652
23 60 61 61 23 32 1.433949
23 62 64 63 23 33 1.421798
23 65 67 66 23 34 1.410163
23 68 70 69 23 35 1.398519
23 71 73 72 23 36 1.393040
23 74 76 75 23 37 1.372996
23 77 79 78 23 38 1.365627
23 80 82 81 23 39 1.357998
23 83 85 84 23 40 1.350640
23 86 88 87 23 41 1.336599
23 89 91 90 23 42 1.329296
23 92 94 93 23 43 1.324834
23 95 97 96 23 44 1.313509
23 98 100 99 23 45 1.312329
23 101 103 102 23 46 1.304606
23 104 109 107 23 47 1.298769
23 110 115 113 23 48 1.285530
23 116 121 119 23 49 1.272324
23 122 127 125 23 50 1.261196
23 128 133 131 23 51 1.252700
23 134 139 137 23 52 1.245083
23 140 145 143 23 53 1.228695
23 146 151 149 23 54 1.220906
23 152 157 155 23 55 1.206771
23 158 163 161 23 56 1.199106
23 164 169 167 23 57 1.198013
23 170 175 173 23 58 1.193329
23 176 181 179 23 59 1.188491
23 182 187 185 23 60 1.179841
23 188 193 191 23 61 1.168123
23 194 254 224 23 62 1.152200
23 255 255 255 23 63 1.145878
24 0 0 0 24 0 1.000000   # ieta [25], pt 0
24 1 15 8 24 1 2.198409
24 16 16 16 24 2 2.131791
24 17 17 17 24 3 2.088660
24 18 18 18 24 4 2.054984
24 19 19 19 24 5 2.012781
24 20 20 20 24 6 1.982025
24 21 21 21 24 7 1.954333
24 22 22 22 24 8 1.920063
24 23 23 23 24 9 1.888155
24 24 24 24 24 10 1.874435
24 25 25 25 24 11 1.858001
24 26 26 26 24 12 1.816678
24 27 27 27 24 13 1.784479
24 28 28 28 24 14 1.771754
24 29 29 29 24 15 1.753618
24 30 30 30 24 16 1.741144
24 31 31 31 24 17 1.735285
24 32 33 33 24 18 1.693834
24 34 35 35 24 19 1.661973
24 36 37 37 24 20 1.635996
24 38 39 39 24 21 1.606424
24 40 41 41 24 22 1.588934
24 42 43 43 24 23 1.567635
24 44 45 45 24 24 1.554968
24 46 47 47 24 25 1.533802
24 48 49 49 24 26 1.519870
24 50 51 51 24 27 1.497091
24 52 53 53 24 28 1.485341
24 54 55 55 24 29 1.476947
24 56 57 57 24 30 1.471391
24 58 59 59 24 31 1.438931
24 60 61 61 24 32 1.433230
24 62 64 63 24 33 1.421086
24 65 67 66 24 34 1.409456
24 68 70 69 24 35 1.397819
24 71 73 72 24 36 1.392445
24 74 76 75 24 37 1.372612
24 77 79 78 24 38 1.365245
24 80 82 81 24 39 1.357618
24 83 85 84 24 40 1.350262
24 86 88 87 24 41 1.336225
24 89 91 90 24 42 1.328924
24 92 94 93 24 43 1.324463
24 95 97 96 24 44 1.313141
24 98 100 99 24 45 1.311962
24 101 103 102 24 46 1.304241
24 104 109 107 24 47 1.298406
24 110 115 113 24 48 1.285170
24 116 121 119 24 49 1.271968
24 122 127 125 24 50 1.260843
24 128 133 131 24 51 1.252349
24 134 139 137 24 52 1.244734
24 140 145 143 24 53 1.228351
24 146 151 149 24 54 1.220689
24 152 157 155 24 55 1.206914
24 158 163 161 24 56 1.199482
24 164 169 167 24 57 1.198389
24 170 175 173 24 58 1.193703
24 176 181 179 24 59 1.188864
24 182 187 185 24 60 1.180211
24 188 193 191 24 61 1.168489
24 194 254 224 24 62 1.152527
24 255 255 255 24 63 1.146003
25 0 0 0 25 0 1.000000   # ieta [26], pt 0
25 1 15 8 25 1 2.115647
25 16 16 16 25 2 2.058106
25 17 17 17 25 3 2.027710
25 18 18 18 25 4 1.969581
25 19 19 19 25 5 1.930229
25 20 20 20 25 6 1.893950
25 21 21 21 25 7 1.874417
25 22 22 22 25 8 1.849410
25 23 23 23 25 9 1.843053
25 24 24 24 25 10 1.830979
25 25 25 25 25 11 1.815235
25 26 26 26 25 12 1.781132
25 27 27 27 25 13 1.749563
25 28 28 28 25 14 1.737087
25 29 29 29 25 15 1.722700
25 30 30 30 25 16 1.710446
25 31 31 31 25 17 1.704690
25 32 33 33 25 18 1.671429
25 34 35 35 25 19 1.642755
25 36 37 37 25 20 1.617509
25 38 39 39 25 21 1.583351
25 40 41 41 25 22 1.563053
25 42 43 43 25 23 1.541128
25 44 45 45 25 24 1.529090
25 46 47 47 25 25 1.509445
25 48 49 49 25 26 1.496423
25 50 51 51 25 27 1.474586
25 52 53 53 25 28 1.463319
25 54 55 55 25 29 1.455276
25 56 57 57 25 30 1.450484
25 58 59 59 25 31 1.421149
25 60 61 61 25 32 1.417362
25 62 64 63 25 33 1.404672
25 65 67 66 25 34 1.393176
25 68 70 69 25 35 1.378272
25 71 73 72 25 36 1.370320
25 74 76 75 25 37 1.349825
25 77 79 78 25 38 1.340234
25 80 82 81 25 39 1.329459
25 83 85 84 25 40 1.322310
25 86 88 87 25 41 1.308591
25 89 91 90 25 42 1.301441
25 92 94 93 25 43 1.296773
25 95 97 96 25 44 1.285688
25 98 100 99 25 45 1.284673
25 101 103 102 25 46 1.274472
25 104 109 107 25 47 1.268770
25 110 115 113 25 48 1.259013
25 116 121 119 25 49 1.246196
25 122 127 125 25 50 1.234462
25 128 133 131 25 51 1.227204
25 134 139 137 25 52 1.220159
25 140 145 143 25 53 1.204307
25 146 151 149 25 54 1.195307
25 152 157 155 25 55 1.180609
25 158 163 161 25 56 1.173837
25 164 169 167 25 57 1.172767
25 170 175 173 25 58 1.168795
25 176 181 179 25 59 1.166481
25 182 187 185 25 60 1.157405
25 188 193 191 25 61 1.144049
25 194 254 224 25 62 1.128515
25 255 255 255 25 63 1.122603
26 0 0 0 26 0 1.000000   # ieta [27], pt 0
26 1 15 8 26 1 2.047220
26 16 16 16 26 2 1.974509
26 17 17 17 26 3 1.925109
26 18 18 18 26 4 1.862841
26 19 19 19 26 5 1.815972
26 20 20 20 26 6 1.765663
26 21 21 21 26 7 1.747454
26 22 22 22 26 8 1.705184
26 23 23 23 26 9 1.719666
26 24 24 24 26 10 1.687973
26 25 25 25 26 11 1.679431
26 26 26 26 26 12 1.638679
26 27 27 27 26 13 1.626225
26 28 28 28 26 14 1.602720
26 29 29 29 26 15 1.580108
26 30 30 30 26 16 1.561420
26 31 31 31 26 17 1.557235
26 32 33 33 26 18 1.559358
26 34 35 35 26 19 1.545044
26 36 37 37 26 20 1.527355
26 38 39 39 26 21 1.506369
26 40 41 41 26 22 1.489957
26 42 43 43 26 23 1.477371
26 44 45 45 26 24 1.470085
26 46 47 47 26 25 1.458734
26 48 49 49 26 26 1.448528
26 50 51 51 26 27 1.440985
26 52 53 53 26 28 1.430494
26 54 55 55 26 29 1.417589
26 56 57 57 26 30 1.406655
26 58 59 59 26 31 1.385276
26 60 61 61 26 32 1.380847
26 62 64 63 26 33 1.363740
26 65 67 66 26 34 1.346243
26 68 70 69 26 35 1.336593
26 71 73 72 26 36 1.330897
26 74 76 75 26 37 1.313557
26 77 79 78 26 38 1.306162
26 80 82 81 26 39 1.298520
26 83 85 84 26 40 1.291621
26 86 88 87 26 41 1.277212
26 89 91 90 26 42 1.269142
26 92 94 93 26 43 1.261692
26 95 97 96 26 44 1.235926
26 98 100 99 26 45 1.234951
26 101 103 102 26 46 1.225843
26 104 109 107 26 47 1.222607
26 110 115 113 26 48 1.213544
26 116 121 119 26 49 1.203328
26 122 127 125 26 50 1.200874
26 128 133 131 26 51 1.202583
26 134 139 137 26 52 1.200762
26 140 145 143 26 53 1.191715
26 146 151 149 26 54 1.186119
26 152 157 155 26 55 1.171785
26 158 163 161 26 56 1.162869
26 164 169 167 26 57 1.161809
26 170 175 173 26 58 1.158210
26 176 181 179 26 59 1.153649
26 182 187 185 26 60 1.143465
26 188 193 191 26 61 1.130778
26 194 254 224 26 62 1.116793
26 255 255 255 26 63 1.111150
27 0 0 0 27 0 1.000000   # ieta [28], pt 0
27 1 15 8 27 1 2.116259
27 16 16 16 27 2 2.028084
27 17 17 17 27 3 1.975298
27 18 18 18 27 4 1.888915
27 19 19 19 27 5 1.839261
27 20 20 20 27 6 1.784045
27 21 21 21 27 7 1.765646
27 22 22 22 27 8 1.722937
27 23 23 23 27 9 1.723352
27 24 24 24 27 10 1.691591
27 25 25 25 27 11 1.683031
27 26 26 26 27 12 1.642191
27 27 27 27 27 13 1.629710
27 28 28 28 27 14 1.606155
27 29 29 29 27 15 1.583495
27 30 30 30 27 16 1.564767
27 31 31 31 27 17 1.556709
27 32 33 33 27 18 1.555956
27 34 35 35 27 19 1.542088
27 36 37 37 27 20 1.524843
27 38 39 39 27 21 1.505343
27 40 41 41 27 22 1.488942
27 42 43 43 27 23 1.477625
27 44 45 45 27 24 1.470025
27 46 47 47 27 25 1.459604
27 48 49 49 27 26 1.449391
27 50 51 51 27 27 1.441845
27 52 53 53 27 28 1.428540
27 54 55 55 27 29 1.414680
27 56 57 57 27 30 1.403768
27 58 59 59 27 31 1.382433
27 60 61 61 27 32 1.378013
27 62 64 63 27 33 1.362422
27 65 67 66 27 34 1.345073
27 68 70 69 27 35 1.334712
27 71 73 72 27 36 1.329066
27 74 76 75 27 37 1.311783
27 77 79 78 27 38 1.304297
27 80 82 81 27 39 1.296666
27 83 85 84 27 40 1.290906
27 86 88 87 27 41 1.278773
27 89 91 90 27 42 1.270229
27 92 94 93 27 43 1.262540
27 95 97 96 27 44 1.236757
27 98 100 99 27 45 1.235781
27 101 103 102 27 46 1.226667
27 104 109 107 27 47 1.223428
27 110 115 113 27 48 1.214359
27 116 121 119 27 49 1.204137
27 122 127 125 27 50 1.201682
27 128 133 131 27 51 1.203391
27 134 139 137 27 52 1.201569
27 140 145 143 27 53 1.189957
27 146 151 149 27 54 1.184370
27 152 157 155 27 55 1.170057
27 158 163 161 27 56 1.161154
27 164 169 167 27 57 1.160083
27 170 175 173 27 58 1.155000
27 176 181 179 27 59 1.150452
27 182 187 185 27 60 1.140296
27 188 193 191 27 61 1.126917
27 194 254 224 27 62 1.112260
27 255 255 255 27 63 1.106640
28 0 0 0 28 0 1.000000   # ieta [29], pt 0
28 1 15 8 28 1 1.884373
28 16 16 16 28 2 1.841076
28 17 17 17 28 3 1.793673
28 18 18 18 28 4 1.749493
28 19 19 19 28 5 1.729085
28 20 20 20 28 6 1.688281
28 21 21 21 28 7 1.642543
28 22 22 22 28 8 1.607714
28 23 23 23 28 9 1.556085
28 24 24 24 28 10 1.539891
28 25 25 25 28 11 1.514652
28 26 26 26 28 12 1.469929
28 27 27 27 28 13 1.447615
28 28 28 28 28 14 1.446207
28 29 29 29 28 15 1.434738
28 30 30 30 28 16 1.417331
28 31 31 31 28 17 1.405784
28 32 33 33 28 18 1.395909
28 34 35 35 28 19 1.378726
28 36 37 37 28 20 1.360166
28 38 39 39 28 21 1.345829
28 40 41 41 28 22 1.339021
28 42 43 43 28 23 1.319323
28 44 45 45 28 24 1.313609
28 46 47 47 28 25 1.314897
28 48 49 49 28 26 1.312059
28 50 51 51 28 27 1.294144
28 52 53 53 28 28 1.281342
28 54 55 55 28 29 1.275563
28 56 57 57 28 30 1.269435
28 58 59 59 28 31 1.263388
28 60 61 61 28 32 1.262416
28 62 64 63 28 33 1.258648
28 65 67 66 28 34 1.256817
28 68 70 69 28 35 1.253248
28 71 73 72 28 36 1.247636
28 74 76 75 28 37 1.231462
28 77 79 78 28 38 1.220399
28 80 82 81 28 39 1.210950
28 83 85 84 28 40 1.205216
28 86 88 87 28 41 1.198772
28 89 91 90 28 42 1.193293
28 92 94 93 28 43 1.189145
28 95 97 96 28 44 1.185636
28 98 100 99 28 45 1.183057
28 101 103 102 28 46 1.180040
28 104 109 107 28 47 1.176570
28 110 115 113 28 48 1.172683
28 116 121 119 28 49 1.165525
28 122 127 125 28 50 1.157292
28 128 133 131 28 51 1.147282
28 134 139 137 28 52 1.133105
28 140 145 143 28 53 1.104436
28 146 151 149 28 54 1.103378
28 152 157 155 28 55 1.114196
28 158 163 161 28 56 1.114833
28 164 169 167 28 57 1.109015
28 170 175 173 28 58 1.103831
28 176 181 179 28 59 1.098519
28 182 187 185 28 60 1.095956
28 188 193 191 28 61 1.083198
28 194 254 224 28 62 1.069862
28 255 255 255 28 63 1.060743
29 0 0 0 29 0 1.000000   # ieta [30], pt 0
29 1 15 8 29 1 2.067059
29 16 16 16 29 2 1.967002
29 17 17 17 29 3 1.893312
29 18 18 18 29 4 1.816883
29 19 19 19 29 5 1.765522
29 20 20 20 29 6 1.700850
29 21 21 21 29 7 1.650152
29 22 22 22 29 8 1.609557
29 23 23 23 29 9 1.557928
29 24 24 24 29 10 1.541734
29 25 25 25 29 11 1.515134
29 26 26 26 29 12 1.470411
29 27 27 27 29 13 1.448098
29 28 28 28 29 14 1.446690
29 29 29 29 29 15 1.427644
29 30 30 30 29 16 1.403592
29 31 31 31 29 17 1.392045
29 32 33 33 29 18 1.377416
29 34 35 35 29 19 1.359542
29 36 37 37 29 20 1.339967
29 38 39 39 29 21 1.324217
29 40 41 41 29 22 1.315238
29 42 43 43 29 23 1.282957
29 44 45 45 29 24 1.273957
29 46 47 47 29 25 1.259900
29 48 49 49 29 26 1.249477
29 50 51 51 29 27 1.228355
29 52 53 53 29 28 1.214569
29 54 55 55 29 29 1.203766
29 56 57 57 29 30 1.193101
29 58 59 59 29 31 1.191585
29 60 61 61 29 32 1.190613
29 62 64 63 29 33 1.186238
29 65 67 66 29 34 1.181700
29 68 70 69 29 35 1.177355
29 71 73 72 29 36 1.175803
29 74 76 75 29 37 1.165084
29 77 79 78 29 38 1.151470
29 80 82 81 29 39 1.139904
29 83 85 84 29 40 1.133441
29 86 88 87 29 41 1.123607
29 89 91 90 29 42 1.121861
29 92 94 93 29 43 1.116084
29 95 97 96 29 44 1.106900
29 98 100 99 29 45 1.104268
29 101 103 102 29 46 1.101147
29 104 109 107 29 47 1.099651
29 110 115 113 29 48 1.095193
29 116 121 119 29 49 1.086201
29 122 127 125 29 50 1.084755
29 128 133 131 29 51 1.081931
29 134 139 137 29 52 1.075353
29 140 145 143 29 53 1.049686
29 146 151 149 29 54 1.051046
29 152 157 155 29 55 1.058867
29 158 163 161 29 56 1.056720
29 164 169 167 29 57 1.051454
29 170 175 173 29 58 1.047876
29 176 181 179 29 59 1.046411
29 182 187 185 29 60 1.045674
29 188 193 191 29 61 1.033738
29 194 254 224 29 62 1.026201
29 255 255 255 29 63 1.019421
30 0 0 0 30 0 1.000000   # ieta [31], pt 0
30 1 15 8 30 1 2.051024
30 16 16 16 30 2 1.943904
30 17 17 17 30 3 1.869580
30 18 18 18 30 4 1.793151
30 19 19 19 30 5 1.740115
30 20 20 20 30 6 1.680936
30 21 21 21 30 7 1.632185
30 22 22 22 30 8 1.592680
30 23 23 23 30 9 1.534157
30 24 24 24 30 10 1.517962
30 25 25 25 30 11 1.486625
30 26 26 26 30 12 1.432076
30 27 27 27 30 13 1.407246
30 28 28 28 30 14 1.403054
30 29 29 29 30 15 1.384008
30 30 30 30 30 16 1.363966
30 31 31 31 30 17 1.345626
30 32 33 33 30 18 1.332461
30 34 35 35 30 19 1.313872
30 36 37 37 30 20 1.293547
30 38 39 39 30 21 1.276713
30 40 41 41 30 22 1.266685
30 42 43 43 30 23 1.253046
30 44 45 45 30 24 1.248556
30 46 47 47 30 25 1.240598
30 48 49 49 30 26 1.233560
30 50 51 51 30 27 1.215929
30 52 53 53 30 28 1.203747
30 54 55 55 30 29 1.195724
30 56 57 57 30 30 1.186412
30 58 59 59 30 31 1.184895
30 60 61 61 30 32 1.183923
30 62 64 63 30 33 1.179548
30 65 67 66 30 34 1.175010
30 68 70 69 30 35 1.170665
30 71 73 72 30 36 1.169497
30 74 76 75 30 37 1.159546
30 77 79 78 30 38 1.147288
30 80 82 81 30 39 1.138110
30 83 85 84 30 40 1.132759
30 86 88 87 30 41 1.122924
30 89 91 90 30 42 1.121179
30 92 94 93 30 43 1.115402
30 95 97 96 30 44 1.106218
30 98 100 99 30 45 1.103586
30 101 103 102 30 46 1.100464
30 104 109 107 30 47 1.098968
30 110 115 113 30 48 1.094511
30 116 121 119 30 49 1.085519
30 122 127 125 30 50 1.084073
30 128 133 131 30 51 1.080514
30 134 139 137 30 52 1.073789
30 140 145 143 30 53 1.047749
30 146 151 149 30 54 1.049109
30 152 157 155 30 55 1.056930
30 158 163 161 30 56 1.054783
30 164 169 167 30 57 1.049517
30 170 175 173 30 58 1.045938
30 176 181 179 30 59 1.044473
30 182 187 185 30 60 1.043737
30 188 193 191 30 61 1.031801
30 194 254 224 30 62 1.024264
30 255 255 255 30 63 1.017484
31 0 0 0 31 0 1.000000   # ieta [32], pt 0
31 1 15 8 31 1 2.036079
31 16 16 16 31 2 1.929917
31 17 17 17 31 3 1.853974
31 18 18 18 31 4 1.777545
31 19 19 19 31 5 1.719182
31 20 20 20 31 6 1.658619
31 21 21 21 31 7 1.605753
31 22 22 22 31 8 1.557570
31 23 23 23 31 9 1.491104
31 24 24 24 31 10 1.474334
31 25 25 25 31 11 1.436230
31 26 26 26 31 12 1.385062
31 27 27 27 31 13 1.358257
31 28 28 28 31 14 1.342217
31 29 29 29 31 15 1.324890
31 30 30 30 31 16 1.303964
31 31 31 31 31 17 1.286376
31 32 33 33 31 18 1.270605
31 34 35 35 31 19 1.246026
31 36 37 37 31 20 1.226448
31 38 39 39 31 21 1.213669
31 40 41 41 31 22 1.207928
31 42 43 43 31 23 1.197861
31 44 45 45 31 24 1.193295
31 46 47 47 31 25 1.183909
31 48 49 49 31 26 1.178591
31 50 51 51 31 27 1.163420
31 52 53 53 31 28 1.152609
31 54 55 55 31 29 1.144637
31 56 57 57 31 30 1.135505
31 58 59 59 31 31 1.132177
31 60 61 61 31 32 1.131224
31 62 64 63 31 33 1.127337
31 65 67 66 31 34 1.124162
31 68 70 69 31 35 1.119194
31 71 73 72 31 36 1.115815
31 74 76 75 31 37 1.102302
31 77 79 78 31 38 1.092026
31 80 82 81 31 39 1.083298
31 83 85 84 31 40 1.080234
31 86 88 87 31 41 1.075468
31 89 91 90 31 42 1.073390
31 92 94 93 31 43 1.066657
31 95 97 96 31 44 1.067058
31 98 100 99 31 45 1.064426
31 101 103 102 31 46 1.069813
31 104 109 107 31 47 1.070874
31 110 115 113 31 48 1.068358
31 116 121 119 31 49 1.065325
31 122 127 125 31 50 1.067661
31 128 133 131 31 51 1.064573
31 134 139 137 31 52 1.057848
31 140 145 143 31 53 1.030907
31 146 151 149 31 54 1.032172
31 152 157 155 31 55 1.039500
31 158 163 161 31 56 1.038104
31 164 169 167 31 57 1.034124
31 170 175 173 31 58 1.031547
31 176 181 179 31 59 1.031083
31 182 187 185 31 60 1.030347
31 188 193 191 31 61 1.018410
31 194 254 224 31 62 1.012627
31 255 255 255 31 63 1.006200
32 0 0 0 32 0 1.000000   # ieta [33], pt 0
32 1 15 8 32 1 2.021932
32 16 16 16 32 2 1.918200
32 17 17 17 32 3 1.842258
32 18 18 18 32 4 1.766315
32 19 19 19 32 5 1.707952
32 20 20 20 32 6 1.645459
32 21 21 21 32 7 1.593935
32 22 22 22 32 8 1.546497
32 23 23 23 32 9 1.483258
32 24 24 24 32 10 1.466487
32 25 25 25 32 11 1.429958
32 26 26 26 32 12 1.381885
32 27 27 27 32 13 1.355080
32 28 28 28 32 14 1.339041
32 29 29 29 32 15 1.321713
32 30 30 30 32 16 1.301507
32 31 31 31 32 17 1.283919
32 32 33 33 32 18 1.266909
32 34 35 35 32 19 1.243036
32 36 37 37 32 20 1.223457
32 38 39 39 32 21 1.209575
32 40 41 41 32 22 1.201343
32 42 43 43 32 23 1.190324
32 44 45 45 32 24 1.185030
32 46 47 47 32 25 1.174636
32 48 49 49 32 26 1.168703
32 50 51 51 32 27 1.152917
32 52 53 53 32 28 1.140541
32 54 55 55 32 29 1.130574
32 56 57 57 32 30 1.121013
32 58 59 59 32 31 1.115524
32 60 61 61 32 32 1.112408
32 62 64 63 32 33 1.106040
32 65 67 66 32 34 1.101848
32 68 70 69 32 35 1.095413
32 71 73 72 32 36 1.090458
32 74 76 75 32 37 1.076458
32 77 79 78 32 38 1.064899
32 80 82 81 32 39 1.056610
32 83 85 84 32 40 1.051253
32 86 88 87 32 41 1.044887
32 89 91 90 32 42 1.042809
32 92 94 93 32 43 1.036002
32 95 97 96 32 44 1.034719
32 98 100 99 32 45 1.034481
32 101 103 102 32 46 1.040101
32 104 109 107 32 47 1.041305
32 110 115 113 32 48 1.026767
32 116 121 119 32 49 1.021162
32 122 127 125 32 50 1.025668
32 128 133 131 32 51 1.027041
32 134 139 137 32 52 1.020857
32 140 145 143 32 53 1.004532
32 146 151 149 32 54 1.007702
32 152 157 155 32 55 1.021026
32 158 163 161 32 56 1.022876
32 164 169 167 32 57 1.020981
32 170 175 173 32 58 1.018404
32 176 181 179 32 59 1.017940
32 182 187 185 32 60 1.017488
32 188 193 191 32 61 1.006120
32 194 254 224 32 62 1.000337
32 255 255 255 32 63 0.993910
33 0 0 0 33 0 1.000000   # ieta [34], pt 0
33 1 15 8 33 1 2.021932
33 16 16 16 33 2 1.918200
33 17 17 17 33 3 1.842258
33 18 18 18 33 4 1.766232
33 19 19 19 33 5 1.707868
33 20 20 20 33 6 1.646852
33 21 21 21 33 7 1.595329
33 22 22 22 33 8 1.547891
33 23 23 23 33 9 1.483941
33 24 24 24 33 10 1.467171
33 25 25 25 33 11 1.430641
33 26 26 26 33 12 1.382569
33 27 27 27 33 13 1.355764
33 28 28 28 33 14 1.339724
33 29 29 29 33 15 1.322397
33 30 30 30 33 16 1.302190
33 31 31 31 33 17 1.284603
33 32 33 33 33 18 1.267592
33 34 35 35 33 19 1.243719
33 36 37 37 33 20 1.224140
33 38 39 39 33 21 1.210258
33 40 41 41 33 22 1.202026
33 42 43 43 33 23 1.191007
33 44 45 45 33 24 1.185713
33 46 47 47 33 25 1.175320
33 48 49 49 33 26 1.169387
33 50 51 51 33 27 1.153600
33 52 53 53 33 28 1.142788
33 54 55 55 33 29 1.133996
33 56 57 57 33 30 1.124046
33 58 59 59 33 31 1.117322
33 60 61 61 33 32 1.112973
33 62 64 63 33 33 1.106605
33 65 67 66 33 34 1.102413
33 68 70 69 33 35 1.095977
33 71 73 72 33 36 1.091022
33 74 76 75 33 37 1.077022
33 77 79 78 33 38 1.065464
33 80 82 81 33 39 1.057174
33 83 85 84 33 40 1.051897
33 86 88 87 33 41 1.045570
33 89 91 90 33 42 1.043492
33 92 94 93 33 43 1.036685
33 95 97 96 33 44 1.035402
33 98 100 99 33 45 1.035164
33 101 103 102 33 46 1.040784
33 104 109 107 33 47 1.041988
33 110 115 113 33 48 1.027450
33 116 121 119 33 49 1.021845
33 122 127 125 33 50 1.026352
33 128 133 131 33 51 1.027724
33 134 139 137 33 52 1.021540
33 140 145 143 33 53 1.005216
33 146 151 149 33 54 1.008385
33 152 157 155 33 55 1.021709
33 158 163 161 33 56 1.023560
33 164 169 167 33 57 1.021664
33 170 175 173 33 58 1.019087
33 176 181 179 33 59 1.018623
33 182 187 185 33 60 1.018171
33 188 193 191 33 61 1.006803
33 194 254 224 33 62 1.001020
33 255 255 255 33 63 0.994593
34 0 0 0 34 0 1.000000   # ieta [35], pt 0
34 1 15 8 34 1 2.035303
34 16 16 16 34 2 1.931571
34 17 17 17 34 3 1.855628
34 18 18 18 34 4 1.778746
34 19 19 19 34 5 1.720383
34 20 20 20 34 6 1.659747
34 21 21 21 34 7 1.609942
34 22 22 22 34 8 1.562077
34 23 23 23 34 9 1.499523
34 24 24 24 34 10 1.482753
34 25 25 25 34 11 1.444449
34 26 26 26 34 12 1.393496
34 27 27 27 34 13 1.366691
34 28 28 28 34 14 1.350651
34 29 29 29 34 15 1.333324
34 30 30 30 34 16 1.311633
34 31 31 31 34 17 1.294045
34 32 33 33 34 18 1.278884
34 34 35 35 34 19 1.255011
34 36 37 37 34 20 1.235432
34 38 39 39 34 21 1.221550
34 40 41 41 34 22 1.214016
34 42 43 43 34 23 1.203695
34 44 45 45 34 24 1.198401
34 46 47 47 34 25 1.188008
34 48 49 49 34 26 1.181109
34 50 51 51 34 27 1.165323
34 52 53 53 34 28 1.154511
34 54 55 55 34 29 1.145718
34 56 57 57 34 30 1.135768
34 58 59 59 34 31 1.129045
34 60 61 61 34 32 1.124695
34 62 64 63 34 33 1.118327
34 65 67 66 34 34 1.113159
34 68 70 69 34 35 1.105850
34 71 73 72 34 36 1.100895
34 74 76 75 34 37 1.086895
34 77 79 78 34 38 1.075337
34 80 82 81 34 39 1.067047
34 83 85 84 34 40 1.061770
34 86 88 87 34 41 1.055442
34 89 91 90 34 42 1.053365
34 92 94 93 34 43 1.047704
34 95 97 96 34 44 1.046421
34 98 100 99 34 45 1.046183
34 101 103 102 34 46 1.051803
34 104 109 107 34 47 1.052916
34 110 115 113 34 48 1.038197
34 116 121 119 34 49 1.032592
34 122 127 125 34 50 1.037099
34 128 133 131 34 51 1.038471
34 134 139 137 34 52 1.032287
34 140 145 143 34 53 1.015962
34 146 151 149 34 54 1.019132
34 152 157 155 34 55 1.032456
34 158 163 161 34 56 1.034306
34 164 169 167 34 57 1.032411
34 170 175 173 34 58 1.029834
34 176 181 179 34 59 1.029370
34 182 187 185 34 60 1.028918
34 188 193 191 34 61 1.017550
34 194 254 224 34 62 1.011767
34 255 255 255 34 63 1.005340
35 0 0 0 35 0 1.000000   # ieta [36], pt 0
35 1 15 8 35 1 2.035101
35 16 16 16 35 2 1.931368
35 17 17 17 35 3 1.855426
35 18 18 18 35 4 1.779814
35 19 19 19 35 5 1.721451
35 20 20 20 35 6 1.656789
35 21 21 21 35 7 1.598719
35 22 22 22 35 8 1.540203
35 23 23 23 35 9 1.466728
35 24 24 24 35 10 1.449958
35 25 25 25 35 11 1.406374
35 26 26 26 35 12 1.358251
35 27 27 27 35 13 1.331446
35 28 28 28 35 14 1.314078
35 29 29 29 35 15 1.296751
35 30 30 30 35 16 1.274459
35 31 31 31 35 17 1.256871
35 32 33 33 35 18 1.244617
35 34 35 35 35 19 1.222673
35 36 37 37 35 20 1.203094
35 38 39 39 35 21 1.191909
35 40 41 41 35 22 1.183854
35 42 43 43 35 23 1.171703
35 44 45 45 35 24 1.164495
35 46 47 47 35 25 1.150448
35 48 49 49 35 26 1.147165
35 50 51 51 35 27 1.134684
35 52 53 53 35 28 1.126513
35 54 55 55 35 29 1.117721
35 56 57 57 35 30 1.107771
35 58 59 59 35 31 1.101048
35 60 61 61 35 32 1.096698
35 62 64 63 35 33 1.093875
35 65 67 66 35 34 1.091033
35 68 70 69 35 35 1.085783
35 71 73 72 35 36 1.081615
35 74 76 75 35 37 1.067615
35 77 79 78 35 38 1.056057
35 80 82 81 35 39 1.047767
35 83 85 84 35 40 1.043219
35 86 88 87 35 41 1.037255
35 89 91 90 35 42 1.035178
35 92 94 93 35 43 1.029517
35 95 97 96 35 44 1.028234
35 98 100 99 35 45 1.027996
35 101 103 102 35 46 1.033616
35 104 109 107 35 47 1.035082
35 110 115 113 35 48 1.021068
35 116 121 119 35 49 1.015463
35 122 127 125 35 50 1.019969
35 128 133 131 35 51 1.021342
35 134 139 137 35 52 1.015158
35 140 145 143 35 53 0.998833
35 146 151 149 35 54 1.002003
35 152 157 155 35 55 1.015327
35 158 163 161 35 56 1.017177
35 164 169 167 35 57 1.015282
35 170 175 173 35 58 1.012705
35 176 181 179 35 59 1.012241
35 182 187 185 35 60 1.011789
35 188 193 191 35 61 1.000421
35 194 254 224 35 62 0.994638
35 255 255 255 35 63 0.988211
36 0 0 0 36 0 1.000000   # ieta [37], pt 0
36 1 15 8 36 1 2.035101
36 16 16 16 36 2 1.931368
36 17 17 17 36 3 1.855426
36 18 18 18 36 4 1.779814
36 19 19 19 36 5 1.721451
36 20 20 20 36 6 1.656789
36 21 21 21 36 7 1.598719
36 22 22 22 36 8 1.540203
36 23 23 23 36 9 1.466728
36 24 24 24 36 10 1.449958
36 25 25 25 36 11 1.406374
36 26 26 26 36 12 1.358251
36 27 27 27 36 13 1.331446
36 28 28 28 36 14 1.314078
36 29 29 29 36 15 1.296751
36 30 30 30 36 16 1.274459
36 31 31 31 36 17 1.256871
36 32 33 33 36 18 1.244617
36 34 35 35 36 19 1.222673
36 36 37 37 36 20 1.203094
36 38 39 39 36 21 1.191909
36 40 41 41 36 22 1.183854
36 42 43 43 36 23 1.171703
36 44 45 45 36 24 1.164495
36 46 47 47 36 25 1.150448
36 48 49 49 36 26 1.147165
36 50 51 51 36 27 1.134684
36 52 53 53 36 28 1.126513
36 54 55 55 36 29 1.117721
36 56 57 57 36 30 1.107771
36 58 59 59 36 31 1.101048
36 60 61 61 36 32 1.096698
36 62 64 63 36 33 1.093875
36 65 67 66 36 34 1.091033
36 68 70 69 36 35 1.085783
36 71 73 72 36 36 1.081615
36 74 76 75 36 37 1.067615
36 77 79 78 36 38 1.056057
36 80 82 81 36 39 1.047767
36 83 85 84 36 40 1.043219
36 86 88 87 36 41 1.037255
36 89 91 90 36 42 1.035178
36 92 94 93 36 43 1.029517
36 95 97 96 36 44 1.028234
36 98 100 99 36 45 1.027996
36 101 103 102 36 46 1.033616
36 104 109 107 36 47 1.035082
36 110 115 113 36 48 1.021068
36 116 121 119 36 49 1.015463
36 122 127 125 36 50 1.019969
36 128 133 131 36 51 1.021342
36 134 139 137 36 52 1.015158
36 140 145 143 36 53 0.998833
36 146 151 149 36 54 1.002003
36 152 157 155 36 55 1.015327
36 158 163 161 36 56 1.017177
36 164 169 167 36 57 1.015282
36 170 175 173 36 58 1.012705
36 176 181 179 36 59 1.012241
36 182 187 185 36 60 1.011789
36 188 193 191 36 61 1.000421
36 194 254 224 36 62 0.994638
36 255 255 255 36 63 0.988211
37 0 0 0 37 0 1.000000   # ieta [38], pt 0
37 1 15 8 37 1 2.035101
37 16 16 16 37 2 1.931368
37 17 17 17 37 3 1.855426
37 18 18 18 37 4 1.779814
37 19 19 19 37 5 1.721451
37 20 20 20 37 6 1.656789
37 21 21 21 37 7 1.598719
37 22 22 22 37 8 1.540203
37 23 23 23 37 9 1.466728
37 24 24 24 37 10 1.449958
37 25 25 25 37 11 1.406374
37 26 26 26 37 12 1.351940
37 27 27 27 37 13 1.325135
37 28 28 28 37 14 1.307768
37 29 29 29 37 15 1.290440
37 30 30 30 37 16 1.268148
37 31 31 31 37 17 1.250561
37 32 33 33 37 18 1.238307
37 34 35 35 37 19 1.225592
37 36 37 37 37 20 1.203730
37 38 39 39 37 21 1.192227
37 40 41 41 37 22 1.183854
37 42 43 43 37 23 1.171703
37 44 45 45 37 24 1.164495
37 46 47 47 37 25 1.150448
37 48 49 49 37 26 1.147165
37 50 51 51 37 27 1.134684
37 52 53 53 37 28 1.126513
37 54 55 55 37 29 1.117721
37 56 57 57 37 30 1.107771
37 58 59 59 37 31 1.101048
37 60 61 61 37 32 1.096698
37 62 64 63 37 33 1.093875
37 65 67 66 37 34 1.091033
37 68 70 69 37 35 1.085783
37 71 73 72 37 36 1.081615
37 74 76 75 37 37 1.067615
37 77 79 78 37 38 1.056057
37 80 82 81 37 39 1.047767
37 83 85 84 37 40 1.043219
37 86 88 87 37 41 1.037255
37 89 91 90 37 42 1.035178
37 92 94 93 37 43 1.029517
37 95 97 96 37 44 1.028234
37 98 100 99 37 45 1.027996
37 101 103 102 37 46 1.033616
37 104 109 107 37 47 1.035082
37 110 115 113 37 48 1.021068
37 116 121 119 37 49 1.015463
37 122 127 125 37 50 1.019969
37 128 133 131 37 51 1.021342
37 134 139 137 37 52 1.015158
37 140 145 143 37 53 0.998833
37 146 151 149 37 54 1.002003
37 152 157 155 37 55 1.015327
37 158 163 161 37 56 1.017177
37 164 169 167 37 57 1.015282
37 170 175 173 37 58 1.012705
37 176 181 179 37 59 1.012241
37 182 187 185 37 60 1.011789
37 188 193 191 37 61 1.000421
37 194 254 224 37 62 0.994638
37 255 255 255 37 63 0.988211
38 0 0 0 38 0 1.000000   # ieta [39], pt 0
38 1 15 8 38 1 2.035101
38 16 16 16 38 2 1.931368
38 17 17 17 38 3 1.855426
38 18 18 18 38 4 1.779814
38 19 19 19 38 5 1.721451
38 20 20 20 38 6 1.656789
38 21 21 21 38 7 1.598719
38 22 22 22 38 8 1.540203
38 23 23 23 38 9 1.466728
38 24 24 24 38 10 1.449958
38 25 25 25 38 11 1.406374
38 26 26 26 38 12 1.365890
38 27 27 27 38 13 1.339085
38 28 28 28 38 14 1.321717
38 29 29 29 38 15 1.304389
38 30 30 30 38 16 1.282098
38 31 31 31 38 17 1.264510
38 32 33 33 38 18 1.252256
38 34 35 35 38 19 1.225592
38 36 37 37 38 20 1.203730
38 38 39 39 38 21 1.192227
38 40 41 41 38 22 1.183854
38 42 43 43 38 23 1.171703
38 44 45 45 38 24 1.164495
38 46 47 47 38 25 1.150448
38 48 49 49 38 26 1.147165
38 50 51 51 38 27 1.134684
38 52 53 53 38 28 1.126513
38 54 55 55 38 29 1.117721
38 56 57 57 38 30 1.107771
38 58 59 59 38 31 1.101048
38 60 61 61 38 32 1.096698
38 62 64 63 38 33 1.093875
38 65 67 66 38 34 1.091033
38 68 70 69 38 35 1.085783
38 71 73 72 38 36 1.081615
38 74 76 75 38 37 1.067615
38 77 79 78 38 38 1.056057
38 80 82 81 38 39 1.047767
38 83 85 84 38 40 1.043219
38 86 88 87 38 41 1.037255
38 89 91 90 38 42 1.035178
38 92 94 93 38 43 1.029517
38 95 97 96 38 44 1.028234
38 98 100 99 38 45 1.027996
38 101 103 102 38 46 1.033616
38 104 109 107 38 47 1.035082
38 110 115 113 38 48 1.021068
38 116 121 119 38 49 1.015463
38 122 127 125 38 50 1.019969
38 128 133 131 38 51 1.021342
38 134 139 137 38 52 1.015158
38 140 145 143 38 53 0.998833
38 146 151 149 38 54 1.002003
38 152 157 155 38 55 1.015327
38 158 163 161 38 56 1.017177
38 164 169 167 38 57 1.015282
38 170 175 173 38 58 1.012705
38 176 181 179 38 59 1.012241
38 182 187 185 38 60 1.011789
38 188 193 191 38 61 1.000421
38 194 254 224 38 62 0.994638
38 255 255 255 38 63 0.988211
39 0 0 0 39 0 1.000000   # ieta [40], pt 0
39 1 15 8 39 1 2.035101
39 16 16 16 39 2 1.931368
39 17 17 17 39 3 1.855426
39 18 18 18 39 4 1.779814
39 19 19 19 39 5 1.721451
39 20 20 20 39 6 1.656789
39 21 21 21 39 7 1.598719
39 22 22 22 39 8 1.540203
39 23 23 23 39 9 1.466728
39 24 24 24 39 10 1.449958
39 25 25 25 39 11 1.406374
39 26 26 26 39 12 1.365890
39 27 27 27 39 13 1.339085
39 28 28 28 39 14 1.321717
39 29 29 29 39 15 1.304389
39 30 30 30 39 16 1.282098
39 31 31 31 39 17 1.264510
39 32 33 33 39 18 1.252256
39 34 35 35 39 19 1.225592
39 36 37 37 39 20 1.203730
39 38 39 39 39 21 1.192227
39 40 41 41 39 22 1.183854
39 42 43 43 39 23 1.171703
39 44 45 45 39 24 1.164495
39 46 47 47 39 25 1.150448
39 48 49 49 39 26 1.147165
39 50 51 51 39 27 1.134684
39 52 53 53 39 28 1.126513
39 54 55 55 39 29 1.117721
39 56 57 57 39 30 1.107771
39 58 59 59 39 31 1.101048
39 60 61 61 39 32 1.096698
39 62 64 63 39 33 1.093875
39 65 67 66 39 34 1.091033
39 68 70 69 39 35 1.085783
39 71 73 72 39 36 1.081615
39 74 76 75 39 37 1.067615
39 77 79 78 39 38 1.056057
39 80 82 81 39 39 1.047767
39 83 85 84 39 40 1.043219
39 86 88 87 39 41 1.037255
39 89 91 90 39 42 1.035178
39 92 94 93 39 43 1.029517
39 95 97 96 39 44 1.028234
39 98 100 99 39 45 1.027996
39 101 103 102 39 46 1.033616
39 104 109 107 39 47 1.035082
39 110 115 113 39 48 1.021068
39 116 121 119 39 49 1.015463
39 122 127 125 39 50 1.019969
39 128 133 131 39 51 1.021342
39 134 139 137 39 52 1.015158
39 140 145 143 39 53 0.998833
39 146 151 149 39 54 1.002003
39 152 157 155 39 55 1.015327
39 158 163 161 39 56 1.017177
39 164 169 167 39 57 1.015282
39 170 175 173 39 58 1.012705
39 176 181 179 39 59 1.012241
39 182 187 185 39 60 1.011789
39 188 193 191 39 61 1.000421
39 194 254 224 39 62 0.994638
39 255 255 255 39 63 0.988211
