# address to addend+multiplicative factor LUT
# maps 12 bits to 18 bits
# 18 bits = (addend<<10) + multiplier)
# addend is signed 8 bits, multiplier is 10 bits
# anything after # is ignored with the exception of the header
# the header is first valid line starting with #<header> versionStr nrBitsAddress nrBitsData </header>
#<header> v1 12 18 </header>
0 512  # compresses ieta bin 0, pt 0
1 752
2 744
3 732
4 733
5 735
6 736
7 738
8 739
9 742
10 742
11 743
12 754
13 754
14 754
15 755
16 755
17 748
18 749
19 750
20 744
21 739
22 735
23 730
24 726
25 722
26 713
27 710
28 703
29 701
30 699
31 697
32 691
33 689
34 689
35 681
36 678
37 671
38 671
39 669
40 663
41 658
42 656
43 651
44 650
45 651
46 647
47 643
48 634
49 632
50 632
51 629
52 625
53 624
54 623
55 619
56 618
57 617
58 617
59 616
60 613
61 607
62 598
63 577
64 512  # compresses ieta bin 1, pt 0
65 784
66 762
67 761
68 761
69 761
70 762
71 762
72 762
73 774
74 773
75 773
76 773
77 773
78 773
79 772
80 772
81 764
82 764
83 758
84 758
85 746
86 747
87 742
88 737
89 733
90 718
91 715
92 713
93 706
94 704
95 705
96 699
97 693
98 697
99 689
100 685
101 678
102 678
103 678
104 672
105 664
106 664
107 659
108 658
109 658
110 654
111 650
112 640
113 638
114 638
115 633
116 631
117 630
118 628
119 622
120 621
121 620
122 620
123 619
124 617
125 611
126 603
127 582
128 512  # compresses ieta bin 2, pt 0
129 790
130 792
131 777
132 776
133 775
134 774
135 774
136 774
137 785
138 784
139 784
140 784
141 784
142 791
143 781
144 781
145 773
146 772
147 766
148 765
149 752
150 753
151 742
152 737
153 733
154 718
155 715
156 713
157 710
158 708
159 705
160 699
161 697
162 697
163 689
164 685
165 681
166 681
167 678
168 675
169 667
170 665
171 662
172 660
173 658
174 657
175 652
176 643
177 640
178 640
179 635
180 633
181 631
182 630
183 624
184 623
185 622
186 621
187 620
188 617
189 611
190 603
191 582
192 512  # compresses ieta bin 3, pt 0
193 790
194 792
195 777
196 776
197 776
198 774
199 774
200 775
201 785
202 784
203 784
204 785
205 784
206 791
207 781
208 781
209 774
210 772
211 772
212 765
213 758
214 753
215 748
216 738
217 734
218 724
219 721
220 717
221 715
222 712
223 710
224 704
225 701
226 701
227 692
228 692
229 685
230 684
231 681
232 675
233 669
234 667
235 662
236 660
237 658
238 657
239 652
240 643
241 640
242 640
243 637
244 633
245 631
246 630
247 624
248 623
249 622
250 621
251 620
252 617
253 611
254 603
255 582
256 512  # compresses ieta bin 4, pt 0
257 816
258 808
259 806
260 804
261 802
262 800
263 799
264 798
265 808
266 807
267 804
268 804
269 811
270 809
271 808
272 807
273 797
274 788
275 779
276 773
277 766
278 765
279 760
280 748
281 744
282 734
283 730
284 722
285 719
286 717
287 714
288 708
289 705
290 704
291 696
292 695
293 688
294 688
295 687
296 681
297 673
298 670
299 668
300 665
301 664
302 664
303 659
304 649
305 649
306 647
307 642
308 639
309 637
310 637
311 629
312 626
313 625
314 625
315 624
316 621
317 615
318 606
319 590
320 512  # compresses ieta bin 5, pt 0
321 881
322 872
323 854
324 861
325 856
326 851
327 848
328 846
329 863
330 859
331 855
332 842
333 839
334 838
335 834
336 832
337 822
338 819
339 808
340 793
341 785
342 784
343 771
344 765
345 760
346 750
347 745
348 738
349 734
350 730
351 727
352 724
353 722
354 720
355 711
356 706
357 698
358 698
359 694
360 690
361 681
362 678
363 676
364 673
365 669
366 667
367 664
368 652
369 651
370 651
371 646
372 642
373 642
374 642
375 634
376 631
377 630
378 630
379 629
380 624
381 617
382 609
383 592
384 512  # compresses ieta bin 6, pt 0
385 883
386 872
387 866
388 861
389 858
390 864
391 860
392 856
393 863
394 859
395 855
396 844
397 840
398 846
399 835
400 832
401 822
402 819
403 808
404 793
405 785
406 784
407 771
408 765
409 760
410 750
411 745
412 738
413 734
414 730
415 727
416 724
417 722
418 720
419 711
420 706
421 698
422 698
423 694
424 690
425 681
426 678
427 676
428 673
429 671
430 669
431 664
432 656
433 655
434 655
435 650
436 646
437 646
438 646
439 635
440 632
441 631
442 631
443 630
444 626
445 619
446 610
447 593
448 512  # compresses ieta bin 7, pt 0
449 881
450 858
451 851
452 861
453 869
454 864
455 860
456 857
457 863
458 859
459 855
460 843
461 840
462 839
463 835
464 832
465 822
466 819
467 808
468 793
469 785
470 784
471 771
472 765
473 760
474 750
475 745
476 737
477 733
478 730
479 727
480 724
481 718
482 720
483 711
484 706
485 695
486 694
487 694
488 688
489 681
490 678
491 676
492 673
493 671
494 669
495 664
496 656
497 655
498 655
499 650
500 646
501 646
502 644
503 635
504 632
505 631
506 631
507 630
508 625
509 619
510 610
511 593
512 512  # compresses ieta bin 8, pt 0
513 944
514 907
515 898
516 903
517 899
518 902
519 898
520 902
521 897
522 892
523 886
524 882
525 868
526 873
527 861
528 858
529 839
530 834
531 823
532 813
533 804
534 803
535 789
536 778
537 776
538 765
539 760
540 752
541 747
542 744
543 744
544 737
545 730
546 732
547 722
548 717
549 705
550 704
551 703
552 697
553 690
554 687
555 681
556 681
557 676
558 674
559 671
560 661
561 658
562 657
563 652
564 648
565 648
566 646
567 637
568 636
569 634
570 634
571 633
572 629
573 621
574 613
575 596
576 512  # compresses ieta bin 9, pt 0
577 944
578 920
579 912
580 905
581 910
582 904
583 909
584 902
585 907
586 901
587 886
588 882
589 869
590 873
591 862
592 858
593 847
594 835
595 824
596 814
597 804
598 803
599 789
600 783
601 776
602 765
603 761
604 756
605 752
606 748
607 744
608 737
609 734
610 732
611 722
612 717
613 708
614 707
615 706
616 699
617 693
618 687
619 684
620 681
621 676
622 677
623 671
624 661
625 658
626 657
627 652
628 648
629 648
630 646
631 639
632 636
633 634
634 634
635 633
636 629
637 621
638 613
639 596
640 512  # compresses ieta bin 10, pt 0
641 915
642 904
643 897
644 903
645 896
646 891
647 896
648 890
649 896
650 891
651 886
652 872
653 868
654 873
655 861
656 858
657 839
658 834
659 823
660 813
661 804
662 803
663 789
664 777
665 776
666 765
667 760
668 752
669 748
670 744
671 744
672 737
673 730
674 732
675 722
676 717
677 705
678 704
679 703
680 699
681 693
682 687
683 684
684 682
685 679
686 677
687 674
688 668
689 662
690 661
691 656
692 650
693 649
694 649
695 639
696 637
697 636
698 636
699 634
700 631
701 623
702 614
703 598
704 512  # compresses ieta bin 11, pt 0
705 912
706 888
707 882
708 889
709 883
710 879
711 884
712 879
713 876
714 880
715 876
716 872
717 859
718 864
719 861
720 858
721 839
722 834
723 823
724 813
725 804
726 803
727 789
728 778
729 776
730 765
731 760
732 751
733 748
734 744
735 744
736 737
737 730
738 732
739 722
740 717
741 705
742 704
743 703
744 697
745 690
746 687
747 684
748 681
749 679
750 677
751 674
752 668
753 664
754 663
755 656
756 652
757 651
758 651
759 640
760 639
761 637
762 637
763 636
764 631
765 623
766 611
767 592
768 512  # compresses ieta bin 12, pt 0
769 946
770 936
771 927
772 932
773 925
774 918
775 921
776 914
777 918
778 912
779 907
780 891
781 887
782 883
783 878
784 875
785 855
786 850
787 838
788 828
789 824
790 822
791 807
792 800
793 793
794 781
795 776
796 766
797 757
798 757
799 753
800 746
801 742
802 743
803 733
804 731
805 726
806 724
807 722
808 721
809 714
810 707
811 706
812 703
813 700
814 699
815 693
816 677
817 673
818 669
819 662
820 657
821 657
822 654
823 647
824 643
825 642
826 642
827 642
828 636
829 628
830 617
831 597
832 512  # compresses ieta bin 13, pt 0
833 979
834 971
835 972
836 975
837 977
838 966
839 960
840 960
841 952
842 945
843 938
844 931
845 925
846 919
847 905
848 901
849 888
850 881
851 874
852 855
853 844
854 840
855 825
856 818
857 815
858 802
859 796
860 785
861 780
862 775
863 775
864 766
865 758
866 759
867 744
868 742
869 736
870 734
871 732
872 730
873 722
874 718
875 714
876 713
877 707
878 707
879 703
880 688
881 686
882 681
883 674
884 670
885 669
886 668
887 660
888 656
889 654
890 654
891 653
892 648
893 640
894 630
895 603
896 512  # compresses ieta bin 14, pt 0
897 979
898 984
899 973
900 975
901 977
902 966
903 970
904 960
905 953
906 946
907 939
908 931
909 925
910 920
911 906
912 909
913 889
914 889
915 882
916 868
917 851
918 853
919 837
920 829
921 825
922 818
923 811
924 799
925 794
926 793
927 792
928 779
929 775
930 774
931 759
932 756
933 743
934 744
935 741
936 736
937 728
938 724
939 720
940 719
941 715
942 714
943 712
944 695
945 694
946 690
947 682
948 676
949 676
950 675
951 667
952 664
953 662
954 661
955 660
956 655
957 647
958 637
959 610
960 512  # compresses ieta bin 15, pt 0
961 950
962 955
963 959
964 962
965 977
966 955
967 957
968 960
969 952
970 946
971 948
972 941
973 934
974 929
975 915
976 918
977 905
978 897
979 896
980 877
981 864
982 865
983 849
984 845
985 842
986 833
987 827
988 819
989 812
990 807
991 806
992 796
993 791
994 790
995 778
996 774
997 760
998 760
999 757
1000 752
1001 746
1002 741
1003 736
1004 735
1005 731
1006 729
1007 726
1008 711
1009 709
1010 704
1011 697
1012 691
1013 691
1014 688
1015 683
1016 678
1017 677
1018 677
1019 676
1020 672
1021 663
1022 652
1023 624
1024 512  # compresses ieta bin 16, pt 0
1025 4095
1026 5119
1027 4095
1028 4095
1029 4095
1030 3071
1031 4095
1032 2047
1033 2047
1034 2046
1035 1019
1036 1000
1037 991
1038 992
1039 976
1040 969
1041 954
1042 951
1043 941
1044 931
1045 910
1046 909
1047 896
1048 885
1049 880
1050 865
1051 861
1052 849
1053 845
1054 838
1055 836
1056 825
1057 823
1058 821
1059 807
1060 806
1061 794
1062 790
1063 789
1064 782
1065 778
1066 772
1067 767
1068 764
1069 759
1070 759
1071 755
1072 740
1073 737
1074 733
1075 725
1076 719
1077 719
1078 718
1079 710
1080 707
1081 705
1082 704
1083 703
1084 698
1085 690
1086 678
1087 649
1088 512  # compresses ieta bin 17, pt 0
1089 3071
1090 3071
1091 3071
1092 3071
1093 2047
1094 2044
1095 2044
1096 1008
1097 1007
1098 997
1099 979
1100 962
1101 954
1102 955
1103 940
1104 935
1105 921
1106 920
1107 904
1108 890
1109 877
1110 878
1111 861
1112 851
1113 842
1114 833
1115 826
1116 815
1117 812
1118 806
1119 805
1120 796
1121 787
1122 786
1123 774
1124 770
1125 760
1126 757
1127 754
1128 748
1129 740
1130 735
1131 731
1132 729
1133 726
1134 724
1135 719
1136 704
1137 703
1138 698
1139 689
1140 683
1141 682
1142 680
1143 673
1144 669
1145 666
1146 667
1147 666
1148 661
1149 652
1150 642
1151 614
1152 512  # compresses ieta bin 18, pt 0
1153 4095
1154 4095
1155 4095
1156 4095
1157 3071
1158 3071
1159 3071
1160 1021
1161 1019
1162 1009
1163 989
1164 970
1165 963
1166 957
1167 940
1168 935
1169 921
1170 912
1171 911
1172 890
1173 877
1174 878
1175 861
1176 851
1177 842
1178 829
1179 826
1180 814
1181 808
1182 806
1183 805
1184 792
1185 787
1186 786
1187 774
1188 770
1189 756
1190 757
1191 751
1192 745
1193 740
1194 735
1195 731
1196 727
1197 723
1198 724
1199 719
1200 704
1201 703
1202 698
1203 689
1204 682
1205 682
1206 680
1207 673
1208 669
1209 666
1210 665
1211 665
1212 661
1213 652
1214 642
1215 614
1216 512  # compresses ieta bin 19, pt 0
1217 3071
1218 2047
1219 1019
1220 1017
1221 1006
1222 1005
1223 996
1224 984
1225 976
1226 965
1227 958
1228 941
1229 925
1230 928
1231 906
1232 902
1233 896
1234 889
1235 874
1236 855
1237 844
1238 840
1239 825
1240 811
1241 809
1242 792
1243 787
1244 776
1245 775
1246 770
1247 770
1248 762
1249 758
1250 759
1251 744
1252 742
1253 729
1254 727
1255 729
1256 724
1257 719
1258 715
1259 712
1260 708
1261 705
1262 704
1263 700
1264 686
1265 683
1266 679
1267 672
1268 665
1269 664
1270 661
1271 655
1272 651
1273 648
1274 649
1275 649
1276 643
1277 635
1278 626
1279 603
1280 512  # compresses ieta bin 20, pt 0
1281 4095
1282 3071
1283 2044
1284 1017
1285 1017
1286 1005
1287 996
1288 984
1289 976
1290 965
1291 958
1292 932
1293 917
1294 919
1295 905
1296 900
1297 888
1298 881
1299 867
1300 849
1301 837
1302 834
1303 814
1304 805
1305 798
1306 787
1307 786
1308 775
1309 770
1310 766
1311 766
1312 758
1313 754
1314 755
1315 741
1316 738
1317 726
1318 724
1319 725
1320 718
1321 714
1322 710
1323 706
1324 703
1325 700
1326 699
1327 695
1328 679
1329 677
1330 675
1331 666
1332 659
1333 658
1334 658
1335 650
1336 648
1337 645
1338 645
1339 645
1340 640
1341 632
1342 622
1343 600
1344 512  # compresses ieta bin 21, pt 0
1345 4095
1346 2047
1347 1019
1348 1003
1349 1004
1350 981
1351 982
1352 960
1353 952
1354 935
1355 927
1356 903
1357 896
1358 891
1359 878
1360 875
1361 863
1362 858
1363 845
1364 834
1365 824
1366 821
1367 802
1368 800
1369 793
1370 786
1371 781
1372 770
1373 770
1374 766
1375 766
1376 754
1377 750
1378 751
1379 737
1380 734
1381 722
1382 721
1383 719
1384 715
1385 708
1386 704
1387 701
1388 697
1389 695
1390 694
1391 691
1392 674
1393 673
1394 671
1395 664
1396 657
1397 655
1398 654
1399 647
1400 643
1401 640
1402 640
1403 640
1404 636
1405 627
1406 618
1407 596
1408 512  # compresses ieta bin 22, pt 0
1409 3071
1410 1016
1411 988
1412 975
1413 965
1414 954
1415 957
1416 927
1417 918
1418 912
1419 898
1420 882
1421 869
1422 873
1423 852
1424 849
1425 831
1426 827
1427 823
1428 813
1429 798
1430 796
1431 777
1432 777
1433 771
1434 761
1435 756
1436 751
1437 748
1438 748
1439 744
1440 737
1441 730
1442 732
1443 718
1444 717
1445 702
1446 701
1447 700
1448 696
1449 690
1450 690
1451 687
1452 684
1453 682
1454 682
1455 679
1456 663
1457 662
1458 663
1459 656
1460 650
1461 649
1462 647
1463 640
1464 637
1465 634
1466 634
1467 633
1468 629
1469 619
1470 607
1471 588
1472 512  # compresses ieta bin 23, pt 0
1473 1008
1474 952
1475 927
1476 892
1477 896
1478 877
1479 874
1480 867
1481 854
1482 848
1483 835
1484 832
1485 821
1486 820
1487 808
1488 799
1489 789
1490 788
1491 779
1492 765
1493 752
1494 753
1495 742
1496 743
1497 738
1498 734
1499 730
1500 728
1501 724
1502 721
1503 718
1504 708
1505 705
1506 704
1507 692
1508 692
1509 681
1510 681
1511 681
1512 675
1513 673
1514 673
1515 671
1516 671
1517 669
1518 667
1519 664
1520 652
1521 649
1522 647
1523 640
1524 635
1525 633
1526 630
1527 624
1528 620
1529 617
1530 617
1531 616
1532 613
1533 603
1534 594
1535 572
1536 512  # compresses ieta bin 24, pt 0
1537 947
1538 904
1539 881
1540 848
1541 856
1542 839
1543 838
1544 832
1545 818
1546 807
1547 804
1548 803
1549 792
1550 791
1551 774
1552 772
1553 764
1554 758
1555 758
1556 751
1557 745
1558 747
1559 736
1560 731
1561 733
1562 729
1563 726
1564 727
1565 719
1566 717
1567 714
1568 708
1569 701
1570 701
1571 689
1572 685
1573 678
1574 678
1575 675
1576 672
1577 669
1578 667
1579 665
1580 665
1581 661
1582 662
1583 657
1584 647
1585 645
1586 643
1587 639
1588 633
1589 631
1590 628
1591 621
1592 618
1593 614
1594 615
1595 614
1596 610
1597 601
1598 591
1599 571
1600 512  # compresses ieta bin 25, pt 0
1601 850
1602 811
1603 791
1604 762
1605 761
1606 749
1607 750
1608 741
1609 740
1610 741
1611 733
1612 724
1613 708
1614 709
1615 711
1616 706
1617 715
1618 711
1619 713
1620 702
1621 687
1622 690
1623 682
1624 680
1625 684
1626 683
1627 685
1628 684
1629 678
1630 681
1631 679
1632 674
1633 669
1634 670
1635 659
1636 656
1637 647
1638 648
1639 647
1640 642
1641 637
1642 633
1643 632
1644 633
1645 630
1646 629
1647 626
1648 625
1649 621
1650 620
1651 617
1652 616
1653 614
1654 611
1655 604
1656 601
1657 599
1658 599
1659 599
1660 596
1661 587
1662 578
1663 558
1664 512  # compresses ieta bin 26, pt 0
1665 944
1666 891
1667 851
1668 819
1669 804
1670 800
1671 787
1672 752
1673 751
1674 752
1675 733
1676 724
1677 716
1678 710
1679 702
1680 697
1681 699
1682 696
1683 692
1684 682
1685 673
1686 672
1687 664
1688 658
1689 657
1690 661
1691 660
1692 659
1693 654
1694 658
1695 654
1696 649
1697 649
1698 642
1699 633
1700 628
1701 627
1702 625
1703 625
1704 623
1705 616
1706 613
1707 613
1708 612
1709 609
1710 609
1711 605
1712 595
1713 591
1714 591
1715 588
1716 584
1717 583
1718 580
1719 573
1720 570
1721 570
1722 571
1723 570
1724 567
1725 561
1726 554
1727 531
1728 512  # compresses ieta bin 27, pt 0
1729 880
1730 824
1731 821
1732 775
1733 749
1734 738
1735 726
1736 704
1737 685
1738 688
1739 681
1740 655
1741 640
1742 635
1743 622
1744 619
1745 624
1746 618
1747 626
1748 626
1749 621
1750 622
1751 623
1752 618
1753 618
1754 615
1755 615
1756 616
1757 608
1758 604
1759 602
1760 607
1761 608
1762 600
1763 596
1764 592
1765 586
1766 586
1767 586
1768 584
1769 584
1770 582
1771 582
1772 580
1773 581
1774 581
1775 576
1776 563
1777 561
1778 561
1779 556
1780 554
1781 554
1782 553
1783 551
1784 550
1785 550
1786 548
1787 549
1788 546
1789 546
1790 538
1791 518
1792 512  # compresses ieta bin 28, pt 0
1793 913
1794 856
1795 821
1796 778
1797 763
1798 762
1799 750
1800 716
1801 696
1802 688
1803 661
1804 636
1805 621
1806 617
1807 607
1808 602
1809 599
1810 586
1811 574
1812 564
1813 555
1814 553
1815 551
1816 549
1817 548
1818 547
1819 550
1820 548
1821 547
1822 546
1823 549
1824 548
1825 547
1826 549
1827 551
1828 550
1829 551
1830 550
1831 549
1832 550
1833 546
1834 545
1835 547
1836 545
1837 542
1838 544
1839 540
1840 538
1841 537
1842 538
1843 537
1844 536
1845 535
1846 534
1847 533
1848 531
1849 530
1850 529
1851 529
1852 528
1853 528
1854 522
1855 507
1856 512  # compresses ieta bin 29, pt 0
1857 2047
1858 985
1859 941
1860 876
1861 856
1862 814
1863 799
1864 762
1865 729
1866 712
1867 692
1868 665
1869 641
1870 635
1871 622
1872 611
1873 607
1874 594
1875 567
1876 550
1877 542
1878 534
1879 527
1880 516
1881 515
1882 515
1883 515
1884 514
1885 514
1886 514
1887 510
1888 514
1889 514
1890 510
1891 514
1892 514
1893 514
1894 514
1895 514
1896 517
1897 516
1898 516
1899 516
1900 516
1901 513
1902 513
1903 513
1904 513
1905 513
1906 511
1907 511
1908 511
1909 510
1910 508
1911 508
1912 507
1913 505
1914 506
1915 504
1916 505
1917 503
1918 498
1919 485
1920 512  # compresses ieta bin 30, pt 0
1921 2039
1922 968
1923 926
1924 875
1925 856
1926 802
1927 787
1928 741
1929 709
1930 700
1931 681
1932 655
1933 632
1934 619
1935 606
1936 594
1937 583
1938 571
1939 538
1940 516
1941 509
1942 497
1943 492
1944 487
1945 482
1946 478
1947 479
1948 477
1949 477
1950 479
1951 480
1952 477
1953 478
1954 479
1955 481
1956 482
1957 483
1958 484
1959 485
1960 486
1961 490
1962 491
1963 491
1964 489
1965 490
1966 491
1967 492
1968 491
1969 492
1970 493
1971 492
1972 491
1973 490
1974 489
1975 490
1976 489
1977 487
1978 486
1979 486
1980 485
1981 485
1982 478
1983 466
1984 512  # compresses ieta bin 31, pt 0
1985 1012
1986 952
1987 911
1988 861
1989 829
1990 775
1991 762
1992 718
1993 685
1994 677
1995 642
1996 616
1997 593
1998 581
1999 561
2000 551
2001 525
2002 516
2003 494
2004 475
2005 464
2006 447
2007 438
2008 431
2009 428
2010 426
2011 424
2012 423
2013 422
2014 425
2015 423
2016 422
2017 425
2018 425
2019 425
2020 429
2021 429
2022 429
2023 431
2024 431
2025 434
2026 437
2027 436
2028 436
2029 436
2030 436
2031 437
2032 439
2033 440
2034 440
2035 439
2036 439
2037 440
2038 439
2039 440
2040 440
2041 438
2042 438
2043 439
2044 437
2045 436
2046 429
2047 414
2048 512  # compresses ieta bin 32, pt 0
2049 1011
2050 952
2051 911
2052 861
2053 829
2054 774
2055 762
2056 716
2057 685
2058 667
2059 640
2060 607
2061 583
2062 572
2063 553
2064 542
2065 517
2066 508
2067 488
2068 467
2069 456
2070 435
2071 432
2072 424
2073 417
2074 415
2075 414
2076 413
2077 412
2078 411
2079 410
2080 414
2081 417
2082 417
2083 418
2084 418
2085 422
2086 422
2087 422
2088 423
2089 425
2090 425
2091 425
2092 425
2093 426
2094 426
2095 427
2096 427
2097 427
2098 427
2099 427
2100 427
2101 431
2102 431
2103 432
2104 432
2105 430
2106 429
2107 429
2108 428
2109 428
2110 421
2111 406
2112 512  # compresses ieta bin 33, pt 0
2113 1011
2114 952
2115 911
2116 861
2117 829
2118 774
2119 762
2120 717
2121 685
2122 668
2123 641
2124 616
2125 585
2126 581
2127 561
2128 544
2129 525
2130 516
2131 494
2132 474
2133 463
2134 441
2135 438
2136 430
2137 422
2138 421
2139 424
2140 423
2141 422
2142 425
2143 423
2144 422
2145 425
2146 425
2147 425
2148 429
2149 429
2150 428
2151 428
2152 431
2153 431
2154 431
2155 431
2156 431
2157 431
2158 431
2159 432
2160 432
2161 432
2162 434
2163 433
2164 433
2165 436
2166 436
2167 437
2168 437
2169 435
2170 433
2171 433
2172 433
2173 432
2174 425
2175 411
2176 512  # compresses ieta bin 34, pt 0
2177 1014
2178 952
2179 911
2180 861
2181 832
2182 787
2183 774
2184 728
2185 696
2186 679
2187 651
2188 626
2189 602
2190 590
2191 569
2192 559
2193 541
2194 532
2195 510
2196 495
2197 489
2198 472
2199 468
2200 458
2201 450
2202 452
2203 449
2204 452
2205 449
2206 452
2207 449
2208 452
2209 449
2210 448
2211 451
2212 450
2213 452
2214 455
2215 454
2216 456
2217 455
2218 454
2219 456
2220 455
2221 454
2222 456
2223 456
2224 455
2225 455
2226 456
2227 455
2228 455
2229 458
2230 458
2231 459
2232 459
2233 456
2234 455
2235 456
2236 455
2237 454
2238 446
2239 432
2240 512  # compresses ieta bin 35, pt 0
2241 1014
2242 953
2243 911
2244 861
2245 842
2246 787
2247 774
2248 728
2249 696
2250 688
2251 652
2252 626
2253 602
2254 590
2255 570
2256 559
2257 541
2258 533
2259 516
2260 502
2261 496
2262 478
2263 474
2264 464
2265 456
2266 457
2267 455
2268 457
2269 459
2270 456
2271 458
2272 456
2273 458
2274 456
2275 459
2276 457
2277 459
2278 461
2279 460
2280 462
2281 463
2282 462
2283 461
2284 463
2285 462
2286 461
2287 461
2288 461
2289 462
2290 462
2291 463
2292 461
2293 465
2294 465
2295 465
2296 464
2297 461
2298 461
2299 460
2300 460
2301 459
2302 452
2303 438
2304 512  # compresses ieta bin 36, pt 0
2305 2033
2306 955
2307 913
2308 863
2309 842
2310 801
2311 787
2312 751
2313 718
2314 709
2315 681
2316 646
2317 622
2318 617
2319 596
2320 585
2321 566
2322 563
2323 545
2324 529
2325 522
2326 509
2327 498
2328 487
2329 477
2330 478
2331 474
2332 476
2333 477
2334 474
2335 475
2336 473
2337 474
2338 472
2339 473
2340 475
2341 476
2342 478
2343 476
2344 477
2345 478
2346 477
2347 478
2348 476
2349 477
2350 478
2351 478
2352 477
2353 477
2354 477
2355 476
2356 478
2357 479
2358 479
2359 480
2360 478
2361 476
2362 476
2363 476
2364 474
2365 474
2366 467
2367 453
2368 512  # compresses ieta bin 37, pt 0
2369 2035
2370 968
2371 914
2372 875
2373 842
2374 802
2375 788
2376 751
2377 718
2378 709
2379 681
2380 655
2381 631
2382 617
2383 596
2384 585
2385 574
2386 563
2387 546
2388 530
2389 523
2390 509
2391 498
2392 492
2393 477
2394 478
2395 475
2396 476
2397 477
2398 474
2399 475
2400 477
2401 474
2402 476
2403 473
2404 475
2405 476
2406 478
2407 479
2408 480
2409 478
2410 479
2411 478
2412 479
2413 478
2414 478
2415 478
2416 477
2417 477
2418 477
2419 478
2420 478
2421 479
2422 481
2423 480
2424 480
2425 476
2426 476
2427 476
2428 476
2429 475
2430 468
2431 453
2432 512  # compresses ieta bin 38, pt 0
2433 2042
2434 968
2435 926
2436 875
2437 856
2438 838
2439 825
2440 797
2441 762
2442 753
2443 724
2444 695
2445 670
2446 663
2447 658
2448 644
2449 632
2450 625
2451 605
2452 592
2453 581
2454 559
2455 540
2456 532
2457 515
2458 510
2459 509
2460 505
2461 505
2462 506
2463 506
2464 506
2465 502
2466 503
2467 503
2468 500
2469 504
2470 504
2471 504
2472 504
2473 505
2474 505
2475 505
2476 505
2477 503
2478 503
2479 504
2480 502
2481 501
2482 501
2483 502
2484 502
2485 504
2486 505
2487 505
2488 504
2489 501
2490 500
2491 500
2492 499
2493 499
2494 492
2495 477
2496 512  # compresses ieta bin 39, pt 0
2497 2042
2498 968
2499 926
2500 875
2501 856
2502 838
2503 825
2504 797
2505 762
2506 753
2507 724
2508 695
2509 670
2510 663
2511 658
2512 644
2513 632
2514 625
2515 605
2516 592
2517 581
2518 559
2519 540
2520 532
2521 515
2522 510
2523 509
2524 505
2525 505
2526 506
2527 506
2528 506
2529 502
2530 503
2531 503
2532 500
2533 504
2534 504
2535 504
2536 504
2537 505
2538 505
2539 505
2540 505
2541 503
2542 503
2543 504
2544 502
2545 501
2546 501
2547 502
2548 502
2549 504
2550 505
2551 505
2552 504
2553 501
2554 500
2555 500
2556 499
2557 499
2558 492
2559 477
2560 0 # dummy
2561 0 # dummy
2562 0 # dummy
2563 0 # dummy
2564 0 # dummy
2565 0 # dummy
2566 0 # dummy
2567 0 # dummy
2568 0 # dummy
2569 0 # dummy
2570 0 # dummy
2571 0 # dummy
2572 0 # dummy
2573 0 # dummy
2574 0 # dummy
2575 0 # dummy
2576 0 # dummy
2577 0 # dummy
2578 0 # dummy
2579 0 # dummy
2580 0 # dummy
2581 0 # dummy
2582 0 # dummy
2583 0 # dummy
2584 0 # dummy
2585 0 # dummy
2586 0 # dummy
2587 0 # dummy
2588 0 # dummy
2589 0 # dummy
2590 0 # dummy
2591 0 # dummy
2592 0 # dummy
2593 0 # dummy
2594 0 # dummy
2595 0 # dummy
2596 0 # dummy
2597 0 # dummy
2598 0 # dummy
2599 0 # dummy
2600 0 # dummy
2601 0 # dummy
2602 0 # dummy
2603 0 # dummy
2604 0 # dummy
2605 0 # dummy
2606 0 # dummy
2607 0 # dummy
2608 0 # dummy
2609 0 # dummy
2610 0 # dummy
2611 0 # dummy
2612 0 # dummy
2613 0 # dummy
2614 0 # dummy
2615 0 # dummy
2616 0 # dummy
2617 0 # dummy
2618 0 # dummy
2619 0 # dummy
2620 0 # dummy
2621 0 # dummy
2622 0 # dummy
2623 0 # dummy
2624 0 # dummy
2625 0 # dummy
2626 0 # dummy
2627 0 # dummy
2628 0 # dummy
2629 0 # dummy
2630 0 # dummy
2631 0 # dummy
2632 0 # dummy
2633 0 # dummy
2634 0 # dummy
2635 0 # dummy
2636 0 # dummy
2637 0 # dummy
2638 0 # dummy
2639 0 # dummy
2640 0 # dummy
2641 0 # dummy
2642 0 # dummy
2643 0 # dummy
2644 0 # dummy
2645 0 # dummy
2646 0 # dummy
2647 0 # dummy
2648 0 # dummy
2649 0 # dummy
2650 0 # dummy
2651 0 # dummy
2652 0 # dummy
2653 0 # dummy
2654 0 # dummy
2655 0 # dummy
2656 0 # dummy
2657 0 # dummy
2658 0 # dummy
2659 0 # dummy
2660 0 # dummy
2661 0 # dummy
2662 0 # dummy
2663 0 # dummy
2664 0 # dummy
2665 0 # dummy
2666 0 # dummy
2667 0 # dummy
2668 0 # dummy
2669 0 # dummy
2670 0 # dummy
2671 0 # dummy
2672 0 # dummy
2673 0 # dummy
2674 0 # dummy
2675 0 # dummy
2676 0 # dummy
2677 0 # dummy
2678 0 # dummy
2679 0 # dummy
2680 0 # dummy
2681 0 # dummy
2682 0 # dummy
2683 0 # dummy
2684 0 # dummy
2685 0 # dummy
2686 0 # dummy
2687 0 # dummy
2688 0 # dummy
2689 0 # dummy
2690 0 # dummy
2691 0 # dummy
2692 0 # dummy
2693 0 # dummy
2694 0 # dummy
2695 0 # dummy
2696 0 # dummy
2697 0 # dummy
2698 0 # dummy
2699 0 # dummy
2700 0 # dummy
2701 0 # dummy
2702 0 # dummy
2703 0 # dummy
2704 0 # dummy
2705 0 # dummy
2706 0 # dummy
2707 0 # dummy
2708 0 # dummy
2709 0 # dummy
2710 0 # dummy
2711 0 # dummy
2712 0 # dummy
2713 0 # dummy
2714 0 # dummy
2715 0 # dummy
2716 0 # dummy
2717 0 # dummy
2718 0 # dummy
2719 0 # dummy
2720 0 # dummy
2721 0 # dummy
2722 0 # dummy
2723 0 # dummy
2724 0 # dummy
2725 0 # dummy
2726 0 # dummy
2727 0 # dummy
2728 0 # dummy
2729 0 # dummy
2730 0 # dummy
2731 0 # dummy
2732 0 # dummy
2733 0 # dummy
2734 0 # dummy
2735 0 # dummy
2736 0 # dummy
2737 0 # dummy
2738 0 # dummy
2739 0 # dummy
2740 0 # dummy
2741 0 # dummy
2742 0 # dummy
2743 0 # dummy
2744 0 # dummy
2745 0 # dummy
2746 0 # dummy
2747 0 # dummy
2748 0 # dummy
2749 0 # dummy
2750 0 # dummy
2751 0 # dummy
2752 0 # dummy
2753 0 # dummy
2754 0 # dummy
2755 0 # dummy
2756 0 # dummy
2757 0 # dummy
2758 0 # dummy
2759 0 # dummy
2760 0 # dummy
2761 0 # dummy
2762 0 # dummy
2763 0 # dummy
2764 0 # dummy
2765 0 # dummy
2766 0 # dummy
2767 0 # dummy
2768 0 # dummy
2769 0 # dummy
2770 0 # dummy
2771 0 # dummy
2772 0 # dummy
2773 0 # dummy
2774 0 # dummy
2775 0 # dummy
2776 0 # dummy
2777 0 # dummy
2778 0 # dummy
2779 0 # dummy
2780 0 # dummy
2781 0 # dummy
2782 0 # dummy
2783 0 # dummy
2784 0 # dummy
2785 0 # dummy
2786 0 # dummy
2787 0 # dummy
2788 0 # dummy
2789 0 # dummy
2790 0 # dummy
2791 0 # dummy
2792 0 # dummy
2793 0 # dummy
2794 0 # dummy
2795 0 # dummy
2796 0 # dummy
2797 0 # dummy
2798 0 # dummy
2799 0 # dummy
2800 0 # dummy
2801 0 # dummy
2802 0 # dummy
2803 0 # dummy
2804 0 # dummy
2805 0 # dummy
2806 0 # dummy
2807 0 # dummy
2808 0 # dummy
2809 0 # dummy
2810 0 # dummy
2811 0 # dummy
2812 0 # dummy
2813 0 # dummy
2814 0 # dummy
2815 0 # dummy
2816 0 # dummy
2817 0 # dummy
2818 0 # dummy
2819 0 # dummy
2820 0 # dummy
2821 0 # dummy
2822 0 # dummy
2823 0 # dummy
2824 0 # dummy
2825 0 # dummy
2826 0 # dummy
2827 0 # dummy
2828 0 # dummy
2829 0 # dummy
2830 0 # dummy
2831 0 # dummy
2832 0 # dummy
2833 0 # dummy
2834 0 # dummy
2835 0 # dummy
2836 0 # dummy
2837 0 # dummy
2838 0 # dummy
2839 0 # dummy
2840 0 # dummy
2841 0 # dummy
2842 0 # dummy
2843 0 # dummy
2844 0 # dummy
2845 0 # dummy
2846 0 # dummy
2847 0 # dummy
2848 0 # dummy
2849 0 # dummy
2850 0 # dummy
2851 0 # dummy
2852 0 # dummy
2853 0 # dummy
2854 0 # dummy
2855 0 # dummy
2856 0 # dummy
2857 0 # dummy
2858 0 # dummy
2859 0 # dummy
2860 0 # dummy
2861 0 # dummy
2862 0 # dummy
2863 0 # dummy
2864 0 # dummy
2865 0 # dummy
2866 0 # dummy
2867 0 # dummy
2868 0 # dummy
2869 0 # dummy
2870 0 # dummy
2871 0 # dummy
2872 0 # dummy
2873 0 # dummy
2874 0 # dummy
2875 0 # dummy
2876 0 # dummy
2877 0 # dummy
2878 0 # dummy
2879 0 # dummy
2880 0 # dummy
2881 0 # dummy
2882 0 # dummy
2883 0 # dummy
2884 0 # dummy
2885 0 # dummy
2886 0 # dummy
2887 0 # dummy
2888 0 # dummy
2889 0 # dummy
2890 0 # dummy
2891 0 # dummy
2892 0 # dummy
2893 0 # dummy
2894 0 # dummy
2895 0 # dummy
2896 0 # dummy
2897 0 # dummy
2898 0 # dummy
2899 0 # dummy
2900 0 # dummy
2901 0 # dummy
2902 0 # dummy
2903 0 # dummy
2904 0 # dummy
2905 0 # dummy
2906 0 # dummy
2907 0 # dummy
2908 0 # dummy
2909 0 # dummy
2910 0 # dummy
2911 0 # dummy
2912 0 # dummy
2913 0 # dummy
2914 0 # dummy
2915 0 # dummy
2916 0 # dummy
2917 0 # dummy
2918 0 # dummy
2919 0 # dummy
2920 0 # dummy
2921 0 # dummy
2922 0 # dummy
2923 0 # dummy
2924 0 # dummy
2925 0 # dummy
2926 0 # dummy
2927 0 # dummy
2928 0 # dummy
2929 0 # dummy
2930 0 # dummy
2931 0 # dummy
2932 0 # dummy
2933 0 # dummy
2934 0 # dummy
2935 0 # dummy
2936 0 # dummy
2937 0 # dummy
2938 0 # dummy
2939 0 # dummy
2940 0 # dummy
2941 0 # dummy
2942 0 # dummy
2943 0 # dummy
2944 0 # dummy
2945 0 # dummy
2946 0 # dummy
2947 0 # dummy
2948 0 # dummy
2949 0 # dummy
2950 0 # dummy
2951 0 # dummy
2952 0 # dummy
2953 0 # dummy
2954 0 # dummy
2955 0 # dummy
2956 0 # dummy
2957 0 # dummy
2958 0 # dummy
2959 0 # dummy
2960 0 # dummy
2961 0 # dummy
2962 0 # dummy
2963 0 # dummy
2964 0 # dummy
2965 0 # dummy
2966 0 # dummy
2967 0 # dummy
2968 0 # dummy
2969 0 # dummy
2970 0 # dummy
2971 0 # dummy
2972 0 # dummy
2973 0 # dummy
2974 0 # dummy
2975 0 # dummy
2976 0 # dummy
2977 0 # dummy
2978 0 # dummy
2979 0 # dummy
2980 0 # dummy
2981 0 # dummy
2982 0 # dummy
2983 0 # dummy
2984 0 # dummy
2985 0 # dummy
2986 0 # dummy
2987 0 # dummy
2988 0 # dummy
2989 0 # dummy
2990 0 # dummy
2991 0 # dummy
2992 0 # dummy
2993 0 # dummy
2994 0 # dummy
2995 0 # dummy
2996 0 # dummy
2997 0 # dummy
2998 0 # dummy
2999 0 # dummy
3000 0 # dummy
3001 0 # dummy
3002 0 # dummy
3003 0 # dummy
3004 0 # dummy
3005 0 # dummy
3006 0 # dummy
3007 0 # dummy
3008 0 # dummy
3009 0 # dummy
3010 0 # dummy
3011 0 # dummy
3012 0 # dummy
3013 0 # dummy
3014 0 # dummy
3015 0 # dummy
3016 0 # dummy
3017 0 # dummy
3018 0 # dummy
3019 0 # dummy
3020 0 # dummy
3021 0 # dummy
3022 0 # dummy
3023 0 # dummy
3024 0 # dummy
3025 0 # dummy
3026 0 # dummy
3027 0 # dummy
3028 0 # dummy
3029 0 # dummy
3030 0 # dummy
3031 0 # dummy
3032 0 # dummy
3033 0 # dummy
3034 0 # dummy
3035 0 # dummy
3036 0 # dummy
3037 0 # dummy
3038 0 # dummy
3039 0 # dummy
3040 0 # dummy
3041 0 # dummy
3042 0 # dummy
3043 0 # dummy
3044 0 # dummy
3045 0 # dummy
3046 0 # dummy
3047 0 # dummy
3048 0 # dummy
3049 0 # dummy
3050 0 # dummy
3051 0 # dummy
3052 0 # dummy
3053 0 # dummy
3054 0 # dummy
3055 0 # dummy
3056 0 # dummy
3057 0 # dummy
3058 0 # dummy
3059 0 # dummy
3060 0 # dummy
3061 0 # dummy
3062 0 # dummy
3063 0 # dummy
3064 0 # dummy
3065 0 # dummy
3066 0 # dummy
3067 0 # dummy
3068 0 # dummy
3069 0 # dummy
3070 0 # dummy
3071 0 # dummy
3072 0 # dummy
3073 0 # dummy
3074 0 # dummy
3075 0 # dummy
3076 0 # dummy
3077 0 # dummy
3078 0 # dummy
3079 0 # dummy
3080 0 # dummy
3081 0 # dummy
3082 0 # dummy
3083 0 # dummy
3084 0 # dummy
3085 0 # dummy
3086 0 # dummy
3087 0 # dummy
3088 0 # dummy
3089 0 # dummy
3090 0 # dummy
3091 0 # dummy
3092 0 # dummy
3093 0 # dummy
3094 0 # dummy
3095 0 # dummy
3096 0 # dummy
3097 0 # dummy
3098 0 # dummy
3099 0 # dummy
3100 0 # dummy
3101 0 # dummy
3102 0 # dummy
3103 0 # dummy
3104 0 # dummy
3105 0 # dummy
3106 0 # dummy
3107 0 # dummy
3108 0 # dummy
3109 0 # dummy
3110 0 # dummy
3111 0 # dummy
3112 0 # dummy
3113 0 # dummy
3114 0 # dummy
3115 0 # dummy
3116 0 # dummy
3117 0 # dummy
3118 0 # dummy
3119 0 # dummy
3120 0 # dummy
3121 0 # dummy
3122 0 # dummy
3123 0 # dummy
3124 0 # dummy
3125 0 # dummy
3126 0 # dummy
3127 0 # dummy
3128 0 # dummy
3129 0 # dummy
3130 0 # dummy
3131 0 # dummy
3132 0 # dummy
3133 0 # dummy
3134 0 # dummy
3135 0 # dummy
3136 0 # dummy
3137 0 # dummy
3138 0 # dummy
3139 0 # dummy
3140 0 # dummy
3141 0 # dummy
3142 0 # dummy
3143 0 # dummy
3144 0 # dummy
3145 0 # dummy
3146 0 # dummy
3147 0 # dummy
3148 0 # dummy
3149 0 # dummy
3150 0 # dummy
3151 0 # dummy
3152 0 # dummy
3153 0 # dummy
3154 0 # dummy
3155 0 # dummy
3156 0 # dummy
3157 0 # dummy
3158 0 # dummy
3159 0 # dummy
3160 0 # dummy
3161 0 # dummy
3162 0 # dummy
3163 0 # dummy
3164 0 # dummy
3165 0 # dummy
3166 0 # dummy
3167 0 # dummy
3168 0 # dummy
3169 0 # dummy
3170 0 # dummy
3171 0 # dummy
3172 0 # dummy
3173 0 # dummy
3174 0 # dummy
3175 0 # dummy
3176 0 # dummy
3177 0 # dummy
3178 0 # dummy
3179 0 # dummy
3180 0 # dummy
3181 0 # dummy
3182 0 # dummy
3183 0 # dummy
3184 0 # dummy
3185 0 # dummy
3186 0 # dummy
3187 0 # dummy
3188 0 # dummy
3189 0 # dummy
3190 0 # dummy
3191 0 # dummy
3192 0 # dummy
3193 0 # dummy
3194 0 # dummy
3195 0 # dummy
3196 0 # dummy
3197 0 # dummy
3198 0 # dummy
3199 0 # dummy
3200 0 # dummy
3201 0 # dummy
3202 0 # dummy
3203 0 # dummy
3204 0 # dummy
3205 0 # dummy
3206 0 # dummy
3207 0 # dummy
3208 0 # dummy
3209 0 # dummy
3210 0 # dummy
3211 0 # dummy
3212 0 # dummy
3213 0 # dummy
3214 0 # dummy
3215 0 # dummy
3216 0 # dummy
3217 0 # dummy
3218 0 # dummy
3219 0 # dummy
3220 0 # dummy
3221 0 # dummy
3222 0 # dummy
3223 0 # dummy
3224 0 # dummy
3225 0 # dummy
3226 0 # dummy
3227 0 # dummy
3228 0 # dummy
3229 0 # dummy
3230 0 # dummy
3231 0 # dummy
3232 0 # dummy
3233 0 # dummy
3234 0 # dummy
3235 0 # dummy
3236 0 # dummy
3237 0 # dummy
3238 0 # dummy
3239 0 # dummy
3240 0 # dummy
3241 0 # dummy
3242 0 # dummy
3243 0 # dummy
3244 0 # dummy
3245 0 # dummy
3246 0 # dummy
3247 0 # dummy
3248 0 # dummy
3249 0 # dummy
3250 0 # dummy
3251 0 # dummy
3252 0 # dummy
3253 0 # dummy
3254 0 # dummy
3255 0 # dummy
3256 0 # dummy
3257 0 # dummy
3258 0 # dummy
3259 0 # dummy
3260 0 # dummy
3261 0 # dummy
3262 0 # dummy
3263 0 # dummy
3264 0 # dummy
3265 0 # dummy
3266 0 # dummy
3267 0 # dummy
3268 0 # dummy
3269 0 # dummy
3270 0 # dummy
3271 0 # dummy
3272 0 # dummy
3273 0 # dummy
3274 0 # dummy
3275 0 # dummy
3276 0 # dummy
3277 0 # dummy
3278 0 # dummy
3279 0 # dummy
3280 0 # dummy
3281 0 # dummy
3282 0 # dummy
3283 0 # dummy
3284 0 # dummy
3285 0 # dummy
3286 0 # dummy
3287 0 # dummy
3288 0 # dummy
3289 0 # dummy
3290 0 # dummy
3291 0 # dummy
3292 0 # dummy
3293 0 # dummy
3294 0 # dummy
3295 0 # dummy
3296 0 # dummy
3297 0 # dummy
3298 0 # dummy
3299 0 # dummy
3300 0 # dummy
3301 0 # dummy
3302 0 # dummy
3303 0 # dummy
3304 0 # dummy
3305 0 # dummy
3306 0 # dummy
3307 0 # dummy
3308 0 # dummy
3309 0 # dummy
3310 0 # dummy
3311 0 # dummy
3312 0 # dummy
3313 0 # dummy
3314 0 # dummy
3315 0 # dummy
3316 0 # dummy
3317 0 # dummy
3318 0 # dummy
3319 0 # dummy
3320 0 # dummy
3321 0 # dummy
3322 0 # dummy
3323 0 # dummy
3324 0 # dummy
3325 0 # dummy
3326 0 # dummy
3327 0 # dummy
3328 0 # dummy
3329 0 # dummy
3330 0 # dummy
3331 0 # dummy
3332 0 # dummy
3333 0 # dummy
3334 0 # dummy
3335 0 # dummy
3336 0 # dummy
3337 0 # dummy
3338 0 # dummy
3339 0 # dummy
3340 0 # dummy
3341 0 # dummy
3342 0 # dummy
3343 0 # dummy
3344 0 # dummy
3345 0 # dummy
3346 0 # dummy
3347 0 # dummy
3348 0 # dummy
3349 0 # dummy
3350 0 # dummy
3351 0 # dummy
3352 0 # dummy
3353 0 # dummy
3354 0 # dummy
3355 0 # dummy
3356 0 # dummy
3357 0 # dummy
3358 0 # dummy
3359 0 # dummy
3360 0 # dummy
3361 0 # dummy
3362 0 # dummy
3363 0 # dummy
3364 0 # dummy
3365 0 # dummy
3366 0 # dummy
3367 0 # dummy
3368 0 # dummy
3369 0 # dummy
3370 0 # dummy
3371 0 # dummy
3372 0 # dummy
3373 0 # dummy
3374 0 # dummy
3375 0 # dummy
3376 0 # dummy
3377 0 # dummy
3378 0 # dummy
3379 0 # dummy
3380 0 # dummy
3381 0 # dummy
3382 0 # dummy
3383 0 # dummy
3384 0 # dummy
3385 0 # dummy
3386 0 # dummy
3387 0 # dummy
3388 0 # dummy
3389 0 # dummy
3390 0 # dummy
3391 0 # dummy
3392 0 # dummy
3393 0 # dummy
3394 0 # dummy
3395 0 # dummy
3396 0 # dummy
3397 0 # dummy
3398 0 # dummy
3399 0 # dummy
3400 0 # dummy
3401 0 # dummy
3402 0 # dummy
3403 0 # dummy
3404 0 # dummy
3405 0 # dummy
3406 0 # dummy
3407 0 # dummy
3408 0 # dummy
3409 0 # dummy
3410 0 # dummy
3411 0 # dummy
3412 0 # dummy
3413 0 # dummy
3414 0 # dummy
3415 0 # dummy
3416 0 # dummy
3417 0 # dummy
3418 0 # dummy
3419 0 # dummy
3420 0 # dummy
3421 0 # dummy
3422 0 # dummy
3423 0 # dummy
3424 0 # dummy
3425 0 # dummy
3426 0 # dummy
3427 0 # dummy
3428 0 # dummy
3429 0 # dummy
3430 0 # dummy
3431 0 # dummy
3432 0 # dummy
3433 0 # dummy
3434 0 # dummy
3435 0 # dummy
3436 0 # dummy
3437 0 # dummy
3438 0 # dummy
3439 0 # dummy
3440 0 # dummy
3441 0 # dummy
3442 0 # dummy
3443 0 # dummy
3444 0 # dummy
3445 0 # dummy
3446 0 # dummy
3447 0 # dummy
3448 0 # dummy
3449 0 # dummy
3450 0 # dummy
3451 0 # dummy
3452 0 # dummy
3453 0 # dummy
3454 0 # dummy
3455 0 # dummy
3456 0 # dummy
3457 0 # dummy
3458 0 # dummy
3459 0 # dummy
3460 0 # dummy
3461 0 # dummy
3462 0 # dummy
3463 0 # dummy
3464 0 # dummy
3465 0 # dummy
3466 0 # dummy
3467 0 # dummy
3468 0 # dummy
3469 0 # dummy
3470 0 # dummy
3471 0 # dummy
3472 0 # dummy
3473 0 # dummy
3474 0 # dummy
3475 0 # dummy
3476 0 # dummy
3477 0 # dummy
3478 0 # dummy
3479 0 # dummy
3480 0 # dummy
3481 0 # dummy
3482 0 # dummy
3483 0 # dummy
3484 0 # dummy
3485 0 # dummy
3486 0 # dummy
3487 0 # dummy
3488 0 # dummy
3489 0 # dummy
3490 0 # dummy
3491 0 # dummy
3492 0 # dummy
3493 0 # dummy
3494 0 # dummy
3495 0 # dummy
3496 0 # dummy
3497 0 # dummy
3498 0 # dummy
3499 0 # dummy
3500 0 # dummy
3501 0 # dummy
3502 0 # dummy
3503 0 # dummy
3504 0 # dummy
3505 0 # dummy
3506 0 # dummy
3507 0 # dummy
3508 0 # dummy
3509 0 # dummy
3510 0 # dummy
3511 0 # dummy
3512 0 # dummy
3513 0 # dummy
3514 0 # dummy
3515 0 # dummy
3516 0 # dummy
3517 0 # dummy
3518 0 # dummy
3519 0 # dummy
3520 0 # dummy
3521 0 # dummy
3522 0 # dummy
3523 0 # dummy
3524 0 # dummy
3525 0 # dummy
3526 0 # dummy
3527 0 # dummy
3528 0 # dummy
3529 0 # dummy
3530 0 # dummy
3531 0 # dummy
3532 0 # dummy
3533 0 # dummy
3534 0 # dummy
3535 0 # dummy
3536 0 # dummy
3537 0 # dummy
3538 0 # dummy
3539 0 # dummy
3540 0 # dummy
3541 0 # dummy
3542 0 # dummy
3543 0 # dummy
3544 0 # dummy
3545 0 # dummy
3546 0 # dummy
3547 0 # dummy
3548 0 # dummy
3549 0 # dummy
3550 0 # dummy
3551 0 # dummy
3552 0 # dummy
3553 0 # dummy
3554 0 # dummy
3555 0 # dummy
3556 0 # dummy
3557 0 # dummy
3558 0 # dummy
3559 0 # dummy
3560 0 # dummy
3561 0 # dummy
3562 0 # dummy
3563 0 # dummy
3564 0 # dummy
3565 0 # dummy
3566 0 # dummy
3567 0 # dummy
3568 0 # dummy
3569 0 # dummy
3570 0 # dummy
3571 0 # dummy
3572 0 # dummy
3573 0 # dummy
3574 0 # dummy
3575 0 # dummy
3576 0 # dummy
3577 0 # dummy
3578 0 # dummy
3579 0 # dummy
3580 0 # dummy
3581 0 # dummy
3582 0 # dummy
3583 0 # dummy
3584 0 # dummy
3585 0 # dummy
3586 0 # dummy
3587 0 # dummy
3588 0 # dummy
3589 0 # dummy
3590 0 # dummy
3591 0 # dummy
3592 0 # dummy
3593 0 # dummy
3594 0 # dummy
3595 0 # dummy
3596 0 # dummy
3597 0 # dummy
3598 0 # dummy
3599 0 # dummy
3600 0 # dummy
3601 0 # dummy
3602 0 # dummy
3603 0 # dummy
3604 0 # dummy
3605 0 # dummy
3606 0 # dummy
3607 0 # dummy
3608 0 # dummy
3609 0 # dummy
3610 0 # dummy
3611 0 # dummy
3612 0 # dummy
3613 0 # dummy
3614 0 # dummy
3615 0 # dummy
3616 0 # dummy
3617 0 # dummy
3618 0 # dummy
3619 0 # dummy
3620 0 # dummy
3621 0 # dummy
3622 0 # dummy
3623 0 # dummy
3624 0 # dummy
3625 0 # dummy
3626 0 # dummy
3627 0 # dummy
3628 0 # dummy
3629 0 # dummy
3630 0 # dummy
3631 0 # dummy
3632 0 # dummy
3633 0 # dummy
3634 0 # dummy
3635 0 # dummy
3636 0 # dummy
3637 0 # dummy
3638 0 # dummy
3639 0 # dummy
3640 0 # dummy
3641 0 # dummy
3642 0 # dummy
3643 0 # dummy
3644 0 # dummy
3645 0 # dummy
3646 0 # dummy
3647 0 # dummy
3648 0 # dummy
3649 0 # dummy
3650 0 # dummy
3651 0 # dummy
3652 0 # dummy
3653 0 # dummy
3654 0 # dummy
3655 0 # dummy
3656 0 # dummy
3657 0 # dummy
3658 0 # dummy
3659 0 # dummy
3660 0 # dummy
3661 0 # dummy
3662 0 # dummy
3663 0 # dummy
3664 0 # dummy
3665 0 # dummy
3666 0 # dummy
3667 0 # dummy
3668 0 # dummy
3669 0 # dummy
3670 0 # dummy
3671 0 # dummy
3672 0 # dummy
3673 0 # dummy
3674 0 # dummy
3675 0 # dummy
3676 0 # dummy
3677 0 # dummy
3678 0 # dummy
3679 0 # dummy
3680 0 # dummy
3681 0 # dummy
3682 0 # dummy
3683 0 # dummy
3684 0 # dummy
3685 0 # dummy
3686 0 # dummy
3687 0 # dummy
3688 0 # dummy
3689 0 # dummy
3690 0 # dummy
3691 0 # dummy
3692 0 # dummy
3693 0 # dummy
3694 0 # dummy
3695 0 # dummy
3696 0 # dummy
3697 0 # dummy
3698 0 # dummy
3699 0 # dummy
3700 0 # dummy
3701 0 # dummy
3702 0 # dummy
3703 0 # dummy
3704 0 # dummy
3705 0 # dummy
3706 0 # dummy
3707 0 # dummy
3708 0 # dummy
3709 0 # dummy
3710 0 # dummy
3711 0 # dummy
3712 0 # dummy
3713 0 # dummy
3714 0 # dummy
3715 0 # dummy
3716 0 # dummy
3717 0 # dummy
3718 0 # dummy
3719 0 # dummy
3720 0 # dummy
3721 0 # dummy
3722 0 # dummy
3723 0 # dummy
3724 0 # dummy
3725 0 # dummy
3726 0 # dummy
3727 0 # dummy
3728 0 # dummy
3729 0 # dummy
3730 0 # dummy
3731 0 # dummy
3732 0 # dummy
3733 0 # dummy
3734 0 # dummy
3735 0 # dummy
3736 0 # dummy
3737 0 # dummy
3738 0 # dummy
3739 0 # dummy
3740 0 # dummy
3741 0 # dummy
3742 0 # dummy
3743 0 # dummy
3744 0 # dummy
3745 0 # dummy
3746 0 # dummy
3747 0 # dummy
3748 0 # dummy
3749 0 # dummy
3750 0 # dummy
3751 0 # dummy
3752 0 # dummy
3753 0 # dummy
3754 0 # dummy
3755 0 # dummy
3756 0 # dummy
3757 0 # dummy
3758 0 # dummy
3759 0 # dummy
3760 0 # dummy
3761 0 # dummy
3762 0 # dummy
3763 0 # dummy
3764 0 # dummy
3765 0 # dummy
3766 0 # dummy
3767 0 # dummy
3768 0 # dummy
3769 0 # dummy
3770 0 # dummy
3771 0 # dummy
3772 0 # dummy
3773 0 # dummy
3774 0 # dummy
3775 0 # dummy
3776 0 # dummy
3777 0 # dummy
3778 0 # dummy
3779 0 # dummy
3780 0 # dummy
3781 0 # dummy
3782 0 # dummy
3783 0 # dummy
3784 0 # dummy
3785 0 # dummy
3786 0 # dummy
3787 0 # dummy
3788 0 # dummy
3789 0 # dummy
3790 0 # dummy
3791 0 # dummy
3792 0 # dummy
3793 0 # dummy
3794 0 # dummy
3795 0 # dummy
3796 0 # dummy
3797 0 # dummy
3798 0 # dummy
3799 0 # dummy
3800 0 # dummy
3801 0 # dummy
3802 0 # dummy
3803 0 # dummy
3804 0 # dummy
3805 0 # dummy
3806 0 # dummy
3807 0 # dummy
3808 0 # dummy
3809 0 # dummy
3810 0 # dummy
3811 0 # dummy
3812 0 # dummy
3813 0 # dummy
3814 0 # dummy
3815 0 # dummy
3816 0 # dummy
3817 0 # dummy
3818 0 # dummy
3819 0 # dummy
3820 0 # dummy
3821 0 # dummy
3822 0 # dummy
3823 0 # dummy
3824 0 # dummy
3825 0 # dummy
3826 0 # dummy
3827 0 # dummy
3828 0 # dummy
3829 0 # dummy
3830 0 # dummy
3831 0 # dummy
3832 0 # dummy
3833 0 # dummy
3834 0 # dummy
3835 0 # dummy
3836 0 # dummy
3837 0 # dummy
3838 0 # dummy
3839 0 # dummy
3840 0 # dummy
3841 0 # dummy
3842 0 # dummy
3843 0 # dummy
3844 0 # dummy
3845 0 # dummy
3846 0 # dummy
3847 0 # dummy
3848 0 # dummy
3849 0 # dummy
3850 0 # dummy
3851 0 # dummy
3852 0 # dummy
3853 0 # dummy
3854 0 # dummy
3855 0 # dummy
3856 0 # dummy
3857 0 # dummy
3858 0 # dummy
3859 0 # dummy
3860 0 # dummy
3861 0 # dummy
3862 0 # dummy
3863 0 # dummy
3864 0 # dummy
3865 0 # dummy
3866 0 # dummy
3867 0 # dummy
3868 0 # dummy
3869 0 # dummy
3870 0 # dummy
3871 0 # dummy
3872 0 # dummy
3873 0 # dummy
3874 0 # dummy
3875 0 # dummy
3876 0 # dummy
3877 0 # dummy
3878 0 # dummy
3879 0 # dummy
3880 0 # dummy
3881 0 # dummy
3882 0 # dummy
3883 0 # dummy
3884 0 # dummy
3885 0 # dummy
3886 0 # dummy
3887 0 # dummy
3888 0 # dummy
3889 0 # dummy
3890 0 # dummy
3891 0 # dummy
3892 0 # dummy
3893 0 # dummy
3894 0 # dummy
3895 0 # dummy
3896 0 # dummy
3897 0 # dummy
3898 0 # dummy
3899 0 # dummy
3900 0 # dummy
3901 0 # dummy
3902 0 # dummy
3903 0 # dummy
3904 0 # dummy
3905 0 # dummy
3906 0 # dummy
3907 0 # dummy
3908 0 # dummy
3909 0 # dummy
3910 0 # dummy
3911 0 # dummy
3912 0 # dummy
3913 0 # dummy
3914 0 # dummy
3915 0 # dummy
3916 0 # dummy
3917 0 # dummy
3918 0 # dummy
3919 0 # dummy
3920 0 # dummy
3921 0 # dummy
3922 0 # dummy
3923 0 # dummy
3924 0 # dummy
3925 0 # dummy
3926 0 # dummy
3927 0 # dummy
3928 0 # dummy
3929 0 # dummy
3930 0 # dummy
3931 0 # dummy
3932 0 # dummy
3933 0 # dummy
3934 0 # dummy
3935 0 # dummy
3936 0 # dummy
3937 0 # dummy
3938 0 # dummy
3939 0 # dummy
3940 0 # dummy
3941 0 # dummy
3942 0 # dummy
3943 0 # dummy
3944 0 # dummy
3945 0 # dummy
3946 0 # dummy
3947 0 # dummy
3948 0 # dummy
3949 0 # dummy
3950 0 # dummy
3951 0 # dummy
3952 0 # dummy
3953 0 # dummy
3954 0 # dummy
3955 0 # dummy
3956 0 # dummy
3957 0 # dummy
3958 0 # dummy
3959 0 # dummy
3960 0 # dummy
3961 0 # dummy
3962 0 # dummy
3963 0 # dummy
3964 0 # dummy
3965 0 # dummy
3966 0 # dummy
3967 0 # dummy
3968 0 # dummy
3969 0 # dummy
3970 0 # dummy
3971 0 # dummy
3972 0 # dummy
3973 0 # dummy
3974 0 # dummy
3975 0 # dummy
3976 0 # dummy
3977 0 # dummy
3978 0 # dummy
3979 0 # dummy
3980 0 # dummy
3981 0 # dummy
3982 0 # dummy
3983 0 # dummy
3984 0 # dummy
3985 0 # dummy
3986 0 # dummy
3987 0 # dummy
3988 0 # dummy
3989 0 # dummy
3990 0 # dummy
3991 0 # dummy
3992 0 # dummy
3993 0 # dummy
3994 0 # dummy
3995 0 # dummy
3996 0 # dummy
3997 0 # dummy
3998 0 # dummy
3999 0 # dummy
4000 0 # dummy
4001 0 # dummy
4002 0 # dummy
4003 0 # dummy
4004 0 # dummy
4005 0 # dummy
4006 0 # dummy
4007 0 # dummy
4008 0 # dummy
4009 0 # dummy
4010 0 # dummy
4011 0 # dummy
4012 0 # dummy
4013 0 # dummy
4014 0 # dummy
4015 0 # dummy
4016 0 # dummy
4017 0 # dummy
4018 0 # dummy
4019 0 # dummy
4020 0 # dummy
4021 0 # dummy
4022 0 # dummy
4023 0 # dummy
4024 0 # dummy
4025 0 # dummy
4026 0 # dummy
4027 0 # dummy
4028 0 # dummy
4029 0 # dummy
4030 0 # dummy
4031 0 # dummy
4032 0 # dummy
4033 0 # dummy
4034 0 # dummy
4035 0 # dummy
4036 0 # dummy
4037 0 # dummy
4038 0 # dummy
4039 0 # dummy
4040 0 # dummy
4041 0 # dummy
4042 0 # dummy
4043 0 # dummy
4044 0 # dummy
4045 0 # dummy
4046 0 # dummy
4047 0 # dummy
4048 0 # dummy
4049 0 # dummy
4050 0 # dummy
4051 0 # dummy
4052 0 # dummy
4053 0 # dummy
4054 0 # dummy
4055 0 # dummy
4056 0 # dummy
4057 0 # dummy
4058 0 # dummy
4059 0 # dummy
4060 0 # dummy
4061 0 # dummy
4062 0 # dummy
4063 0 # dummy
4064 0 # dummy
4065 0 # dummy
4066 0 # dummy
4067 0 # dummy
4068 0 # dummy
4069 0 # dummy
4070 0 # dummy
4071 0 # dummy
4072 0 # dummy
4073 0 # dummy
4074 0 # dummy
4075 0 # dummy
4076 0 # dummy
4077 0 # dummy
4078 0 # dummy
4079 0 # dummy
4080 0 # dummy
4081 0 # dummy
4082 0 # dummy
4083 0 # dummy
4084 0 # dummy
4085 0 # dummy
4086 0 # dummy
4087 0 # dummy
4088 0 # dummy
4089 0 # dummy
4090 0 # dummy
4091 0 # dummy
4092 0 # dummy
4093 0 # dummy
4094 0 # dummy
4095 0 # dummy
