# columns 
# CaloToolMPEtaBin PtMin PtMax avgPt IEtaBin_forLUT_col1 PtBin_forLUT SF
0 0 0 0 0 0 1.000000   # ieta [1], pt 0
0 1 15 8 0 1 1.994304
0 16 16 16 0 2 1.962172
0 17 17 17 0 3 1.946192
0 18 18 18 0 4 1.933568
0 19 19 19 0 5 1.908340
0 20 20 20 0 6 1.904801
0 21 21 21 0 7 1.884817
0 22 22 22 0 8 1.871490
0 23 23 23 0 9 1.859045
0 24 24 24 0 10 1.838934
0 25 25 25 0 11 1.828045
0 26 26 26 0 12 1.812832
0 27 27 27 0 13 1.794859
0 28 28 28 0 14 1.788750
0 29 29 29 0 15 1.778771
0 30 30 30 0 16 1.766678
0 31 31 31 0 17 1.752343
0 32 33 33 0 18 1.740262
0 34 35 35 0 19 1.716977
0 36 37 37 0 20 1.693005
0 38 39 39 0 21 1.672269
0 40 41 41 0 22 1.661259
0 42 43 43 0 23 1.644667
0 44 45 45 0 24 1.626233
0 46 47 47 0 25 1.612562
0 48 49 49 0 26 1.594972
0 50 51 51 0 27 1.582094
0 52 53 53 0 28 1.572167
0 54 55 55 0 29 1.559968
0 56 57 57 0 30 1.552297
0 58 59 59 0 31 1.540441
0 60 61 61 0 32 1.528299
0 62 64 63 0 33 1.512701
0 65 67 66 0 34 1.497459
0 68 70 69 0 35 1.485250
0 71 73 72 0 36 1.472823
0 74 76 75 0 37 1.460483
0 77 79 78 0 38 1.452894
0 80 82 81 0 39 1.446132
0 83 85 84 0 40 1.432233
0 86 88 87 0 41 1.423117
0 89 91 90 0 42 1.415173
0 92 94 93 0 43 1.407246
0 95 97 96 0 44 1.400955
0 98 100 99 0 45 1.392202
0 101 103 102 0 46 1.384405
0 104 109 107 0 47 1.375882
0 110 115 113 0 48 1.363198
0 116 121 119 0 49 1.351079
0 122 127 125 0 50 1.339866
0 128 133 131 0 51 1.329877
0 134 139 137 0 52 1.321573
0 140 145 143 0 53 1.313551
0 146 151 149 0 54 1.304750
0 152 157 155 0 55 1.297784
0 158 163 161 0 56 1.291415
0 164 169 167 0 57 1.285062
0 170 175 173 0 58 1.279199
0 176 181 179 0 59 1.274148
0 182 187 185 0 60 1.267939
0 188 193 191 0 61 1.262722
0 194 254 224 0 62 1.241520
0 255 255 255 0 63 1.225169
1 0 0 0 1 0 1.000000   # ieta [2], pt 0
1 1 15 8 1 1 1.992082
1 16 16 16 1 2 1.960293
1 17 17 17 1 3 1.944328
1 18 18 18 1 4 1.931716
1 19 19 19 1 5 1.906512
1 20 20 20 1 6 1.902754
1 21 21 21 1 7 1.882791
1 22 22 22 1 8 1.869478
1 23 23 23 1 9 1.857507
1 24 24 24 1 10 1.835334
1 25 25 25 1 11 1.827737
1 26 26 26 1 12 1.814765
1 27 27 27 1 13 1.795820
1 28 28 28 1 14 1.791005
1 29 29 29 1 15 1.780211
1 30 30 30 1 16 1.768108
1 31 31 31 1 17 1.753762
1 32 33 33 1 18 1.741671
1 34 35 35 1 19 1.718367
1 36 37 37 1 20 1.694376
1 38 39 39 1 21 1.673623
1 40 41 41 1 22 1.662377
1 42 43 43 1 23 1.645548
1 44 45 45 1 24 1.627105
1 46 47 47 1 25 1.613426
1 48 49 49 1 26 1.595827
1 50 51 51 1 27 1.582942
1 52 53 53 1 28 1.573010
1 54 55 55 1 29 1.560804
1 56 57 57 1 30 1.553129
1 58 59 59 1 31 1.541267
1 60 61 61 1 32 1.529118
1 62 64 63 1 33 1.513511
1 65 67 66 1 34 1.498261
1 68 70 69 1 35 1.486046
1 71 73 72 1 36 1.473613
1 74 76 75 1 37 1.461265
1 77 79 78 1 38 1.453673
1 80 82 81 1 39 1.446907
1 83 85 84 1 40 1.433001
1 86 88 87 1 41 1.424048
1 89 91 90 1 42 1.416185
1 92 94 93 1 43 1.408285
1 95 97 96 1 44 1.402005
1 98 100 99 1 45 1.393326
1 101 103 102 1 46 1.385563
1 104 109 107 1 47 1.377165
1 110 115 113 1 48 1.364496
1 116 121 119 1 49 1.352414
1 122 127 125 1 50 1.341316
1 128 133 131 1 51 1.331432
1 134 139 137 1 52 1.323235
1 140 145 143 1 53 1.315261
1 146 151 149 1 54 1.306503
1 152 157 155 1 55 1.299802
1 158 163 161 1 56 1.293424
1 164 169 167 1 57 1.287060
1 170 175 173 1 58 1.281189
1 176 181 179 1 59 1.276310
1 182 187 185 1 60 1.270155
1 188 193 191 1 61 1.265074
1 194 254 224 1 62 1.244293
1 255 255 255 1 63 1.229210
2 0 0 0 2 0 1.000000   # ieta [3], pt 0
2 1 15 8 2 1 2.025209
2 16 16 16 2 2 1.992454
2 17 17 17 2 3 1.977617
2 18 18 18 2 4 1.960458
2 19 19 19 2 5 1.932399
2 20 20 20 2 6 1.926736
2 21 21 21 2 7 1.906130
2 22 22 22 2 8 1.890707
2 23 23 23 2 9 1.874623
2 24 24 24 2 10 1.853669
2 25 25 25 2 11 1.844157
2 26 26 26 2 12 1.830798
2 27 27 27 2 13 1.811686
2 28 28 28 2 14 1.806088
2 29 29 29 2 15 1.795403
2 30 30 30 2 16 1.781487
2 31 31 31 2 17 1.767918
2 32 33 33 2 18 1.752824
2 34 35 35 2 19 1.728556
2 36 37 37 2 20 1.704889
2 38 39 39 2 21 1.683331
2 40 41 41 2 22 1.672068
2 42 43 43 2 23 1.655395
2 44 45 45 2 24 1.636913
2 46 47 47 2 25 1.622033
2 48 49 49 2 26 1.604820
2 50 51 51 2 27 1.592639
2 52 53 53 2 28 1.583109
2 54 55 55 2 29 1.570952
2 56 57 57 2 30 1.563157
2 58 59 59 2 31 1.550770
2 60 61 61 2 32 1.538169
2 62 64 63 2 33 1.521890
2 65 67 66 2 34 1.506346
2 68 70 69 2 35 1.494412
2 71 73 72 2 36 1.480610
2 74 76 75 2 37 1.468219
2 77 79 78 2 38 1.460286
2 80 82 81 2 39 1.453324
2 83 85 84 2 40 1.439356
2 86 88 87 2 41 1.430584
2 89 91 90 2 42 1.423268
2 92 94 93 2 43 1.415604
2 95 97 96 2 44 1.409624
2 98 100 99 2 45 1.400345
2 101 103 102 2 46 1.392027
2 104 109 107 2 47 1.383658
2 110 115 113 2 48 1.371051
2 116 121 119 2 49 1.358499
2 122 127 125 2 50 1.346804
2 128 133 131 2 51 1.336813
2 134 139 137 2 52 1.328293
2 140 145 143 2 53 1.320444
2 146 151 149 2 54 1.311845
2 152 157 155 2 55 1.305046
2 158 163 161 2 56 1.298783
2 164 169 167 2 57 1.292571
2 170 175 173 2 58 1.286465
2 176 181 179 2 59 1.281473
2 182 187 185 2 60 1.275298
2 188 193 191 2 61 1.270289
2 194 254 224 2 62 1.247588
2 255 255 255 2 63 1.230685
3 0 0 0 3 0 1.000000   # ieta [4], pt 0
3 1 15 8 3 1 2.041503
3 16 16 16 3 2 2.009908
3 17 17 17 3 3 1.994474
3 18 18 18 3 4 1.979089
3 19 19 19 3 5 1.953068
3 20 20 20 3 6 1.947454
3 21 21 21 3 7 1.928112
3 22 22 22 3 8 1.912511
3 23 23 23 3 9 1.897702
3 24 24 24 3 10 1.875925
3 25 25 25 3 11 1.866299
3 26 26 26 3 12 1.852240
3 27 27 27 3 13 1.834256
3 28 28 28 3 14 1.826666
3 29 29 29 3 15 1.819271
3 30 30 30 3 16 1.805170
3 31 31 31 3 17 1.790866
3 32 33 33 3 18 1.771979
3 34 35 35 3 19 1.744439
3 36 37 37 3 20 1.715615
3 38 39 39 3 21 1.694157
3 40 41 41 3 22 1.682355
3 42 43 43 3 23 1.666380
3 44 45 45 3 24 1.648842
3 46 47 47 3 25 1.633853
3 48 49 49 3 26 1.615979
3 50 51 51 3 27 1.603181
3 52 53 53 3 28 1.591754
3 54 55 55 3 29 1.578235
3 56 57 57 3 30 1.570404
3 58 59 59 3 31 1.557911
3 60 61 61 3 32 1.545621
3 62 64 63 3 33 1.529575
3 65 67 66 3 34 1.514170
3 68 70 69 3 35 1.502233
3 71 73 72 3 36 1.488118
3 74 76 75 3 37 1.475144
3 77 79 78 3 38 1.467402
3 80 82 81 3 39 1.460576
3 83 85 84 3 40 1.446689
3 86 88 87 3 41 1.438511
3 89 91 90 3 42 1.430335
3 92 94 93 3 43 1.423103
3 95 97 96 3 44 1.416197
3 98 100 99 3 45 1.405995
3 101 103 102 3 46 1.397426
3 104 109 107 3 47 1.389185
3 110 115 113 3 48 1.376605
3 116 121 119 3 49 1.364483
3 122 127 125 3 50 1.352943
3 128 133 131 3 51 1.341135
3 134 139 137 3 52 1.332401
3 140 145 143 3 53 1.324213
3 146 151 149 3 54 1.315309
3 152 157 155 3 55 1.308492
3 158 163 161 3 56 1.302302
3 164 169 167 3 57 1.296181
3 170 175 173 3 58 1.290125
3 176 181 179 3 59 1.285120
3 182 187 185 3 60 1.278928
3 188 193 191 3 61 1.273905
3 194 254 224 3 62 1.249834
3 255 255 255 3 63 1.233423
4 0 0 0 4 0 1.000000   # ieta [5], pt 0
4 1 15 8 4 1 2.067890
4 16 16 16 4 2 2.034782
4 17 17 17 4 3 2.019281
4 18 18 18 4 4 2.007539
4 19 19 19 4 5 1.975161
4 20 20 20 4 6 1.971341
4 21 21 21 4 7 1.948091
4 22 22 22 4 8 1.929602
4 23 23 23 4 9 1.914661
4 24 24 24 4 10 1.892688
4 25 25 25 4 11 1.882976
4 26 26 26 4 12 1.868767
4 27 27 27 4 13 1.849730
4 28 28 28 4 14 1.842077
4 29 29 29 4 15 1.831607
4 30 30 30 4 16 1.818418
4 31 31 31 4 17 1.804009
4 32 33 33 4 18 1.784983
4 34 35 35 4 19 1.759586
4 36 37 37 4 20 1.731107
4 38 39 39 4 21 1.707878
4 40 41 41 4 22 1.693887
4 42 43 43 4 23 1.675807
4 44 45 45 4 24 1.657604
4 46 47 47 4 25 1.643031
4 48 49 49 4 26 1.625524
4 50 51 51 4 27 1.612625
4 52 53 53 4 28 1.600745
4 54 55 55 4 29 1.587790
4 56 57 57 4 30 1.579816
4 58 59 59 4 31 1.567247
4 60 61 61 4 32 1.553522
4 62 64 63 4 33 1.537668
4 65 67 66 4 34 1.522613
4 68 70 69 4 35 1.510704
4 71 73 72 4 36 1.496867
4 74 76 75 4 37 1.482077
4 77 79 78 4 38 1.472785
4 80 82 81 4 39 1.464768
4 83 85 84 4 40 1.450842
4 86 88 87 4 41 1.442639
4 89 91 90 4 42 1.434440
4 92 94 93 4 43 1.427187
4 95 97 96 4 44 1.420806
4 98 100 99 4 45 1.410841
4 101 103 102 4 46 1.402242
4 104 109 107 4 47 1.393245
4 110 115 113 4 48 1.381005
4 116 121 119 4 49 1.368874
4 122 127 125 4 50 1.357145
4 128 133 131 4 51 1.347014
4 134 139 137 4 52 1.338405
4 140 145 143 4 53 1.330705
4 146 151 149 4 54 1.321396
4 152 157 155 4 55 1.314091
4 158 163 161 4 56 1.308101
4 164 169 167 4 57 1.302403
4 170 175 173 4 58 1.296481
4 176 181 179 4 59 1.291009
4 182 187 185 4 60 1.284885
4 188 193 191 4 61 1.280030
4 194 254 224 4 62 1.255776
4 255 255 255 4 63 1.239158
5 0 0 0 5 0 1.000000   # ieta [6], pt 0
5 1 15 8 5 1 2.076252
5 16 16 16 5 2 2.043010
5 17 17 17 5 3 2.027739
5 18 18 18 5 4 2.013904
5 19 19 19 5 5 1.981423
5 20 20 20 5 6 1.977591
5 21 21 21 5 7 1.954631
5 22 22 22 5 8 1.937400
5 23 23 23 5 9 1.923219
5 24 24 24 5 10 1.899092
5 25 25 25 5 11 1.889348
5 26 26 26 5 12 1.875091
5 27 27 27 5 13 1.855989
5 28 28 28 5 14 1.848310
5 29 29 29 5 15 1.836341
5 30 30 30 5 16 1.824137
5 31 31 31 5 17 1.809467
5 32 33 33 5 18 1.791636
5 34 35 35 5 19 1.766505
5 36 37 37 5 20 1.739877
5 38 39 39 5 21 1.716530
5 40 41 41 5 22 1.702468
5 42 43 43 5 23 1.684439
5 44 45 45 5 24 1.666703
5 46 47 47 5 25 1.652218
5 48 49 49 5 26 1.635767
5 50 51 51 5 27 1.623770
5 52 53 53 5 28 1.611625
5 54 55 55 5 29 1.598401
5 56 57 57 5 30 1.590373
5 58 59 59 5 31 1.577720
5 60 61 61 5 32 1.563923
5 62 64 63 5 33 1.547590
5 65 67 66 5 34 1.531656
5 68 70 69 5 35 1.519877
5 71 73 72 5 36 1.505338
5 74 76 75 5 37 1.491489
5 77 79 78 5 38 1.480126
5 80 82 81 5 39 1.471064
5 83 85 84 5 40 1.457078
5 86 88 87 5 41 1.448840
5 89 91 90 5 42 1.440606
5 92 94 93 5 43 1.432935
5 95 97 96 5 44 1.427051
5 98 100 99 5 45 1.417462
5 101 103 102 5 46 1.409500
5 104 109 107 5 47 1.399326
5 110 115 113 5 48 1.385929
5 116 121 119 5 49 1.373485
5 122 127 125 5 50 1.362084
5 128 133 131 5 51 1.352537
5 134 139 137 5 52 1.343234
5 140 145 143 5 53 1.335077
5 146 151 149 5 54 1.325716
5 152 157 155 5 55 1.318283
5 158 163 161 5 56 1.311986
5 164 169 167 5 57 1.306054
5 170 175 173 5 58 1.300042
5 176 181 179 5 59 1.294339
5 182 187 185 5 60 1.288129
5 188 193 191 5 61 1.283050
5 194 254 224 5 62 1.257892
5 255 255 255 5 63 1.240872
6 0 0 0 6 0 1.000000   # ieta [7], pt 0
6 1 15 8 6 1 2.075026
6 16 16 16 6 2 2.042289
6 17 17 17 6 3 2.027022
6 18 18 18 6 4 2.013705
6 19 19 19 6 5 1.981228
6 20 20 20 6 6 1.977396
6 21 21 21 6 7 1.957015
6 22 22 22 6 8 1.939763
6 23 23 23 6 9 1.925564
6 24 24 24 6 10 1.901560
6 25 25 25 6 11 1.891803
6 26 26 26 6 12 1.877527
6 27 27 27 6 13 1.858576
6 28 28 28 6 14 1.850886
6 29 29 29 6 15 1.839488
6 30 30 30 6 16 1.827263
6 31 31 31 6 17 1.812544
6 32 33 33 6 18 1.795319
6 34 35 35 6 19 1.770135
6 36 37 37 6 20 1.745645
6 38 39 39 6 21 1.722221
6 40 41 41 6 22 1.707327
6 42 43 43 6 23 1.688127
6 44 45 45 6 24 1.670352
6 46 47 47 6 25 1.655718
6 48 49 49 6 26 1.639113
6 50 51 51 6 27 1.627092
6 52 53 53 6 28 1.614922
6 54 55 55 6 29 1.601670
6 56 57 57 6 30 1.593626
6 58 59 59 6 31 1.580948
6 60 61 61 6 32 1.566141
6 62 64 63 6 33 1.548809
6 65 67 66 6 34 1.532862
6 68 70 69 6 35 1.520830
6 71 73 72 6 36 1.505757
6 74 76 75 6 37 1.492569
6 77 79 78 6 38 1.481197
6 80 82 81 6 39 1.472129
6 83 85 84 6 40 1.458132
6 86 88 87 6 41 1.449888
6 89 91 90 6 42 1.441648
6 92 94 93 6 43 1.433972
6 95 97 96 6 44 1.428084
6 98 100 99 6 45 1.418488
6 101 103 102 6 46 1.410520
6 104 109 107 6 47 1.400339
6 110 115 113 6 48 1.386932
6 116 121 119 6 49 1.374479
6 122 127 125 6 50 1.363070
6 128 133 131 6 51 1.353516
6 134 139 137 6 52 1.344153
6 140 145 143 6 53 1.335937
6 146 151 149 6 54 1.326570
6 152 157 155 6 55 1.319132
6 158 163 161 6 56 1.312832
6 164 169 167 6 57 1.306461
6 170 175 173 6 58 1.300014
6 176 181 179 6 59 1.294311
6 182 187 185 6 60 1.288101
6 188 193 191 6 61 1.283022
6 194 254 224 6 62 1.257840
6 255 255 255 6 63 1.240459
7 0 0 0 7 0 1.000000   # ieta [8], pt 0
7 1 15 8 7 1 2.097728
7 16 16 16 7 2 2.064633
7 17 17 17 7 3 2.052688
7 18 18 18 7 4 2.038445
7 19 19 19 7 5 2.009724
7 20 20 20 7 6 2.005063
7 21 21 21 7 7 1.979549
7 22 22 22 7 8 1.960200
7 23 23 23 7 9 1.942824
7 24 24 24 7 10 1.918604
7 25 25 25 7 11 1.908759
7 26 26 26 7 12 1.894355
7 27 27 27 7 13 1.875234
7 28 28 28 7 14 1.866988
7 29 29 29 7 15 1.855490
7 30 30 30 7 16 1.840853
7 31 31 31 7 17 1.825845
7 32 33 33 7 18 1.808429
7 34 35 35 7 19 1.785478
7 36 37 37 7 20 1.755058
7 38 39 39 7 21 1.729722
7 40 41 41 7 22 1.712984
7 42 43 43 7 23 1.693721
7 44 45 45 7 24 1.671489
7 46 47 47 7 25 1.656844
7 48 49 49 7 26 1.641030
7 50 51 51 7 27 1.629793
7 52 53 53 7 28 1.617603
7 54 55 55 7 29 1.604330
7 56 57 57 7 30 1.596272
7 58 59 59 7 31 1.583573
7 60 61 61 7 32 1.569541
7 62 64 63 7 33 1.553273
7 65 67 66 7 34 1.537887
7 68 70 69 7 35 1.527061
7 71 73 72 7 36 1.513263
7 74 76 75 7 37 1.500009
7 77 79 78 7 38 1.488581
7 80 82 81 7 39 1.479467
7 83 85 84 7 40 1.463301
7 86 88 87 7 41 1.455028
7 89 91 90 7 42 1.445773
7 92 94 93 7 43 1.437583
7 95 97 96 7 44 1.431680
7 98 100 99 7 45 1.422669
7 101 103 102 7 46 1.413248
7 104 109 107 7 47 1.403105
7 110 115 113 7 48 1.389960
7 116 121 119 7 49 1.377730
7 122 127 125 7 50 1.366904
7 128 133 131 7 51 1.357207
7 134 139 137 7 52 1.347864
7 140 145 143 7 53 1.338722
7 146 151 149 7 54 1.329718
7 152 157 155 7 55 1.322263
7 158 163 161 7 56 1.315732
7 164 169 167 7 57 1.308935
7 170 175 173 7 58 1.302801
7 176 181 179 7 59 1.297086
7 182 187 185 7 60 1.290862
7 188 193 191 7 61 1.285773
7 194 254 224 7 62 1.260822
7 255 255 255 7 63 1.244012
8 0 0 0 8 0 1.000000   # ieta [9], pt 0
8 1 15 8 8 1 2.119717
8 16 16 16 8 2 2.089364
8 17 17 17 8 3 2.077369
8 18 18 18 8 4 2.062974
8 19 19 19 8 5 2.038371
8 20 20 20 8 6 2.031022
8 21 21 21 8 7 2.002463
8 22 22 22 8 8 1.982276
8 23 23 23 8 9 1.964704
8 24 24 24 8 10 1.936795
8 25 25 25 8 11 1.923875
8 26 26 26 8 12 1.912317
8 27 27 27 8 13 1.893015
8 28 28 28 8 14 1.884133
8 29 29 29 8 15 1.869811
8 30 30 30 8 16 1.853611
8 31 31 31 8 17 1.837051
8 32 33 33 8 18 1.817975
8 34 35 35 8 19 1.792823
8 36 37 37 8 20 1.761155
8 38 39 39 8 21 1.735732
8 40 41 41 8 22 1.718936
8 42 43 43 8 23 1.696535
8 44 45 45 8 24 1.674089
8 46 47 47 8 25 1.660819
8 48 49 49 8 26 1.645008
8 50 51 51 8 27 1.633784
8 52 53 53 8 28 1.621565
8 54 55 55 8 29 1.608259
8 56 57 57 8 30 1.600181
8 58 59 59 8 31 1.587451
8 60 61 61 8 32 1.574682
8 62 64 63 8 33 1.558175
8 65 67 66 8 34 1.542741
8 68 70 69 8 35 1.531805
8 71 73 72 8 36 1.518434
8 74 76 75 8 37 1.505370
8 77 79 78 8 38 1.493900
8 80 82 81 8 39 1.484754
8 83 85 84 8 40 1.469076
8 86 88 87 8 41 1.461130
8 89 91 90 8 42 1.450375
8 92 94 93 8 43 1.442159
8 95 97 96 8 44 1.436237
8 98 100 99 8 45 1.427197
8 101 103 102 8 46 1.417747
8 104 109 107 8 47 1.407503
8 110 115 113 8 48 1.393934
8 116 121 119 8 49 1.381055
8 122 127 125 8 50 1.369963
8 128 133 131 8 51 1.359561
8 134 139 137 8 52 1.350535
8 140 145 143 8 53 1.341375
8 146 151 149 8 54 1.332130
8 152 157 155 8 55 1.323549
8 158 163 161 8 56 1.317013
8 164 169 167 8 57 1.310209
8 170 175 173 8 58 1.304069
8 176 181 179 8 59 1.298348
8 182 187 185 8 60 1.292118
8 188 193 191 8 61 1.287024
8 194 254 224 8 62 1.262049
8 255 255 255 8 63 1.245536
9 0 0 0 9 0 1.000000   # ieta [10], pt 0
9 1 15 8 9 1 2.120553
9 16 16 16 9 2 2.090189
9 17 17 17 9 3 2.078188
9 18 18 18 9 4 2.064432
9 19 19 19 9 5 2.039811
9 20 20 20 9 6 2.032458
9 21 21 21 9 7 2.003878
9 22 22 22 9 8 1.983677
9 23 23 23 9 9 1.966092
9 24 24 24 9 10 1.937983
9 25 25 25 9 11 1.932186
9 26 26 26 9 12 1.916105
9 27 27 27 9 13 1.896296
9 28 28 28 9 14 1.890008
9 29 29 29 9 15 1.875641
9 30 30 30 9 16 1.859390
9 31 31 31 9 17 1.842991
9 32 33 33 9 18 1.825176
9 34 35 35 9 19 1.803091
9 36 37 37 9 20 1.774379
9 38 39 39 9 21 1.750228
9 40 41 41 9 22 1.734752
9 42 43 43 9 23 1.712146
9 44 45 45 9 24 1.689493
9 46 47 47 9 25 1.676101
9 48 49 49 9 26 1.660145
9 50 51 51 9 27 1.645336
9 52 53 53 9 28 1.633067
9 54 55 55 9 29 1.617939
9 56 57 57 9 30 1.609858
9 58 59 59 9 31 1.591929
9 60 61 61 9 32 1.580861
9 62 64 63 9 33 1.564289
9 65 67 66 9 34 1.549336
9 68 70 69 9 35 1.538530
9 71 73 72 9 36 1.525533
9 74 76 75 9 37 1.511674
9 77 79 78 9 38 1.500157
9 80 82 81 9 39 1.490972
9 83 85 84 9 40 1.475229
9 86 88 87 9 41 1.468679
9 89 91 90 9 42 1.458580
9 92 94 93 9 43 1.450460
9 95 97 96 9 44 1.444575
9 98 100 99 9 45 1.435482
9 101 103 102 9 46 1.425977
9 104 109 107 9 47 1.415519
9 110 115 113 9 48 1.400601
9 116 121 119 9 49 1.387742
9 122 127 125 9 50 1.377467
9 128 133 131 9 51 1.365859
9 134 139 137 9 52 1.355138
9 140 145 143 9 53 1.345947
9 146 151 149 9 54 1.336671
9 152 157 155 9 55 1.328060
9 158 163 161 9 56 1.321311
9 164 169 167 9 57 1.313842
9 170 175 173 9 58 1.307140
9 176 181 179 9 59 1.301138
9 182 187 185 9 60 1.294841
9 188 193 191 9 61 1.289736
9 194 254 224 9 62 1.265024
9 255 255 255 9 63 1.248452
10 0 0 0 10 0 1.000000   # ieta [11], pt 0
10 1 15 8 10 1 2.126879
10 16 16 16 10 2 2.100567
10 17 17 17 10 3 2.088507
10 18 18 18 10 4 2.075391
10 19 19 19 10 5 2.057009
10 20 20 20 10 6 2.048719
10 21 21 21 10 7 2.019912
10 22 22 22 10 8 1.998678
10 23 23 23 10 9 1.984489
10 24 24 24 10 10 1.955182
10 25 25 25 10 11 1.949332
10 26 26 26 10 12 1.935558
10 27 27 27 10 13 1.915193
10 28 28 28 10 14 1.909100
10 29 29 29 10 15 1.894987
10 30 30 30 10 16 1.878882
10 31 31 31 10 17 1.861533
10 32 33 33 10 18 1.844763
10 34 35 35 10 19 1.821102
10 36 37 37 10 20 1.789444
10 38 39 39 10 21 1.760510
10 40 41 41 10 22 1.743319
10 42 43 43 10 23 1.720601
10 44 45 45 10 24 1.704844
10 46 47 47 10 25 1.692999
10 48 49 49 10 26 1.678542
10 50 51 51 10 27 1.663569
10 52 53 53 10 28 1.650904
10 54 55 55 10 29 1.635351
10 56 57 57 10 30 1.626981
10 58 59 59 10 31 1.608551
10 60 61 61 10 32 1.597314
10 62 64 63 10 33 1.577796
10 65 67 66 10 34 1.564794
10 68 70 69 10 35 1.552928
10 71 73 72 10 36 1.536403
10 74 76 75 10 37 1.522994
10 77 79 78 10 38 1.511390
10 80 82 81 10 39 1.500199
10 83 85 84 10 40 1.487920
10 86 88 87 10 41 1.482048
10 89 91 90 10 42 1.469616
10 92 94 93 10 43 1.463106
10 95 97 96 10 44 1.457170
10 98 100 99 10 45 1.447998
10 101 103 102 10 46 1.438410
10 104 109 107 10 47 1.425761
10 110 115 113 10 48 1.413173
10 116 121 119 10 49 1.398100
10 122 127 125 10 50 1.385998
10 128 133 131 10 51 1.376483
10 134 139 137 10 52 1.365727
10 140 145 143 10 53 1.355715
10 146 151 149 10 54 1.346292
10 152 157 155 10 55 1.337128
10 158 163 161 10 56 1.330240
10 164 169 167 10 57 1.322721
10 170 175 173 10 58 1.316677
10 176 181 179 10 59 1.311041
10 182 187 185 10 60 1.304494
10 188 193 191 10 61 1.299310
10 194 254 224 10 62 1.273815
10 255 255 255 10 63 1.256752
11 0 0 0 11 0 1.000000   # ieta [12], pt 0
11 1 15 8 11 1 2.175769
11 16 16 16 11 2 2.154587
11 17 17 17 11 3 2.142217
11 18 18 18 11 4 2.128065
11 19 19 19 11 5 2.103670
11 20 20 20 11 6 2.095192
11 21 21 21 11 7 2.079894
11 22 22 22 11 8 2.060141
11 23 23 23 11 9 2.049243
11 24 24 24 11 10 2.018979
11 25 25 25 11 11 1.998108
11 26 26 26 11 12 1.983989
11 27 27 27 11 13 1.970830
11 28 28 28 11 14 1.956064
11 29 29 29 11 15 1.936343
11 30 30 30 11 16 1.917853
11 31 31 31 11 17 1.901715
11 32 33 33 11 18 1.881229
11 34 35 35 11 19 1.861000
11 36 37 37 11 20 1.828648
11 38 39 39 11 21 1.799080
11 40 41 41 11 22 1.778143
11 42 43 43 11 23 1.754848
11 44 45 45 11 24 1.731420
11 46 47 47 11 25 1.712446
11 48 49 49 11 26 1.690852
11 50 51 51 11 27 1.675917
11 52 53 53 11 28 1.671788
11 54 55 55 11 29 1.655188
11 56 57 57 11 30 1.648811
11 58 59 59 11 31 1.630133
11 60 61 61 11 32 1.618746
11 62 64 63 11 33 1.598351
11 65 67 66 11 34 1.590208
11 68 70 69 11 35 1.578150
11 71 73 72 11 36 1.560871
11 74 76 75 11 37 1.545680
11 77 79 78 11 38 1.530381
11 80 82 81 11 39 1.518532
11 83 85 84 11 40 1.504733
11 86 88 87 11 41 1.498794
11 89 91 90 11 42 1.486222
11 92 94 93 11 43 1.480695
11 95 97 96 11 44 1.471914
11 98 100 99 11 45 1.460041
11 101 103 102 11 46 1.451879
11 104 109 107 11 47 1.441984
11 110 115 113 11 48 1.428445
11 116 121 119 11 49 1.411104
11 122 127 125 11 50 1.399178
11 128 133 131 11 51 1.389573
11 134 139 137 11 52 1.378608
11 140 145 143 11 53 1.367973
11 146 151 149 11 54 1.359206
11 152 157 155 11 55 1.351202
11 158 163 161 11 56 1.343276
11 164 169 167 11 57 1.334529
11 170 175 173 11 58 1.330220
11 176 181 179 11 59 1.324781
11 182 187 185 11 60 1.317815
11 188 193 191 11 61 1.312434
11 194 254 224 11 62 1.286481
11 255 255 255 11 63 1.269314
12 0 0 0 12 0 1.000000   # ieta [13], pt 0
12 1 15 8 12 1 2.264398
12 16 16 16 12 2 2.238625
12 17 17 17 12 3 2.215269
12 18 18 18 12 4 2.200633
12 19 19 19 12 5 2.166966
12 20 20 20 12 6 2.158233
12 21 21 21 12 7 2.141567
12 22 22 22 12 8 2.121851
12 23 23 23 12 9 2.110626
12 24 24 24 12 10 2.075757
12 25 25 25 12 11 2.056265
12 26 26 26 12 12 2.037788
12 27 27 27 12 13 2.031782
12 28 28 28 12 14 2.016559
12 29 29 29 12 15 1.996228
12 30 30 30 12 16 1.970497
12 31 31 31 12 17 1.959048
12 32 33 33 12 18 1.933759
12 34 35 35 12 19 1.907825
12 36 37 37 12 20 1.876663
12 38 39 39 12 21 1.844974
12 40 41 41 12 22 1.819572
12 42 43 43 12 23 1.798440
12 44 45 45 12 24 1.773882
12 46 47 47 12 25 1.759021
12 48 49 49 12 26 1.741845
12 50 51 51 12 27 1.725208
12 52 53 53 12 28 1.710734
12 54 55 55 12 29 1.692909
12 56 57 57 12 30 1.685631
12 58 59 59 12 31 1.668234
12 60 61 61 12 32 1.658496
12 62 64 63 12 33 1.641504
12 65 67 66 12 34 1.622225
12 68 70 69 12 35 1.609170
12 71 73 72 12 36 1.591426
12 74 76 75 12 37 1.575605
12 77 79 78 12 38 1.562771
12 80 82 81 12 39 1.549105
12 83 85 84 12 40 1.535320
12 86 88 87 12 41 1.530139
12 89 91 90 12 42 1.518016
12 92 94 93 12 43 1.506059
12 95 97 96 12 44 1.499496
12 98 100 99 12 45 1.489686
12 101 103 102 12 46 1.479214
12 104 109 107 12 47 1.465832
12 110 115 113 12 48 1.452066
12 116 121 119 12 49 1.439850
12 122 127 125 12 50 1.422614
12 128 133 131 12 51 1.412848
12 134 139 137 12 52 1.401700
12 140 145 143 12 53 1.390358
12 146 151 149 12 54 1.379295
12 152 157 155 12 55 1.369181
12 158 163 161 12 56 1.362665
12 164 169 167 12 57 1.354547
12 170 175 173 12 58 1.347919
12 176 181 179 12 59 1.341907
12 182 187 185 12 60 1.334111
12 188 193 191 12 61 1.328171
12 194 254 224 12 62 1.301808
12 255 255 255 12 63 1.284097
13 0 0 0 13 0 1.000000   # ieta [14], pt 0
13 1 15 8 13 1 2.338798
13 16 16 16 13 2 2.320719
13 17 17 17 13 3 2.300128
13 18 18 18 13 4 2.274723
13 19 19 19 13 5 2.246448
13 20 20 20 13 6 2.245198
13 21 21 21 13 7 2.212946
13 22 22 22 13 8 2.185513
13 23 23 23 13 9 2.165077
13 24 24 24 13 10 2.130952
13 25 25 25 13 11 2.116340
13 26 26 26 13 12 2.097323
13 27 27 27 13 13 2.081830
13 28 28 28 13 14 2.065391
13 29 29 29 13 15 2.048114
13 30 30 30 13 16 2.021714
13 31 31 31 13 17 2.009967
13 32 33 33 13 18 1.982331
13 34 35 35 13 19 1.956859
13 36 37 37 13 20 1.926535
13 38 39 39 13 21 1.898437
13 40 41 41 13 22 1.875884
13 42 43 43 13 23 1.855342
13 44 45 45 13 24 1.829685
13 46 47 47 13 25 1.809926
13 48 49 49 13 26 1.788909
13 50 51 51 13 27 1.776509
13 52 53 53 13 28 1.757410
13 54 55 55 13 29 1.736199
13 56 57 57 13 30 1.721186
13 58 59 59 13 31 1.704731
13 60 61 61 13 32 1.694460
13 62 64 63 13 33 1.677505
13 65 67 66 13 34 1.658221
13 68 70 69 13 35 1.642266
13 71 73 72 13 36 1.625450
13 74 76 75 13 37 1.611477
13 77 79 78 13 38 1.598351
13 80 82 81 13 39 1.584374
13 83 85 84 13 40 1.570660
13 86 88 87 13 41 1.556241
13 89 91 90 13 42 1.544153
13 92 94 93 13 43 1.531989
13 95 97 96 13 44 1.525416
13 98 100 99 13 45 1.515050
13 101 103 102 13 46 1.504399
13 104 109 107 13 47 1.493337
13 110 115 113 13 48 1.472414
13 116 121 119 13 49 1.457968
13 122 127 125 13 50 1.446639
13 128 133 131 13 51 1.437247
13 134 139 137 13 52 1.425392
13 140 145 143 13 53 1.413858
13 146 151 149 13 54 1.402609
13 152 157 155 13 55 1.392323
13 158 163 161 13 56 1.383873
13 164 169 167 13 57 1.374722
13 170 175 173 13 58 1.366441
13 176 181 179 13 59 1.359105
13 182 187 185 13 60 1.353106
13 188 193 191 13 61 1.347461
13 194 254 224 13 62 1.323315
13 255 255 255 13 63 1.305195
14 0 0 0 14 0 1.000000   # ieta [15], pt 0
14 1 15 8 14 1 2.376911
14 16 16 16 14 2 2.358538
14 17 17 17 14 3 2.336311
14 18 18 18 14 4 2.318053
14 19 19 19 14 5 2.287716
14 20 20 20 14 6 2.280002
14 21 21 21 14 7 2.247249
14 22 22 22 14 8 2.224750
14 23 23 23 14 9 2.203946
14 24 24 24 14 10 2.178481
14 25 25 25 14 11 2.163543
14 26 26 26 14 12 2.139700
14 27 27 27 14 13 2.117171
14 28 28 28 14 14 2.100453
14 29 29 29 14 15 2.089250
14 30 30 30 14 16 2.062149
14 31 31 31 14 17 2.049174
14 32 33 33 14 18 2.018109
14 34 35 35 14 19 1.999181
14 36 37 37 14 20 1.970157
14 38 39 39 14 21 1.939791
14 40 41 41 14 22 1.921678
14 42 43 43 14 23 1.900545
14 44 45 45 14 24 1.872043
14 46 47 47 14 25 1.848010
14 48 49 49 14 26 1.820853
14 50 51 51 14 27 1.806336
14 52 53 53 14 28 1.791539
14 54 55 55 14 29 1.769916
14 56 57 57 14 30 1.754588
14 58 59 59 14 31 1.741997
14 60 61 61 14 32 1.728427
14 62 64 63 14 33 1.711133
14 65 67 66 14 34 1.692602
14 68 70 69 14 35 1.676801
14 71 73 72 14 36 1.661237
14 74 76 75 14 37 1.641854
14 77 79 78 14 38 1.628318
14 80 82 81 14 39 1.613406
14 83 85 84 14 40 1.596848
14 86 88 87 14 41 1.581389
14 89 91 90 14 42 1.569248
14 92 94 93 14 43 1.556934
14 95 97 96 14 44 1.550278
14 98 100 99 14 45 1.541393
14 101 103 102 14 46 1.530456
14 104 109 107 14 47 1.517546
14 110 115 113 14 48 1.500715
14 116 121 119 14 49 1.486828
14 122 127 125 14 50 1.470098
14 128 133 131 14 51 1.455033
14 134 139 137 14 52 1.443105
14 140 145 143 14 53 1.433984
14 146 151 149 14 54 1.423277
14 152 157 155 14 55 1.412868
14 158 163 161 14 56 1.404137
14 164 169 167 14 57 1.394851
14 170 175 173 14 58 1.386449
14 176 181 179 14 59 1.378920
14 182 187 185 14 60 1.372402
14 188 193 191 14 61 1.367798
14 194 254 224 14 62 1.339315
14 255 255 255 14 63 1.318088
15 0 0 0 15 0 1.000000   # ieta [16], pt 0
15 1 15 8 15 1 2.465582
15 16 16 16 15 2 2.439322
15 17 17 17 15 3 2.410579
15 18 18 18 15 4 2.392711
15 19 19 19 15 5 2.360778
15 20 20 20 15 6 2.352477
15 21 21 21 15 7 2.321533
15 22 22 22 15 8 2.300293
15 23 23 23 15 9 2.276626
15 24 24 24 15 10 2.250032
15 25 25 25 15 11 2.231071
15 26 26 26 15 12 2.206483
15 27 27 27 15 13 2.180805
15 28 28 28 15 14 2.164527
15 29 29 29 15 15 2.154302
15 30 30 30 15 16 2.142130
15 31 31 31 15 17 2.127939
15 32 33 33 15 18 2.087463
15 34 35 35 15 19 2.067203
15 36 37 37 15 20 2.040129
15 38 39 39 15 21 2.016083
15 40 41 41 15 22 1.994571
15 42 43 43 15 23 1.977724
15 44 45 45 15 24 1.950825
15 46 47 47 15 25 1.930778
15 48 49 49 15 26 1.909086
15 50 51 51 15 27 1.895456
15 52 53 53 15 28 1.880538
15 54 55 55 15 29 1.863848
15 56 57 57 15 30 1.848360
15 58 59 59 15 31 1.836399
15 60 61 61 15 32 1.820136
15 62 64 63 15 33 1.799518
15 65 67 66 15 34 1.779420
15 68 70 69 15 35 1.762673
15 71 73 72 15 36 1.745221
15 74 76 75 15 37 1.725629
15 77 79 78 15 38 1.714261
15 80 82 81 15 39 1.698947
15 83 85 84 15 40 1.686651
15 86 88 87 15 41 1.670299
15 89 91 90 15 42 1.661128
15 92 94 93 15 43 1.648796
15 95 97 96 15 44 1.638320
15 98 100 99 15 45 1.624485
15 101 103 102 15 46 1.613219
15 104 109 107 15 47 1.601286
15 110 115 113 15 48 1.582446
15 116 121 119 15 49 1.568300
15 122 127 125 15 50 1.559592
15 128 133 131 15 51 1.551523
15 134 139 137 15 52 1.535535
15 140 145 143 15 53 1.521206
15 146 151 149 15 54 1.507845
15 152 157 155 15 55 1.496345
15 158 163 161 15 56 1.488457
15 164 169 167 15 57 1.480153
15 170 175 173 15 58 1.471829
15 176 181 179 15 59 1.463326
15 182 187 185 15 60 1.456434
15 188 193 191 15 61 1.452589
15 194 254 224 15 62 1.431071
15 255 255 255 15 63 1.411652
16 0 0 0 16 0 1.000000   # ieta [17], pt 0
16 1 15 8 16 1 2.530363
16 16 16 16 16 2 2.498983
16 17 17 17 16 3 2.468955
16 18 18 18 16 4 2.449608
16 19 19 19 16 5 2.416916
16 20 20 20 16 6 2.409237
16 21 21 21 16 7 2.377745
16 22 22 22 16 8 2.354900
16 23 23 23 16 9 2.330672
16 24 24 24 16 10 2.302118
16 25 25 25 16 11 2.282717
16 26 26 26 16 12 2.257561
16 27 27 27 16 13 2.228545
16 28 28 28 16 14 2.209071
16 29 29 29 16 15 2.199243
16 30 30 30 16 16 2.176281
16 31 31 31 16 17 2.158411
16 32 33 33 16 18 2.111736
16 34 35 35 16 19 2.087725
16 36 37 37 16 20 2.056543
16 38 39 39 16 21 2.032120
16 40 41 41 16 22 2.012191
16 42 43 43 16 23 1.995194
16 44 45 45 16 24 1.966318
16 46 47 47 16 25 1.942739
16 48 49 49 16 26 1.920934
16 50 51 51 16 27 1.907284
16 52 53 53 16 28 1.892316
16 54 55 55 16 29 1.874930
16 56 57 57 16 30 1.858339
16 58 59 59 16 31 1.845574
16 60 61 61 16 32 1.829230
16 62 64 63 16 33 1.808805
16 65 67 66 16 34 1.789193
16 68 70 69 16 35 1.771625
16 71 73 72 16 36 1.753721
16 74 76 75 16 37 1.733994
16 77 79 78 16 38 1.722449
16 80 82 81 16 39 1.707039
16 83 85 84 16 40 1.694685
16 86 88 87 16 41 1.676650
16 89 91 90 16 42 1.666111
16 92 94 93 16 43 1.653742
16 95 97 96 16 44 1.643234
16 98 100 99 16 45 1.629357
16 101 103 102 16 46 1.618058
16 104 109 107 16 47 1.606089
16 110 115 113 16 48 1.586838
16 116 121 119 16 49 1.572654
16 122 127 125 16 50 1.563805
16 128 133 131 16 51 1.555485
16 134 139 137 16 52 1.539455
16 140 145 143 16 53 1.524878
16 146 151 149 16 54 1.511274
16 152 157 155 16 55 1.499748
16 158 163 161 16 56 1.491842
16 164 169 167 16 57 1.483459
16 170 175 173 16 58 1.474821
16 176 181 179 16 59 1.466300
16 182 187 185 16 60 1.459394
16 188 193 191 16 61 1.455541
16 194 254 224 16 62 1.431314
16 255 255 255 16 63 1.409421
17 0 0 0 17 0 1.000000   # ieta [18], pt 0
17 1 15 8 17 1 2.407233
17 16 16 16 17 2 2.377654
17 17 17 17 17 3 2.344646
17 18 18 18 17 4 2.326066
17 19 19 19 17 5 2.285862
17 20 20 20 17 6 2.277641
17 21 21 21 17 7 2.247869
17 22 22 22 17 8 2.224492
17 23 23 23 17 9 2.197476
17 24 24 24 17 10 2.169881
17 25 25 25 17 11 2.151595
17 26 26 26 17 12 2.127569
17 27 27 27 17 13 2.106462
17 28 28 28 17 14 2.091094
17 29 29 29 17 15 2.075547
17 30 30 30 17 16 2.048906
17 31 31 31 17 17 2.034702
17 32 33 33 17 18 2.000122
17 34 35 35 17 19 1.976393
17 36 37 37 17 20 1.946007
17 38 39 39 17 21 1.916974
17 40 41 41 17 22 1.892047
17 42 43 43 17 23 1.870398
17 44 45 45 17 24 1.846012
17 46 47 47 17 25 1.825880
17 48 49 49 17 26 1.802945
17 50 51 51 17 27 1.785851
17 52 53 53 17 28 1.767131
17 54 55 55 17 29 1.746773
17 56 57 57 17 30 1.727625
17 58 59 59 17 31 1.711755
17 60 61 61 17 32 1.700512
17 62 64 63 17 33 1.680690
17 65 67 66 17 34 1.660791
17 68 70 69 17 35 1.644707
17 71 73 72 17 36 1.627042
17 74 76 75 17 37 1.608844
17 77 79 78 17 38 1.599370
17 80 82 81 17 39 1.587759
17 83 85 84 17 40 1.574210
17 86 88 87 17 41 1.560911
17 89 91 90 17 42 1.550121
17 92 94 93 17 43 1.538353
17 95 97 96 17 44 1.530112
17 98 100 99 17 45 1.520268
17 101 103 102 17 46 1.510903
17 104 109 107 17 47 1.501179
17 110 115 113 17 48 1.484718
17 116 121 119 17 49 1.469266
17 122 127 125 17 50 1.448861
17 128 133 131 17 51 1.434780
17 134 139 137 17 52 1.420651
17 140 145 143 17 53 1.409681
17 146 151 149 17 54 1.398726
17 152 157 155 17 55 1.389928
17 158 163 161 17 56 1.380944
17 164 169 167 17 57 1.372101
17 170 175 173 17 58 1.365173
17 176 181 179 17 59 1.357679
17 182 187 185 17 60 1.350864
17 188 193 191 17 61 1.343433
17 194 254 224 17 62 1.317244
17 255 255 255 17 63 1.290651
18 0 0 0 18 0 1.000000   # ieta [19], pt 0
18 1 15 8 18 1 2.403017
18 16 16 16 18 2 2.367590
18 17 17 17 18 3 2.334145
18 18 18 18 18 4 2.314802
18 19 19 19 18 5 2.273460
18 20 20 20 18 6 2.263103
18 21 21 21 18 7 2.228981
18 22 22 22 18 8 2.205394
18 23 23 23 18 9 2.178921
18 24 24 24 18 10 2.148769
18 25 25 25 18 11 2.130661
18 26 26 26 18 12 2.106401
18 27 27 27 18 13 2.081024
18 28 28 28 18 14 2.065737
18 29 29 29 18 15 2.049925
18 30 30 30 18 16 2.023613
18 31 31 31 18 17 2.009354
18 32 33 33 18 18 1.975007
18 34 35 35 18 19 1.950607
18 36 37 37 18 20 1.921911
18 38 39 39 18 21 1.894031
18 40 41 41 18 22 1.867309
18 42 43 43 18 23 1.844851
18 44 45 45 18 24 1.817145
18 46 47 47 18 25 1.795558
18 48 49 49 18 26 1.772434
18 50 51 51 18 27 1.754570
18 52 53 53 18 28 1.741186
18 54 55 55 18 29 1.721814
18 56 57 57 18 30 1.700642
18 58 59 59 18 31 1.681813
18 60 61 61 18 32 1.667850
18 62 64 63 18 33 1.648218
18 65 67 66 18 34 1.629070
18 68 70 69 18 35 1.614241
18 71 73 72 18 36 1.595531
18 74 76 75 18 37 1.577718
18 77 79 78 18 38 1.567421
18 80 82 81 18 39 1.555541
18 83 85 84 18 40 1.541759
18 86 88 87 18 41 1.532650
18 89 91 90 18 42 1.521211
18 92 94 93 18 43 1.510613
18 95 97 96 18 44 1.502631
18 98 100 99 18 45 1.491137
18 101 103 102 18 46 1.480182
18 104 109 107 18 47 1.466633
18 110 115 113 18 48 1.447962
18 116 121 119 18 49 1.432285
18 122 127 125 18 50 1.415101
18 128 133 131 18 51 1.401954
18 134 139 137 18 52 1.387789
18 140 145 143 18 53 1.375453
18 146 151 149 18 54 1.363760
18 152 157 155 18 55 1.353884
18 158 163 161 18 56 1.345864
18 164 169 167 18 57 1.336684
18 170 175 173 18 58 1.329838
18 176 181 179 18 59 1.321796
18 182 187 185 18 60 1.315428
18 188 193 191 18 61 1.311878
18 194 254 224 18 62 1.282881
18 255 255 255 18 63 1.257497
19 0 0 0 19 0 1.000000   # ieta [20], pt 0
19 1 15 8 19 1 2.399251
19 16 16 16 19 2 2.363880
19 17 17 17 19 3 2.328190
19 18 18 18 19 4 2.308897
19 19 19 19 19 5 2.267308
19 20 20 20 19 6 2.256823
19 21 21 21 19 7 2.222796
19 22 22 22 19 8 2.199020
19 23 23 23 19 9 2.168621
19 24 24 24 19 10 2.138611
19 25 25 25 19 11 2.117981
19 26 26 26 19 12 2.093866
19 27 27 27 19 13 2.064141
19 28 28 28 19 14 2.042615
19 29 29 29 19 15 2.026980
19 30 30 30 19 16 2.000962
19 31 31 31 19 17 1.988256
19 32 33 33 19 18 1.951704
19 34 35 35 19 19 1.927320
19 36 37 37 19 20 1.900073
19 38 39 39 19 21 1.872510
19 40 41 41 19 22 1.846092
19 42 43 43 19 23 1.823185
19 44 45 45 19 24 1.795805
19 46 47 47 19 25 1.774472
19 48 49 49 19 26 1.751619
19 50 51 51 19 27 1.733943
19 52 53 53 19 28 1.719967
19 54 55 55 19 29 1.703249
19 56 57 57 19 30 1.684676
19 58 59 59 19 31 1.668314
19 60 61 61 19 32 1.657999
19 62 64 63 19 33 1.638926
19 65 67 66 19 34 1.620622
19 68 70 69 19 35 1.605154
19 71 73 72 19 36 1.587566
19 74 76 75 19 37 1.572358
19 77 79 78 19 38 1.561680
19 80 82 81 19 39 1.549879
19 83 85 84 19 40 1.537084
19 86 88 87 19 41 1.528435
19 89 91 90 19 42 1.517068
19 92 94 93 19 43 1.506957
19 95 97 96 19 44 1.498994
19 98 100 99 19 45 1.487528
19 101 103 102 19 46 1.476600
19 104 109 107 19 47 1.463084
19 110 115 113 19 48 1.444458
19 116 121 119 19 49 1.428853
19 122 127 125 19 50 1.412046
19 128 133 131 19 51 1.400115
19 134 139 137 19 52 1.386463
19 140 145 143 19 53 1.374170
19 146 151 149 19 54 1.362471
19 152 157 155 19 55 1.351979
19 158 163 161 19 56 1.343315
19 164 169 167 19 57 1.334757
19 170 175 173 19 58 1.327920
19 176 181 179 19 59 1.319890
19 182 187 185 19 60 1.313531
19 188 193 191 19 61 1.309986
19 194 254 224 19 62 1.281666
19 255 255 255 19 63 1.255786
20 0 0 0 20 0 1.000000   # ieta [21], pt 0
20 1 15 8 20 1 2.487938
20 16 16 16 20 2 2.431844
20 17 17 17 20 3 2.384093
20 18 18 18 20 4 2.356849
20 19 19 19 20 5 2.312850
20 20 20 20 20 6 2.295623
20 21 21 21 20 7 2.258795
20 22 22 22 20 8 2.232540
20 23 23 23 20 9 2.201677
20 24 24 24 20 10 2.166411
20 25 25 25 20 11 2.145512
20 26 26 26 20 12 2.116463
20 27 27 27 20 13 2.078227
20 28 28 28 20 14 2.056555
20 29 29 29 20 15 2.038550
20 30 30 30 20 16 2.012383
20 31 31 31 20 17 1.998319
20 32 33 33 20 18 1.960330
20 34 35 35 20 19 1.932582
20 36 37 37 20 20 1.901358
20 38 39 39 20 21 1.873776
20 40 41 41 20 22 1.847340
20 42 43 43 20 23 1.824200
20 44 45 45 20 24 1.796222
20 46 47 47 20 25 1.774277
20 48 49 49 20 26 1.751394
20 50 51 51 20 27 1.733687
20 52 53 53 20 28 1.719262
20 54 55 55 20 29 1.702473
20 56 57 57 20 30 1.683831
20 58 59 59 20 31 1.667477
20 60 61 61 20 32 1.657174
20 62 64 63 20 33 1.638183
20 65 67 66 20 34 1.619828
20 68 70 69 20 35 1.603993
20 71 73 72 20 36 1.586640
20 74 76 75 20 37 1.570678
20 77 79 78 20 38 1.557278
20 80 82 81 20 39 1.544147
20 83 85 84 20 40 1.531597
20 86 88 87 20 41 1.523078
20 89 91 90 20 42 1.511751
20 92 94 93 20 43 1.501676
20 95 97 96 20 44 1.493741
20 98 100 99 20 45 1.482315
20 101 103 102 20 46 1.471425
20 104 109 107 20 47 1.458077
20 110 115 113 20 48 1.440114
20 116 121 119 20 49 1.424556
20 122 127 125 20 50 1.407800
20 128 133 131 20 51 1.395905
20 134 139 137 20 52 1.382672
20 140 145 143 20 53 1.370789
20 146 151 149 20 54 1.359118
20 152 157 155 20 55 1.349677
20 158 163 161 20 56 1.341775
20 164 169 167 20 57 1.331843
20 170 175 173 20 58 1.325021
20 176 181 179 20 59 1.317008
20 182 187 185 20 60 1.310663
20 188 193 191 20 61 1.307126
20 194 254 224 20 62 1.279290
20 255 255 255 20 63 1.253422
21 0 0 0 21 0 1.000000   # ieta [22], pt 0
21 1 15 8 21 1 2.429328
21 16 16 16 21 2 2.377239
21 17 17 17 21 3 2.338786
21 18 18 18 21 4 2.316087
21 19 19 19 21 5 2.264775
21 20 20 20 21 6 2.244167
21 21 21 21 21 7 2.208164
21 22 22 22 21 8 2.177174
21 23 23 23 21 9 2.147076
21 24 24 24 21 10 2.115040
21 25 25 25 21 11 2.080833
21 26 26 26 21 12 2.052763
21 27 27 27 21 13 2.022614
21 28 28 28 21 14 2.001521
21 29 29 29 21 15 1.986639
21 30 30 30 21 16 1.960067
21 31 31 31 21 17 1.946067
21 32 33 33 21 18 1.910582
21 34 35 35 21 19 1.888125
21 36 37 37 21 20 1.856317
21 38 39 39 21 21 1.829438
21 40 41 41 21 22 1.805653
21 42 43 43 21 23 1.787724
21 44 45 45 21 24 1.761842
21 46 47 47 21 25 1.742137
21 48 49 49 21 26 1.721514
21 50 51 51 21 27 1.704144
21 52 53 53 21 28 1.688601
21 54 55 55 21 29 1.675913
21 56 57 57 21 30 1.664186
21 58 59 59 21 31 1.650090
21 60 61 61 21 32 1.638706
21 62 64 63 21 33 1.620399
21 65 67 66 21 34 1.601652
21 68 70 69 21 35 1.580578
21 71 73 72 21 36 1.564287
21 74 76 75 21 37 1.548868
21 77 79 78 21 38 1.536352
21 80 82 81 21 39 1.521841
21 83 85 84 21 40 1.507273
21 86 88 87 21 41 1.493126
21 89 91 90 21 42 1.479221
21 92 94 93 21 43 1.469676
21 95 97 96 21 44 1.461799
21 98 100 99 21 45 1.451717
21 101 103 102 21 46 1.439718
21 104 109 107 21 47 1.425977
21 110 115 113 21 48 1.409743
21 116 121 119 21 49 1.395746
21 122 127 125 21 50 1.379948
21 128 133 131 21 51 1.369730
21 134 139 137 21 52 1.359474
21 140 145 143 21 53 1.347790
21 146 151 149 21 54 1.336316
21 152 157 155 21 55 1.327033
21 158 163 161 21 56 1.319263
21 164 169 167 21 57 1.309498
21 170 175 173 21 58 1.303324
21 176 181 179 21 59 1.296031
21 182 187 185 21 60 1.290070
21 188 193 191 21 61 1.284402
21 194 254 224 21 62 1.256631
21 255 255 255 21 63 1.235945
22 0 0 0 22 0 1.000000   # ieta [23], pt 0
22 1 15 8 22 1 2.330303
22 16 16 16 22 2 2.284554
22 17 17 17 22 3 2.251027
22 18 18 18 22 4 2.229039
22 19 19 19 22 5 2.175608
22 20 20 20 22 6 2.156507
22 21 21 21 22 7 2.125198
22 22 22 22 22 8 2.091596
22 23 23 23 22 9 2.067601
22 24 24 24 22 10 2.041506
22 25 25 25 22 11 2.018161
22 26 26 26 22 12 1.990937
22 27 27 27 22 13 1.961696
22 28 28 28 22 14 1.941353
22 29 29 29 22 15 1.923615
22 30 30 30 22 16 1.898680
22 31 31 31 22 17 1.882692
22 32 33 33 22 18 1.848003
22 34 35 35 22 19 1.827412
22 36 37 37 22 20 1.803867
22 38 39 39 22 21 1.776342
22 40 41 41 22 22 1.755716
22 42 43 43 22 23 1.739878
22 44 45 45 22 24 1.714640
22 46 47 47 22 25 1.695700
22 48 49 49 22 26 1.677382
22 50 51 51 22 27 1.658991
22 52 53 53 22 28 1.643860
22 54 55 55 22 29 1.626393
22 56 57 57 22 30 1.609428
22 58 59 59 22 31 1.594689
22 60 61 61 22 32 1.586090
22 62 64 63 22 33 1.565431
22 65 67 66 22 34 1.548612
22 68 70 69 22 35 1.529328
22 71 73 72 22 36 1.509544
22 74 76 75 22 37 1.498252
22 77 79 78 22 38 1.487290
22 80 82 81 22 39 1.475848
22 83 85 84 22 40 1.462572
22 86 88 87 22 41 1.457951
22 89 91 90 22 42 1.440557
22 92 94 93 22 43 1.428854
22 95 97 96 22 44 1.416383
22 98 100 99 22 45 1.407450
22 101 103 102 22 46 1.395818
22 104 109 107 22 47 1.386625
22 110 115 113 22 48 1.374140
22 116 121 119 22 49 1.358173
22 122 127 125 22 50 1.351250
22 128 133 131 22 51 1.341669
22 134 139 137 22 52 1.331586
22 140 145 143 22 53 1.320777
22 146 151 149 22 54 1.311034
22 152 157 155 22 55 1.302961
22 158 163 161 22 56 1.296079
22 164 169 167 22 57 1.287521
22 170 175 173 22 58 1.278296
22 176 181 179 22 59 1.272456
22 182 187 185 22 60 1.264487
22 188 193 191 22 61 1.259657
22 194 254 224 22 62 1.233067
22 255 255 255 22 63 1.215415
23 0 0 0 23 0 1.000000   # ieta [24], pt 0
23 1 15 8 23 1 1.993786
23 16 16 16 23 2 1.952728
23 17 17 17 23 3 1.930117
23 18 18 18 23 4 1.910907
23 19 19 19 23 5 1.853598
23 20 20 20 23 6 1.852129
23 21 21 21 23 7 1.822164
23 22 22 22 23 8 1.796469
23 23 23 23 23 9 1.771265
23 24 24 24 23 10 1.762029
23 25 25 25 23 11 1.755236
23 26 26 26 23 12 1.733975
23 27 27 27 23 13 1.730039
23 28 28 28 23 14 1.714573
23 29 29 29 23 15 1.705260
23 30 30 30 23 16 1.686751
23 31 31 31 23 17 1.678752
23 32 33 33 23 18 1.656993
23 34 35 35 23 19 1.640319
23 36 37 37 23 20 1.626755
23 38 39 39 23 21 1.611088
23 40 41 41 23 22 1.603848
23 42 43 43 23 23 1.595752
23 44 45 45 23 24 1.569278
23 46 47 47 23 25 1.552559
23 48 49 49 23 26 1.538631
23 50 51 51 23 27 1.523192
23 52 53 53 23 28 1.515204
23 54 55 55 23 29 1.495233
23 56 57 57 23 30 1.483723
23 58 59 59 23 31 1.476034
23 60 61 61 23 32 1.468075
23 62 64 63 23 33 1.454689
23 65 67 66 23 34 1.443601
23 68 70 69 23 35 1.429604
23 71 73 72 23 36 1.411906
23 74 76 75 23 37 1.405468
23 77 79 78 23 38 1.395390
23 80 82 81 23 39 1.387216
23 83 85 84 23 40 1.376869
23 86 88 87 23 41 1.369139
23 89 91 90 23 42 1.357137
23 92 94 93 23 43 1.352403
23 95 97 96 23 44 1.345475
23 98 100 99 23 45 1.338917
23 101 103 102 23 46 1.331265
23 104 109 107 23 47 1.323972
23 110 115 113 23 48 1.314042
23 116 121 119 23 49 1.303619
23 122 127 125 23 50 1.296905
23 128 133 131 23 51 1.288126
23 134 139 137 23 52 1.281059
23 140 145 143 23 53 1.268501
23 146 151 149 23 54 1.261771
23 152 157 155 23 55 1.252813
23 158 163 161 23 56 1.247318
23 164 169 167 23 57 1.240908
23 170 175 173 23 58 1.233471
23 176 181 179 23 59 1.229904
23 182 187 185 23 60 1.223684
23 188 193 191 23 61 1.219010
23 194 254 224 23 62 1.194122
23 255 255 255 23 63 1.177954
24 0 0 0 24 0 1.000000   # ieta [25], pt 0
24 1 15 8 24 1 1.965770
24 16 16 16 24 2 1.921528
24 17 17 17 24 3 1.891608
24 18 18 18 24 4 1.872781
24 19 19 19 24 5 1.835693
24 20 20 20 24 6 1.826872
24 21 21 21 24 7 1.795320
24 22 22 22 24 8 1.777906
24 23 23 23 24 9 1.753558
24 24 24 24 24 10 1.735967
24 25 25 25 24 11 1.726946
24 26 26 26 24 12 1.706478
24 27 27 27 24 13 1.703572
24 28 28 28 24 14 1.695999
24 29 29 29 24 15 1.686787
24 30 30 30 24 16 1.668479
24 31 31 31 24 17 1.659109
24 32 33 33 24 18 1.638851
24 34 35 35 24 19 1.624783
24 36 37 37 24 20 1.611414
24 38 39 39 24 21 1.596452
24 40 41 41 24 22 1.589837
24 42 43 43 24 23 1.576898
24 44 45 45 24 24 1.552101
24 46 47 47 24 25 1.535583
24 48 49 49 24 26 1.521807
24 50 51 51 24 27 1.511455
24 52 53 53 24 28 1.503529
24 54 55 55 24 29 1.485951
24 56 57 57 24 30 1.474513
24 58 59 59 24 31 1.462532
24 60 61 61 24 32 1.455940
24 62 64 63 24 33 1.445057
24 65 67 66 24 34 1.434438
24 68 70 69 24 35 1.420308
24 71 73 72 24 36 1.401920
24 74 76 75 24 37 1.392519
24 77 79 78 24 38 1.382138
24 80 82 81 24 39 1.373844
24 83 85 84 24 40 1.362420
24 86 88 87 24 41 1.353342
24 89 91 90 24 42 1.342101
24 92 94 93 24 43 1.334483
24 95 97 96 24 44 1.328411
24 98 100 99 24 45 1.321532
24 101 103 102 24 46 1.314085
24 104 109 107 24 47 1.306969
24 110 115 113 24 48 1.296693
24 116 121 119 24 49 1.286226
24 122 127 125 24 50 1.280181
24 128 133 131 24 51 1.272164
24 134 139 137 24 52 1.266132
24 140 145 143 24 53 1.254316
24 146 151 149 24 54 1.248033
24 152 157 155 24 55 1.240017
24 158 163 161 24 56 1.233270
24 164 169 167 24 57 1.228082
24 170 175 173 24 58 1.219278
24 176 181 179 24 59 1.215533
24 182 187 185 24 60 1.209325
24 188 193 191 24 61 1.204669
24 194 254 224 24 62 1.185101
24 255 255 255 24 63 1.170476
25 0 0 0 25 0 1.000000   # ieta [26], pt 0
25 1 15 8 25 1 1.965089
25 16 16 16 25 2 1.920970
25 17 17 17 25 3 1.883900
25 18 18 18 25 4 1.871022
25 19 19 19 25 5 1.830095
25 20 20 20 25 6 1.817526
25 21 21 21 25 7 1.787757
25 22 22 22 25 8 1.769045
25 23 23 23 25 9 1.743567
25 24 24 24 25 10 1.727281
25 25 25 25 25 11 1.717908
25 26 26 26 25 12 1.694911
25 27 27 27 25 13 1.692550
25 28 28 28 25 14 1.685026
25 29 29 29 25 15 1.675874
25 30 30 30 25 16 1.657684
25 31 31 31 25 17 1.646137
25 32 33 33 25 18 1.628007
25 34 35 35 25 19 1.612294
25 36 37 37 25 20 1.594577
25 38 39 39 25 21 1.577481
25 40 41 41 25 22 1.565802
25 42 43 43 25 23 1.548120
25 44 45 45 25 24 1.520098
25 46 47 47 25 25 1.505423
25 48 49 49 25 26 1.494034
25 50 51 51 25 27 1.482877
25 52 53 53 25 28 1.476501
25 54 55 55 25 29 1.456844
25 56 57 57 25 30 1.442457
25 58 59 59 25 31 1.428978
25 60 61 61 25 32 1.422489
25 62 64 63 25 33 1.414856
25 65 67 66 25 34 1.404691
25 68 70 69 25 35 1.394042
25 71 73 72 25 36 1.380352
25 74 76 75 25 37 1.371283
25 77 79 78 25 38 1.360320
25 80 82 81 25 39 1.351380
25 83 85 84 25 40 1.340933
25 86 88 87 25 41 1.331027
25 89 91 90 25 42 1.315669
25 92 94 93 25 43 1.308680
25 95 97 96 25 44 1.304585
25 98 100 99 25 45 1.295839
25 101 103 102 25 46 1.285940
25 104 109 107 25 47 1.278414
25 110 115 113 25 48 1.266259
25 116 121 119 25 49 1.256402
25 122 127 125 25 50 1.245673
25 128 133 131 25 51 1.239717
25 134 139 137 25 52 1.235941
25 140 145 143 25 53 1.222235
25 146 151 149 25 54 1.214608
25 152 157 155 25 55 1.207110
25 158 163 161 25 56 1.202149
25 164 169 167 25 57 1.196816
25 170 175 173 25 58 1.190509
25 176 181 179 25 59 1.188629
25 182 187 185 25 60 1.183236
25 188 193 191 25 61 1.178582
25 194 254 224 25 62 1.158149
25 255 255 255 25 63 1.145246
26 0 0 0 26 0 1.000000   # ieta [27], pt 0
26 1 15 8 26 1 2.078025
26 16 16 16 26 2 1.999053
26 17 17 17 26 3 1.960476
26 18 18 18 26 4 1.939248
26 19 19 19 26 5 1.889153
26 20 20 20 26 6 1.836241
26 21 21 21 26 7 1.812619
26 22 22 22 26 8 1.788015
26 23 23 23 26 9 1.755316
26 24 24 24 26 10 1.738920
26 25 25 25 26 11 1.725290
26 26 26 26 26 12 1.701854
26 27 27 27 26 13 1.698180
26 28 28 28 26 14 1.691247
26 29 29 29 26 15 1.682061
26 30 30 30 26 16 1.663805
26 31 31 31 26 17 1.647576
26 32 33 33 26 18 1.629331
26 34 35 35 26 19 1.613387
26 36 37 37 26 20 1.590340
26 38 39 39 26 21 1.573289
26 40 41 41 26 22 1.561641
26 42 43 43 26 23 1.544295
26 44 45 45 26 24 1.514986
26 46 47 47 26 25 1.497345
26 48 49 49 26 26 1.485106
26 50 51 51 26 27 1.473520
26 52 53 53 26 28 1.459918
26 54 55 55 26 29 1.433687
26 56 57 57 26 30 1.415382
26 58 59 59 26 31 1.398613
26 60 61 61 26 32 1.392261
26 62 64 63 26 33 1.386120
26 65 67 66 26 34 1.376149
26 68 70 69 26 35 1.363888
26 71 73 72 26 36 1.350797
26 74 76 75 26 37 1.338503
26 77 79 78 26 38 1.326538
26 80 82 81 26 39 1.319060
26 83 85 84 26 40 1.311762
26 86 88 87 26 41 1.302981
26 89 91 90 26 42 1.288765
26 92 94 93 26 43 1.278620
26 95 97 96 26 44 1.268250
26 98 100 99 26 45 1.255359
26 101 103 102 26 46 1.240386
26 104 109 107 26 47 1.229058
26 110 115 113 26 48 1.215532
26 116 121 119 26 49 1.206540
26 122 127 125 26 50 1.197006
26 128 133 131 26 51 1.190267
26 134 139 137 26 52 1.185676
26 140 145 143 26 53 1.175670
26 146 151 149 26 54 1.169104
26 152 157 155 26 55 1.162544
26 158 163 161 26 56 1.159277
26 164 169 167 26 57 1.156372
26 170 175 173 26 58 1.150644
26 176 181 179 26 59 1.147337
26 182 187 185 26 60 1.142220
26 188 193 191 26 61 1.137937
26 194 254 224 26 62 1.116501
26 255 255 255 26 63 1.103931
27 0 0 0 27 0 1.000000   # ieta [28], pt 0
27 1 15 8 27 1 1.794288
27 16 16 16 27 2 1.716017
27 17 17 17 27 3 1.676994
27 18 18 18 27 4 1.660220
27 19 19 19 27 5 1.612761
27 20 20 20 27 6 1.600407
27 21 21 21 27 7 1.564728
27 22 22 22 27 8 1.553012
27 23 23 23 27 9 1.531307
27 24 24 24 27 10 1.508498
27 25 25 25 27 11 1.493523
27 26 26 26 27 12 1.483880
27 27 27 27 27 13 1.477704
27 28 28 28 27 14 1.477101
27 29 29 29 27 15 1.466636
27 30 30 30 27 16 1.463028
27 31 31 31 27 17 1.458365
27 32 33 33 27 18 1.451159
27 34 35 35 27 19 1.439505
27 36 37 37 27 20 1.424789
27 38 39 39 27 21 1.420478
27 40 41 41 27 22 1.415484
27 42 43 43 27 23 1.405715
27 44 45 45 27 24 1.394625
27 46 47 47 27 25 1.383678
27 48 49 49 27 26 1.371777
27 50 51 51 27 27 1.362357
27 52 53 53 27 28 1.352001
27 54 55 55 27 29 1.340294
27 56 57 57 27 30 1.333045
27 58 59 59 27 31 1.319564
27 60 61 61 27 32 1.314087
27 62 64 63 27 33 1.310330
27 65 67 66 27 34 1.301772
27 68 70 69 27 35 1.288415
27 71 73 72 27 36 1.271806
27 74 76 75 27 37 1.261499
27 77 79 78 27 38 1.251141
27 80 82 81 27 39 1.245452
27 83 85 84 27 40 1.236765
27 86 88 87 27 41 1.225890
27 89 91 90 27 42 1.211935
27 92 94 93 27 43 1.202615
27 95 97 96 27 44 1.197014
27 98 100 99 27 45 1.190357
27 101 103 102 27 46 1.182424
27 104 109 107 27 47 1.173900
27 110 115 113 27 48 1.160070
27 116 121 119 27 49 1.149997
27 122 127 125 27 50 1.138430
27 128 133 131 27 51 1.131850
27 134 139 137 27 52 1.128495
27 140 145 143 27 53 1.119396
27 146 151 149 27 54 1.112604
27 152 157 155 27 55 1.109610
27 158 163 161 27 56 1.105877
27 164 169 167 27 57 1.101649
27 170 175 173 27 58 1.093377
27 176 181 179 27 59 1.090080
27 182 187 185 27 60 1.083572
27 188 193 191 27 61 1.080799
27 194 254 224 27 62 1.061055
27 255 255 255 27 63 1.050299
28 0 0 0 28 0 1.000000   # ieta [29], pt 0
28 1 15 8 28 1 1.475167
28 16 16 16 28 2 1.412854
28 17 17 17 28 3 1.371468
28 18 18 18 28 4 1.334859
28 19 19 19 28 5 1.313060
28 20 20 20 28 6 1.287151
28 21 21 21 28 7 1.252882
28 22 22 22 28 8 1.236721
28 23 23 23 28 9 1.229551
28 24 24 24 28 10 1.218107
28 25 25 25 28 11 1.218902
28 26 26 26 28 12 1.222206
28 27 27 27 28 13 1.223794
28 28 28 28 28 14 1.224556
28 29 29 29 28 15 1.216643
28 30 30 30 28 16 1.210187
28 31 31 31 28 17 1.205218
28 32 33 33 28 18 1.200269
28 34 35 35 28 19 1.198256
28 36 37 37 28 20 1.195646
28 38 39 39 28 21 1.194922
28 40 41 41 28 22 1.194136
28 42 43 43 28 23 1.191658
28 44 45 45 28 24 1.188173
28 46 47 47 28 25 1.183979
28 48 49 49 28 26 1.177171
28 50 51 51 28 27 1.174254
28 52 53 53 28 28 1.172521
28 54 55 55 28 29 1.167970
28 56 57 57 28 30 1.165460
28 58 59 59 28 31 1.163859
28 60 61 61 28 32 1.162366
28 62 64 63 28 33 1.162670
28 65 67 66 28 34 1.162713
28 68 70 69 28 35 1.160137
28 71 73 72 28 36 1.158869
28 74 76 75 28 37 1.156726
28 77 79 78 28 38 1.156489
28 80 82 81 28 39 1.151289
28 83 85 84 28 40 1.141540
28 86 88 87 28 41 1.142143
28 89 91 90 28 42 1.137459
28 92 94 93 28 43 1.135512
28 95 97 96 28 44 1.130855
28 98 100 99 28 45 1.120979
28 101 103 102 28 46 1.115082
28 104 109 107 28 47 1.108117
28 110 115 113 28 48 1.106641
28 116 121 119 28 49 1.100412
28 122 127 125 28 50 1.095490
28 128 133 131 28 51 1.090563
28 134 139 137 28 52 1.084453
28 140 145 143 28 53 1.077681
28 146 151 149 28 54 1.073840
28 152 157 155 28 55 1.072502
28 158 163 161 28 56 1.072635
28 164 169 167 28 57 1.071795
28 170 175 173 28 58 1.067025
28 176 181 179 28 59 1.065247
28 182 187 185 28 60 1.060733
28 188 193 191 28 61 1.059410
28 194 254 224 28 62 1.046029
28 255 255 255 28 63 1.036080
29 0 0 0 29 0 1.000000   # ieta [30], pt 0
29 1 15 8 29 1 1.319944
29 16 16 16 29 2 1.251391
29 17 17 17 29 3 1.216213
29 18 18 18 29 4 1.175814
29 19 19 19 29 5 1.148093
29 20 20 20 29 6 1.131913
29 21 21 21 29 7 1.099456
29 22 22 22 29 8 1.086661
29 23 23 23 29 9 1.066860
29 24 24 24 29 10 1.037138
29 25 25 25 29 11 1.027106
29 26 26 26 29 12 1.032035
29 27 27 27 29 13 1.034822
29 28 28 28 29 14 1.036673
29 29 29 29 29 15 1.038086
29 30 30 30 29 16 1.040669
29 31 31 31 29 17 1.037662
29 32 33 33 29 18 1.020987
29 34 35 35 29 19 1.014270
29 36 37 37 29 20 1.012172
29 38 39 39 29 21 1.010216
29 40 41 41 29 22 1.010732
29 42 43 43 29 23 1.010779
29 44 45 45 29 24 1.010793
29 46 47 47 29 25 1.010449
29 48 49 49 29 26 1.009453
29 50 51 51 29 27 1.007914
29 52 53 53 29 28 1.007465
29 54 55 55 29 29 1.009232
29 56 57 57 29 30 1.007107
29 58 59 59 29 31 1.005823
29 60 61 61 29 32 1.006383
29 62 64 63 29 33 1.007137
29 65 67 66 29 34 1.007179
29 68 70 69 29 35 1.007179
29 71 73 72 29 36 1.007199
29 74 76 75 29 37 1.005056
29 77 79 78 29 38 1.004820
29 80 82 81 29 39 1.004250
29 83 85 84 29 40 1.000389
29 86 88 87 29 41 0.998491
29 89 91 90 29 42 0.993906
29 92 94 93 29 43 0.993906
29 95 97 96 29 44 0.989836
29 98 100 99 29 45 0.988637
29 101 103 102 29 46 0.988168
29 104 109 107 29 47 0.986478
29 110 115 113 29 48 0.985918
29 116 121 119 29 49 0.984685
29 122 127 125 29 50 0.978313
29 128 133 131 29 51 0.975923
29 134 139 137 29 52 0.973979
29 140 145 143 29 53 0.972558
29 146 151 149 29 54 0.972103
29 152 157 155 29 55 0.971003
29 158 163 161 29 56 0.970552
29 164 169 167 29 57 0.970264
29 170 175 173 29 58 0.970207
29 176 181 179 29 59 0.970164
29 182 187 185 29 60 0.969804
29 188 193 191 29 61 0.967429
29 194 254 224 29 62 0.958128
29 255 255 255 29 63 0.952246
30 0 0 0 30 0 1.000000   # ieta [31], pt 0
30 1 15 8 30 1 1.242803
30 16 16 16 30 2 1.189437
30 17 17 17 30 3 1.145514
30 18 18 18 30 4 1.100640
30 19 19 19 30 5 1.077981
30 20 20 20 30 6 1.071124
30 21 21 21 30 7 1.035598
30 22 22 22 30 8 1.020082
30 23 23 23 30 9 0.998947
30 24 24 24 30 10 0.988630
30 25 25 25 30 11 0.981963
30 26 26 26 30 12 0.986261
30 27 27 27 30 13 0.987897
30 28 28 28 30 14 0.991064
30 29 29 29 30 15 0.990226
30 30 30 30 30 16 0.990107
30 31 31 31 30 17 0.987100
30 32 33 33 30 18 0.978237
30 34 35 35 30 19 0.964981
30 36 37 37 30 20 0.963690
30 38 39 39 30 21 0.962110
30 40 41 41 30 22 0.962626
30 42 43 43 30 23 0.962673
30 44 45 45 30 24 0.962688
30 46 47 47 30 25 0.962344
30 48 49 49 30 26 0.962033
30 50 51 51 30 27 0.962159
30 52 53 53 30 28 0.962528
30 54 55 55 30 29 0.966026
30 56 57 57 30 30 0.964500
30 58 59 59 30 31 0.964964
30 60 61 61 30 32 0.965524
30 62 64 63 30 33 0.968563
30 65 67 66 30 34 0.968606
30 68 70 69 30 35 0.968606
30 71 73 72 30 36 0.968991
30 74 76 75 30 37 0.971662
30 77 79 78 30 38 0.972046
30 80 82 81 30 39 0.973238
30 83 85 84 30 40 0.972996
30 86 88 87 30 41 0.972079
30 89 91 90 30 42 0.969201
30 92 94 93 30 43 0.969615
30 95 97 96 30 44 0.968243
30 98 100 99 30 45 0.967522
30 101 103 102 30 46 0.967053
30 104 109 107 30 47 0.966116
30 110 115 113 30 48 0.966190
30 116 121 119 30 49 0.965012
30 122 127 125 30 50 0.960078
30 128 133 131 30 51 0.958089
30 134 139 137 30 52 0.956084
30 140 145 143 30 53 0.954397
30 146 151 149 30 54 0.954313
30 152 157 155 30 55 0.954150
30 158 163 161 30 56 0.953699
30 164 169 167 30 57 0.953466
30 170 175 173 30 58 0.953420
30 176 181 179 30 59 0.953377
30 182 187 185 30 60 0.953331
30 188 193 191 30 61 0.951600
30 194 254 224 30 62 0.943308
30 255 255 255 30 63 0.937178
31 0 0 0 31 0 1.000000   # ieta [32], pt 0
31 1 15 8 31 1 1.164049
31 16 16 16 31 2 1.111750
31 17 17 17 31 3 1.071140
31 18 18 18 31 4 1.026517
31 19 19 19 31 5 1.003858
31 20 20 20 31 6 0.997001
31 21 21 21 31 7 0.977996
31 22 22 22 31 8 0.964908
31 23 23 23 31 9 0.939703
31 24 24 24 31 10 0.929386
31 25 25 25 31 11 0.923491
31 26 26 26 31 12 0.913234
31 27 27 27 31 13 0.906449
31 28 28 28 31 14 0.899694
31 29 29 29 31 15 0.893671
31 30 30 30 31 16 0.890589
31 31 31 31 31 17 0.888806
31 32 33 33 31 18 0.866067
31 34 35 35 31 19 0.845660
31 36 37 37 31 20 0.843560
31 38 39 39 31 21 0.847287
31 40 41 41 31 22 0.850969
31 42 43 43 31 23 0.851985
31 44 45 45 31 24 0.851999
31 46 47 47 31 25 0.851999
31 48 49 49 31 26 0.852870
31 50 51 51 31 27 0.853849
31 52 53 53 31 28 0.853464
31 54 55 55 31 29 0.856038
31 56 57 57 31 30 0.855203
31 58 59 59 31 31 0.859807
31 60 61 61 31 32 0.860366
31 62 64 63 31 33 0.865664
31 65 67 66 31 34 0.867781
31 68 70 69 31 35 0.871930
31 71 73 72 31 36 0.873458
31 74 76 75 31 37 0.879880
31 77 79 78 31 38 0.883209
31 80 82 81 31 39 0.887485
31 83 85 84 31 40 0.887031
31 86 88 87 31 41 0.886465
31 89 91 90 31 42 0.883025
31 92 94 93 31 43 0.883439
31 95 97 96 31 44 0.886123
31 98 100 99 31 45 0.888408
31 101 103 102 31 46 0.888701
31 104 109 107 31 47 0.890331
31 110 115 113 31 48 0.891220
31 116 121 119 31 49 0.890041
31 122 127 125 31 50 0.885236
31 128 133 131 31 51 0.884661
31 134 139 137 31 52 0.884194
31 140 145 143 31 53 0.882519
31 146 151 149 31 54 0.882448
31 152 157 155 31 55 0.882284
31 158 163 161 31 56 0.881833
31 164 169 167 31 57 0.881601
31 170 175 173 31 58 0.881554
31 176 181 179 31 59 0.881512
31 182 187 185 31 60 0.881465
31 188 193 191 31 61 0.880054
31 194 254 224 31 62 0.872720
31 255 255 255 31 63 0.866871
32 0 0 0 32 0 1.000000   # ieta [33], pt 0
32 1 15 8 32 1 1.240672
32 16 16 16 32 2 1.187305
32 17 17 17 32 3 1.146696
32 18 18 18 32 4 1.102072
32 19 19 19 32 5 1.079414
32 20 20 20 32 6 1.072745
32 21 21 21 32 7 1.040282
32 22 22 22 32 8 1.023979
32 23 23 23 32 9 1.001783
32 24 24 24 32 10 0.991465
32 25 25 25 32 11 0.984092
32 26 26 26 32 12 0.976465
32 27 27 27 32 13 0.969986
32 28 28 28 32 14 0.965965
32 29 29 29 32 15 0.962488
32 30 30 30 32 16 0.958352
32 31 31 31 32 17 0.950568
32 32 33 33 32 18 0.940888
32 34 35 35 32 19 0.933104
32 36 37 37 32 20 0.930408
32 38 39 39 32 21 0.929219
32 40 41 41 32 22 0.927658
32 42 43 43 32 23 0.926572
32 44 45 45 32 24 0.926586
32 46 47 47 32 25 0.926586
32 48 49 49 32 26 0.927170
32 50 51 51 32 27 0.927581
32 52 53 53 32 28 0.927756
32 54 55 55 32 29 0.929078
32 56 57 57 32 30 0.927680
32 58 59 59 32 31 0.925079
32 60 61 61 32 32 0.925638
32 62 64 63 32 33 0.926691
32 65 67 66 32 34 0.926733
32 68 70 69 32 35 0.926733
32 71 73 72 32 36 0.926637
32 74 76 75 32 37 0.923690
32 77 79 78 32 38 0.921814
32 80 82 81 32 39 0.921015
32 83 85 84 32 40 0.920150
32 86 88 87 32 41 0.919903
32 89 91 90 32 42 0.917025
32 92 94 93 32 43 0.917439
32 95 97 96 32 44 0.917166
32 98 100 99 32 45 0.916118
32 101 103 102 32 46 0.915115
32 104 109 107 32 47 0.914255
32 110 115 113 32 48 0.912429
32 116 121 119 32 49 0.910577
32 122 127 125 32 50 0.902470
32 128 133 131 32 51 0.901478
32 134 139 137 32 52 0.901011
32 140 145 143 32 53 0.897126
32 146 151 149 32 54 0.893087
32 152 157 155 32 55 0.888868
32 158 163 161 32 56 0.887817
32 164 169 167 32 57 0.884675
32 170 175 173 32 58 0.884286
32 176 181 179 32 59 0.884244
32 182 187 185 32 60 0.883244
32 188 193 191 32 61 0.881967
32 194 254 224 32 62 0.886246
32 255 255 255 32 63 0.897544
33 0 0 0 33 0 1.000000   # ieta [34], pt 0
33 1 15 8 33 1 1.203433
33 16 16 16 33 2 1.151300
33 17 17 17 33 3 1.110690
33 18 18 18 33 4 1.077999
33 19 19 19 33 5 1.055340
33 20 20 20 33 6 1.049228
33 21 21 21 33 7 1.021432
33 22 22 22 33 8 1.011707
33 23 23 23 33 9 0.987794
33 24 24 24 33 10 0.977476
33 25 25 25 33 11 0.970103
33 26 26 26 33 12 0.962772
33 27 27 27 33 13 0.956467
33 28 28 28 33 14 0.952446
33 29 29 29 33 15 0.948970
33 30 30 30 33 16 0.944833
33 31 31 31 33 17 0.937050
33 32 33 33 33 18 0.923840
33 34 35 35 33 19 0.908942
33 36 37 37 33 20 0.904041
33 38 39 39 33 21 0.903243
33 40 41 41 33 22 0.902583
33 42 43 43 33 23 0.901307
33 44 45 45 33 24 0.901321
33 46 47 47 33 25 0.901321
33 48 49 49 33 26 0.901905
33 50 51 51 33 27 0.902405
33 52 53 53 33 28 0.902669
33 54 55 55 33 29 0.903757
33 56 57 57 33 30 0.902126
33 58 59 59 33 31 0.903633
33 60 61 61 33 32 0.904192
33 62 64 63 33 33 0.907484
33 65 67 66 33 34 0.907526
33 68 70 69 33 35 0.907526
33 71 73 72 33 36 0.907430
33 74 76 75 33 37 0.904551
33 77 79 78 33 38 0.902339
33 80 82 81 33 39 0.901354
33 83 85 84 33 40 0.900985
33 86 88 87 33 41 0.900985
33 89 91 90 33 42 0.898106
33 92 94 93 33 43 0.898521
33 95 97 96 33 44 0.898521
33 98 100 99 33 45 0.898521
33 101 103 102 33 46 0.898521
33 104 109 107 33 47 0.897242
33 110 115 113 33 48 0.895295
33 116 121 119 33 49 0.893444
33 122 127 125 33 50 0.885337
33 128 133 131 33 51 0.884345
33 134 139 137 33 52 0.883878
33 140 145 143 33 53 0.879992
33 146 151 149 33 54 0.875953
33 152 157 155 33 55 0.871734
33 158 163 161 33 56 0.870684
33 164 169 167 33 57 0.867542
33 170 175 173 33 58 0.867153
33 176 181 179 33 59 0.867110
33 182 187 185 33 60 0.866110
33 188 193 191 33 61 0.864833
33 194 254 224 33 62 0.869112
33 255 255 255 33 63 0.880410
34 0 0 0 34 0 1.000000   # ieta [35], pt 0
34 1 15 8 34 1 1.200550
34 16 16 16 34 2 1.148417
34 17 17 17 34 3 1.111134
34 18 18 18 34 4 1.080118
34 19 19 19 34 5 1.057459
34 20 20 20 34 6 1.051346
34 21 21 21 34 7 1.023550
34 22 22 22 34 8 1.013825
34 23 23 23 34 9 0.989912
34 24 24 24 34 10 0.979594
34 25 25 25 34 11 0.972221
34 26 26 26 34 12 0.964890
34 27 27 27 34 13 0.958585
34 28 28 28 34 14 0.954564
34 29 29 29 34 15 0.951088
34 30 30 30 34 16 0.946951
34 31 31 31 34 17 0.939168
34 32 33 33 34 18 0.925876
34 34 35 35 34 19 0.910894
34 36 37 37 34 20 0.905993
34 38 39 39 34 21 0.905195
34 40 41 41 34 22 0.904535
34 42 43 43 34 23 0.903260
34 44 45 45 34 24 0.903274
34 46 47 47 34 25 0.903274
34 48 49 49 34 26 0.903857
34 50 51 51 34 27 0.904358
34 52 53 53 34 28 0.904622
34 54 55 55 34 29 0.906178
34 56 57 57 34 30 0.905016
34 58 59 59 34 31 0.906523
34 60 61 61 34 32 0.907082
34 62 64 63 34 33 0.910373
34 65 67 66 34 34 0.910416
34 68 70 69 34 35 0.910416
34 71 73 72 34 36 0.910090
34 74 76 75 34 37 0.906752
34 77 79 78 34 38 0.904540
34 80 82 81 34 39 0.903555
34 83 85 84 34 40 0.903186
34 86 88 87 34 41 0.903186
34 89 91 90 34 42 0.900307
34 92 94 93 34 43 0.900722
34 95 97 96 34 44 0.900722
34 98 100 99 34 45 0.900722
34 101 103 102 34 46 0.900722
34 104 109 107 34 47 0.898887
34 110 115 113 34 48 0.896663
34 116 121 119 34 49 0.894811
34 122 127 125 34 50 0.886704
34 128 133 131 34 51 0.885712
34 134 139 137 34 52 0.885245
34 140 145 143 34 53 0.881777
34 146 151 149 34 54 0.878154
34 152 157 155 34 55 0.873935
34 158 163 161 34 56 0.872885
34 164 169 167 34 57 0.869743
34 170 175 173 34 58 0.869354
34 176 181 179 34 59 0.869311
34 182 187 185 34 60 0.868311
34 188 193 191 34 61 0.867034
34 194 254 224 34 62 0.870797
34 255 255 255 34 63 0.881631
35 0 0 0 35 0 1.000000   # ieta [36], pt 0
35 1 15 8 35 1 1.159699
35 16 16 16 35 2 1.112303
35 17 17 17 35 3 1.089037
35 18 18 18 35 4 1.070209
35 19 19 19 35 5 1.047550
35 20 20 20 35 6 1.040961
35 21 21 21 35 7 1.009696
35 22 22 22 35 8 0.994878
35 23 23 23 35 9 0.969206
35 24 24 24 35 10 0.958888
35 25 25 25 35 11 0.951028
35 26 26 26 35 12 0.943696
35 27 27 27 35 13 0.937218
35 28 28 28 35 14 0.933600
35 29 29 29 35 15 0.930124
35 30 30 30 35 16 0.925988
35 31 31 31 35 17 0.918204
35 32 33 33 35 18 0.899850
35 34 35 35 35 19 0.881753
35 36 37 37 35 20 0.869425
35 38 39 39 35 21 0.865212
35 40 41 41 35 22 0.864337
35 42 43 43 35 23 0.862901
35 44 45 45 35 24 0.862915
35 46 47 47 35 25 0.862915
35 48 49 49 35 26 0.863670
35 50 51 51 35 27 0.864341
35 52 53 53 35 28 0.864803
35 54 55 55 35 29 0.867347
35 56 57 57 35 30 0.863429
35 58 59 59 35 31 0.854059
35 60 61 61 35 32 0.850699
35 62 64 63 35 33 0.848891
35 65 67 66 35 34 0.849648
35 68 70 69 35 35 0.849908
35 71 73 72 35 36 0.851227
35 74 76 75 35 37 0.855026
35 77 79 78 35 38 0.856429
35 80 82 81 35 39 0.856530
35 83 85 84 35 40 0.856734
35 86 88 87 35 41 0.856734
35 89 91 90 35 42 0.855186
35 92 94 93 35 43 0.858627
35 95 97 96 35 44 0.859154
35 98 100 99 35 45 0.859320
35 101 103 102 35 46 0.859320
35 104 109 107 35 47 0.859477
35 110 115 113 35 48 0.858000
35 116 121 119 35 49 0.856602
35 122 127 125 35 50 0.849546
35 128 133 131 35 51 0.848554
35 134 139 137 35 52 0.848087
35 140 145 143 35 53 0.846844
35 146 151 149 35 54 0.845447
35 152 157 155 35 55 0.841228
35 158 163 161 35 56 0.840177
35 164 169 167 35 57 0.837035
35 170 175 173 35 58 0.836646
35 176 181 179 35 59 0.836604
35 182 187 185 35 60 0.835604
35 188 193 191 35 61 0.834327
35 194 254 224 35 62 0.834775
35 255 255 255 35 63 0.840598
36 0 0 0 36 0 1.000000   # ieta [37], pt 0
36 1 15 8 36 1 1.190529
36 16 16 16 36 2 1.139790
36 17 17 17 36 3 1.115654
36 18 18 18 36 4 1.093291
36 19 19 19 36 5 1.070632
36 20 20 20 36 6 1.066115
36 21 21 21 36 7 1.041885
36 22 22 22 36 8 1.027067
36 23 23 23 36 9 1.001395
36 24 24 24 36 10 0.991168
36 25 25 25 36 11 0.983307
36 26 26 26 36 12 0.976280
36 27 27 27 36 13 0.969801
36 28 28 28 36 14 0.966184
36 29 29 29 36 15 0.962707
36 30 30 30 36 16 0.958571
36 31 31 31 36 17 0.950787
36 32 33 33 36 18 0.932055
36 34 35 35 36 19 0.916175
36 36 37 37 36 20 0.911074
36 38 39 39 36 21 0.903648
36 40 41 41 36 22 0.898747
36 42 43 43 36 23 0.894551
36 44 45 45 36 24 0.893964
36 46 47 47 36 25 0.893964
36 48 49 49 36 26 0.894719
36 50 51 51 36 27 0.894811
36 52 53 53 36 28 0.893938
36 54 55 55 36 29 0.894901
36 56 57 57 36 30 0.892023
36 58 59 59 36 31 0.889675
36 60 61 61 36 32 0.888277
36 62 64 63 36 33 0.888187
36 65 67 66 36 34 0.888456
36 68 70 69 36 35 0.888610
36 71 73 72 36 36 0.889160
36 74 76 75 36 37 0.887635
36 77 79 78 36 38 0.887743
36 80 82 81 36 39 0.887537
36 83 85 84 36 40 0.887126
36 86 88 87 36 41 0.887126
36 89 91 90 36 42 0.884783
36 92 94 93 36 43 0.885853
36 95 97 96 36 44 0.885901
36 98 100 99 36 45 0.885828
36 101 103 102 36 46 0.885828
36 104 109 107 36 47 0.885985
36 110 115 113 36 48 0.884508
36 116 121 119 36 49 0.883110
36 122 127 125 36 50 0.876054
36 128 133 131 36 51 0.875062
36 134 139 137 36 52 0.874595
36 140 145 143 36 53 0.872003
36 146 151 149 36 54 0.869258
36 152 157 155 36 55 0.865039
36 158 163 161 36 56 0.863989
36 164 169 167 36 57 0.860847
36 170 175 173 36 58 0.860458
36 176 181 179 36 59 0.860415
36 182 187 185 36 60 0.859415
36 188 193 191 36 61 0.858138
36 194 254 224 36 62 0.858587
36 255 255 255 36 63 0.864410
37 0 0 0 37 0 1.000000   # ieta [38], pt 0
37 1 15 8 37 1 1.231960
37 16 16 16 37 2 1.179890
37 17 17 17 37 3 1.145868
37 18 18 18 37 4 1.121182
37 19 19 19 37 5 1.098523
37 20 20 20 37 6 1.094299
37 21 21 21 37 7 1.066869
37 22 22 22 37 8 1.064489
37 23 23 23 37 9 1.044894
37 24 24 24 37 10 1.040658
37 25 25 25 37 11 1.035318
37 26 26 26 37 12 1.028290
37 27 27 27 37 13 1.020865
37 28 28 28 37 14 1.017248
37 29 29 29 37 15 1.013772
37 30 30 30 37 16 1.015057
37 31 31 31 37 17 1.005810
37 32 33 33 37 18 0.987967
37 34 35 35 37 19 0.979337
37 36 37 37 37 20 0.968634
37 38 39 39 37 21 0.957281
37 40 41 41 37 22 0.951279
37 42 43 43 37 23 0.946856
37 44 45 45 37 24 0.944587
37 46 47 47 37 25 0.943642
37 48 49 49 37 26 0.944397
37 50 51 51 37 27 0.944489
37 52 53 53 37 28 0.942852
37 54 55 55 37 29 0.938322
37 56 57 57 37 30 0.930716
37 58 59 59 37 31 0.928368
37 60 61 61 37 32 0.926828
37 62 64 63 37 33 0.926483
37 65 67 66 37 34 0.926525
37 68 70 69 37 35 0.926525
37 71 73 72 37 36 0.926296
37 74 76 75 37 37 0.907841
37 77 79 78 37 38 0.912357
37 80 82 81 37 39 0.912152
37 83 85 84 37 40 0.910480
37 86 88 87 37 41 0.907960
37 89 91 90 37 42 0.905617
37 92 94 93 37 43 0.906300
37 95 97 96 37 44 0.906300
37 98 100 99 37 45 0.901385
37 101 103 102 37 46 0.898598
37 104 109 107 37 47 0.895396
37 110 115 113 37 48 0.895789
37 116 121 119 37 49 0.895326
37 122 127 125 37 50 0.888270
37 128 133 131 37 51 0.879175
37 134 139 137 37 52 0.877088
37 140 145 143 37 53 0.870517
37 146 151 149 37 54 0.863793
37 152 157 155 37 55 0.859574
37 158 163 161 37 56 0.858523
37 164 169 167 37 57 0.855381
37 170 175 173 37 58 0.854992
37 176 181 179 37 59 0.854950
37 182 187 185 37 60 0.853950
37 188 193 191 37 61 0.852673
37 194 254 224 37 62 0.853700
37 255 255 255 37 63 0.864058
38 0 0 0 38 0 1.000000   # ieta [39], pt 0
38 1 15 8 38 1 1.600196
38 16 16 16 38 2 1.531608
38 17 17 17 38 3 1.442195
38 18 18 18 38 4 1.390343
38 19 19 19 38 5 1.340703
38 20 20 20 38 6 1.345200
38 21 21 21 38 7 1.320078
38 22 22 22 38 8 1.293614
38 23 23 23 38 9 1.286728
38 24 24 24 38 10 1.225547
38 25 25 25 38 11 1.180692
38 26 26 26 38 12 1.161141
38 27 27 27 38 13 1.160382
38 28 28 28 38 14 1.157681
38 29 29 29 38 15 1.125724
38 30 30 30 38 16 1.111448
38 31 31 31 38 17 1.092474
38 32 33 33 38 18 1.059492
38 34 35 35 38 19 1.047506
38 36 37 37 38 20 1.026733
38 38 39 39 38 21 1.002007
38 40 41 41 38 22 0.989056
38 42 43 43 38 23 0.985141
38 44 45 45 38 24 0.982413
38 46 47 47 38 25 0.978057
38 48 49 49 38 26 0.978393
38 50 51 51 38 27 0.978473
38 52 53 53 38 28 0.977244
38 54 55 55 38 29 0.972511
38 56 57 57 38 30 0.964703
38 58 59 59 38 31 0.962355
38 60 61 61 38 32 0.960814
38 62 64 63 38 33 0.960469
38 65 67 66 38 34 0.960512
38 68 70 69 38 35 0.960512
38 71 73 72 38 36 0.960283
38 74 76 75 38 37 0.942401
38 77 79 78 38 38 0.947204
38 80 82 81 38 39 0.946998
38 83 85 84 38 40 0.945327
38 86 88 87 38 41 0.942807
38 89 91 90 38 42 0.940464
38 92 94 93 38 43 0.941146
38 95 97 96 38 44 0.941146
38 98 100 99 38 45 0.936232
38 101 103 102 38 46 0.933445
38 104 109 107 38 47 0.930243
38 110 115 113 38 48 0.930636
38 116 121 119 38 49 0.930172
38 122 127 125 38 50 0.923116
38 128 133 131 38 51 0.914022
38 134 139 137 38 52 0.911935
38 140 145 143 38 53 0.905364
38 146 151 149 38 54 0.898639
38 152 157 155 38 55 0.894420
38 158 163 161 38 56 0.893370
38 164 169 167 38 57 0.890228
38 170 175 173 38 58 0.889839
38 176 181 179 38 59 0.889797
38 182 187 185 38 60 0.888796
38 188 193 191 38 61 0.887519
38 194 254 224 38 62 0.888547
38 255 255 255 38 63 0.898905
39 0 0 0 39 0 1.000000   # ieta [40], pt 0
39 1 15 8 39 1 1.761365
39 16 16 16 39 2 1.656995
39 17 17 17 39 3 1.567582
39 18 18 18 39 4 1.515730
39 19 19 19 39 5 1.437235
39 20 20 20 39 6 1.425785
39 21 21 21 39 7 1.382260
39 22 22 22 39 8 1.348661
39 23 23 23 39 9 1.337939
39 24 24 24 39 10 1.285862
39 25 25 25 39 11 1.243626
39 26 26 26 39 12 1.225040
39 27 27 27 39 13 1.224282
39 28 28 28 39 14 1.221581
39 29 29 29 39 15 1.189624
39 30 30 30 39 16 1.189584
39 31 31 31 39 17 1.170611
39 32 33 33 39 18 1.147623
39 34 35 35 39 19 1.131752
39 36 37 37 39 20 1.105712
39 38 39 39 39 21 1.083146
39 40 41 41 39 22 1.070916
39 42 43 43 39 23 1.065627
39 44 45 45 39 24 1.063175
39 46 47 47 39 25 1.058819
39 48 49 49 39 26 1.047228
39 50 51 51 39 27 1.028404
39 52 53 53 39 28 1.030664
39 54 55 55 39 29 1.024478
39 56 57 57 39 30 1.016494
39 58 59 59 39 31 1.013518
39 60 61 61 39 32 1.011349
39 62 64 63 39 33 1.011004
39 65 67 66 39 34 1.011047
39 68 70 69 39 35 1.011047
39 71 73 72 39 36 1.010817
39 74 76 75 39 37 0.993802
39 77 79 78 39 38 0.999038
39 80 82 81 39 39 0.998832
39 83 85 84 39 40 0.997161
39 86 88 87 39 41 0.994641
39 89 91 90 39 42 0.992298
39 92 94 93 39 43 0.992980
39 95 97 96 39 44 0.992980
39 98 100 99 39 45 0.988516
39 101 103 102 39 46 0.985954
39 104 109 107 39 47 0.982752
39 110 115 113 39 48 0.983145
39 116 121 119 39 49 0.982681
39 122 127 125 39 50 0.975626
39 128 133 131 39 51 0.966532
39 134 139 137 39 52 0.964444
39 140 145 143 39 53 0.957874
39 146 151 149 39 54 0.951149
39 152 157 155 39 55 0.946930
39 158 163 161 39 56 0.945879
39 164 169 167 39 57 0.942737
39 170 175 173 39 58 0.942349
39 176 181 179 39 59 0.942306
39 182 187 185 39 60 0.941306
39 188 193 191 39 61 0.940029
39 194 254 224 39 62 0.941726
39 255 255 255 39 63 0.951859
