# columns 
# CaloToolMPEtaBin PtMin PtMax avgPt IEtaBin_forLUT_col1 PtBin_forLUT SF
0 0 0 0 0 0 1.000000   # ieta [1], pt 0
0 15 15 15 0 1 2.000000
0 16 16 16 0 2 2.000000
0 17 17 17 0 3 2.000000
0 18 18 18 0 4 2.000000
0 19 19 19 0 5 2.000000
0 20 20 20 0 6 2.000000
0 21 21 21 0 7 2.000000
0 22 22 22 0 8 2.000000
0 23 23 23 0 9 2.000000
0 24 24 24 0 10 2.000000
0 25 25 25 0 11 2.000000
0 26 26 26 0 12 2.000000
0 27 27 27 0 13 2.000000
0 28 28 28 0 14 2.000000
0 29 29 29 0 15 2.000000
0 30 30 30 0 16 2.000000
0 31 31 31 0 17 2.000000
0 32 33 33 0 18 2.000000
0 34 35 35 0 19 2.000000
0 36 37 37 0 20 2.000000
0 38 39 39 0 21 2.000000
0 40 41 41 0 22 2.000000
0 42 43 43 0 23 2.000000
0 44 45 45 0 24 2.000000
0 46 47 47 0 25 2.000000
0 48 49 49 0 26 2.000000
0 50 51 51 0 27 2.000000
0 52 53 53 0 28 2.000000
0 54 55 55 0 29 2.000000
0 56 57 57 0 30 1.989954
0 58 59 59 0 31 1.971952
0 60 61 61 0 32 1.957177
0 62 64 63 0 33 1.941116
0 65 67 66 0 34 1.919531
0 68 70 69 0 35 1.895161
0 71 73 72 0 36 1.880598
0 74 76 75 0 37 1.864355
0 77 79 78 0 38 1.851203
0 80 82 81 0 39 1.833990
0 83 85 84 0 40 1.818549
0 86 88 87 0 41 1.808729
0 89 91 90 0 42 1.797089
0 92 94 93 0 43 1.777318
0 95 97 96 0 44 1.759674
0 98 100 99 0 45 1.752775
0 101 103 102 0 46 1.745139
0 104 109 107 0 47 1.731327
0 110 115 113 0 48 1.716740
0 116 121 119 0 49 1.699089
0 122 127 125 0 50 1.688132
0 128 133 131 0 51 1.672933
0 134 139 137 0 52 1.657927
0 140 145 143 0 53 1.649137
0 146 151 149 0 54 1.638032
0 152 157 155 0 55 1.622028
0 158 163 161 0 56 1.611627
0 164 169 167 0 57 1.603521
0 170 175 173 0 58 1.594855
0 176 181 179 0 59 1.587995
0 182 187 185 0 60 1.583589
0 188 193 191 0 61 1.581141
0 194 254 224 0 62 1.542705
0 255 255 255 0 63 1.518455
1 0 0 0 1 0 1.000000   # ieta [2], pt 0
1 15 15 15 1 1 2.000000
1 16 16 16 1 2 2.000000
1 17 17 17 1 3 2.000000
1 18 18 18 1 4 2.000000
1 19 19 19 1 5 2.000000
1 20 20 20 1 6 2.000000
1 21 21 21 1 7 2.000000
1 22 22 22 1 8 2.000000
1 23 23 23 1 9 2.000000
1 24 24 24 1 10 2.000000
1 25 25 25 1 11 2.000000
1 26 26 26 1 12 2.000000
1 27 27 27 1 13 2.000000
1 28 28 28 1 14 2.000000
1 29 29 29 1 15 2.000000
1 30 30 30 1 16 2.000000
1 31 31 31 1 17 2.000000
1 32 33 33 1 18 2.000000
1 34 35 35 1 19 2.000000
1 36 37 37 1 20 2.000000
1 38 39 39 1 21 2.000000
1 40 41 41 1 22 2.000000
1 42 43 43 1 23 2.000000
1 44 45 45 1 24 2.000000
1 46 47 47 1 25 2.000000
1 48 49 49 1 26 2.000000
1 50 51 51 1 27 2.000000
1 52 53 53 1 28 2.000000
1 54 55 55 1 29 2.000000
1 56 57 57 1 30 1.993241
1 58 59 59 1 31 1.975683
1 60 61 61 1 32 1.960880
1 62 64 63 1 33 1.944908
1 65 67 66 1 34 1.923520
1 68 70 69 1 35 1.899211
1 71 73 72 1 36 1.884672
1 74 76 75 1 37 1.868393
1 77 79 78 1 38 1.855455
1 80 82 81 1 39 1.838373
1 83 85 84 1 40 1.823218
1 86 88 87 1 41 1.813372
1 89 91 90 1 42 1.801703
1 92 94 93 1 43 1.782649
1 95 97 96 1 44 1.765485
1 98 100 99 1 45 1.758820
1 101 103 102 1 46 1.751228
1 104 109 107 1 47 1.738560
1 110 115 113 1 48 1.724710
1 116 121 119 1 49 1.707282
1 122 127 125 1 50 1.696976
1 128 133 131 1 51 1.682625
1 134 139 137 1 52 1.668217
1 140 145 143 1 53 1.659373
1 146 151 149 1 54 1.648362
1 152 157 155 1 55 1.632473
1 158 163 161 1 56 1.621338
1 164 169 167 1 57 1.613608
1 170 175 173 1 58 1.604928
1 176 181 179 1 59 1.599465
1 182 187 185 1 60 1.594667
1 188 193 191 1 61 1.592110
1 194 254 224 1 62 1.554025
1 255 255 255 1 63 1.529653
2 0 0 0 2 0 1.000000   # ieta [3], pt 0
2 15 15 15 2 1 2.000000
2 16 16 16 2 2 2.000000
2 17 17 17 2 3 2.000000
2 18 18 18 2 4 2.000000
2 19 19 19 2 5 2.000000
2 20 20 20 2 6 2.000000
2 21 21 21 2 7 2.000000
2 22 22 22 2 8 2.000000
2 23 23 23 2 9 2.000000
2 24 24 24 2 10 2.000000
2 25 25 25 2 11 2.000000
2 26 26 26 2 12 2.000000
2 27 27 27 2 13 2.000000
2 28 28 28 2 14 2.000000
2 29 29 29 2 15 2.000000
2 30 30 30 2 16 2.000000
2 31 31 31 2 17 2.000000
2 32 33 33 2 18 2.000000
2 34 35 35 2 19 2.000000
2 36 37 37 2 20 2.000000
2 38 39 39 2 21 2.000000
2 40 41 41 2 22 2.000000
2 42 43 43 2 23 2.000000
2 44 45 45 2 24 2.000000
2 46 47 47 2 25 2.000000
2 48 49 49 2 26 2.000000
2 50 51 51 2 27 2.000000
2 52 53 53 2 28 2.000000
2 54 55 55 2 29 2.000000
2 56 57 57 2 30 1.999832
2 58 59 59 2 31 1.985597
2 60 61 61 2 32 1.970719
2 62 64 63 2 33 1.954668
2 65 67 66 2 34 1.933172
2 68 70 69 2 35 1.908922
2 71 73 72 2 36 1.894161
2 74 76 75 2 37 1.877760
2 77 79 78 2 38 1.864693
2 80 82 81 2 39 1.847400
2 83 85 84 2 40 1.832170
2 86 88 87 2 41 1.822276
2 89 91 90 2 42 1.810550
2 92 94 93 2 43 1.791402
2 95 97 96 2 44 1.773908
2 98 100 99 2 45 1.766658
2 101 103 102 2 46 1.758734
2 104 109 107 2 47 1.744765
2 110 115 113 2 48 1.728091
2 116 121 119 2 49 1.709574
2 122 127 125 2 50 1.699125
2 128 133 131 2 51 1.684544
2 134 139 137 2 52 1.669011
2 140 145 143 2 53 1.660162
2 146 151 149 2 54 1.648957
2 152 157 155 2 55 1.632917
2 158 163 161 2 56 1.621727
2 164 169 167 2 57 1.613942
2 170 175 173 2 58 1.605221
2 176 181 179 2 59 1.599561
2 182 187 185 2 60 1.594763
2 188 193 191 2 61 1.592205
2 194 254 224 2 62 1.554052
2 255 255 255 2 63 1.529653
3 0 0 0 3 0 1.000000   # ieta [4], pt 0
3 15 15 15 3 1 2.000000
3 16 16 16 3 2 2.000000
3 17 17 17 3 3 2.000000
3 18 18 18 3 4 2.000000
3 19 19 19 3 5 2.000000
3 20 20 20 3 6 2.000000
3 21 21 21 3 7 2.000000
3 22 22 22 3 8 2.000000
3 23 23 23 3 9 2.000000
3 24 24 24 3 10 2.000000
3 25 25 25 3 11 2.000000
3 26 26 26 3 12 2.000000
3 27 27 27 3 13 2.000000
3 28 28 28 3 14 2.000000
3 29 29 29 3 15 2.000000
3 30 30 30 3 16 2.000000
3 31 31 31 3 17 2.000000
3 32 33 33 3 18 2.000000
3 34 35 35 3 19 2.000000
3 36 37 37 3 20 2.000000
3 38 39 39 3 21 2.000000
3 40 41 41 3 22 2.000000
3 42 43 43 3 23 2.000000
3 44 45 45 3 24 2.000000
3 46 47 47 3 25 2.000000
3 48 49 49 3 26 2.000000
3 50 51 51 3 27 2.000000
3 52 53 53 3 28 2.000000
3 54 55 55 3 29 2.000000
3 56 57 57 3 30 2.000000
3 58 59 59 3 31 2.000000
3 60 61 61 3 32 1.995646
3 62 64 63 3 33 1.980138
3 65 67 66 3 34 1.957821
3 68 70 69 3 35 1.932754
3 71 73 72 3 36 1.916279
3 74 76 75 3 37 1.897182
3 77 79 78 3 38 1.882325
3 80 82 81 3 39 1.864435
3 83 85 84 3 40 1.846394
3 86 88 87 3 41 1.835190
3 89 91 90 3 42 1.822421
3 92 94 93 3 43 1.802608
3 95 97 96 3 44 1.784549
3 98 100 99 3 45 1.777393
3 101 103 102 3 46 1.769499
3 104 109 107 3 47 1.755858
3 110 115 113 3 48 1.737769
3 116 121 119 3 49 1.717563
3 122 127 125 3 50 1.706788
3 128 133 131 3 51 1.692091
3 134 139 137 3 52 1.676488
3 140 145 143 3 53 1.667548
3 146 151 149 3 54 1.656292
3 152 157 155 3 55 1.640043
3 158 163 161 3 56 1.631247
3 164 169 167 3 57 1.622634
3 170 175 173 3 58 1.612609
3 176 181 179 3 59 1.606293
3 182 187 185 3 60 1.600567
3 188 193 191 3 61 1.598001
3 194 254 224 3 62 1.559588
3 255 255 255 3 63 1.536003
4 0 0 0 4 0 1.000000   # ieta [5], pt 0
4 15 15 15 4 1 2.000000
4 16 16 16 4 2 2.000000
4 17 17 17 4 3 2.000000
4 18 18 18 4 4 2.000000
4 19 19 19 4 5 2.000000
4 20 20 20 4 6 2.000000
4 21 21 21 4 7 2.000000
4 22 22 22 4 8 2.000000
4 23 23 23 4 9 2.000000
4 24 24 24 4 10 2.000000
4 25 25 25 4 11 2.000000
4 26 26 26 4 12 2.000000
4 27 27 27 4 13 2.000000
4 28 28 28 4 14 2.000000
4 29 29 29 4 15 2.000000
4 30 30 30 4 16 2.000000
4 31 31 31 4 17 2.000000
4 32 33 33 4 18 2.000000
4 34 35 35 4 19 2.000000
4 36 37 37 4 20 2.000000
4 38 39 39 4 21 2.000000
4 40 41 41 4 22 2.000000
4 42 43 43 4 23 2.000000
4 44 45 45 4 24 2.000000
4 46 47 47 4 25 2.000000
4 48 49 49 4 26 2.000000
4 50 51 51 4 27 2.000000
4 52 53 53 4 28 2.000000
4 54 55 55 4 29 2.000000
4 56 57 57 4 30 2.000000
4 58 59 59 4 31 2.000000
4 60 61 61 4 32 1.995646
4 62 64 63 4 33 1.980138
4 65 67 66 4 34 1.957821
4 68 70 69 4 35 1.932754
4 71 73 72 4 36 1.916279
4 74 76 75 4 37 1.897182
4 77 79 78 4 38 1.882325
4 80 82 81 4 39 1.864531
4 83 85 84 4 40 1.846969
4 86 88 87 4 41 1.835834
4 89 91 90 4 42 1.823205
4 92 94 93 4 43 1.803872
4 95 97 96 4 44 1.786266
4 98 100 99 4 45 1.779104
4 101 103 102 4 46 1.771202
4 104 109 107 4 47 1.758013
4 110 115 113 4 48 1.739872
4 116 121 119 4 49 1.719641
4 122 127 125 4 50 1.708853
4 128 133 131 4 51 1.694138
4 134 139 137 4 52 1.678517
4 140 145 143 4 53 1.669566
4 146 151 149 4 54 1.658343
4 152 157 155 4 55 1.642097
4 158 163 161 4 56 1.633923
4 164 169 167 4 57 1.625344
4 170 175 173 4 58 1.615302
4 176 181 179 4 59 1.608854
4 182 187 185 4 60 1.602875
4 188 193 191 4 61 1.600047
4 194 254 224 4 62 1.561144
4 255 255 255 4 63 1.537230
5 0 0 0 5 0 1.000000   # ieta [6], pt 0
5 15 15 15 5 1 2.000000
5 16 16 16 5 2 2.000000
5 17 17 17 5 3 2.000000
5 18 18 18 5 4 2.000000
5 19 19 19 5 5 2.000000
5 20 20 20 5 6 2.000000
5 21 21 21 5 7 2.000000
5 22 22 22 5 8 2.000000
5 23 23 23 5 9 2.000000
5 24 24 24 5 10 2.000000
5 25 25 25 5 11 2.000000
5 26 26 26 5 12 2.000000
5 27 27 27 5 13 2.000000
5 28 28 28 5 14 2.000000
5 29 29 29 5 15 2.000000
5 30 30 30 5 16 2.000000
5 31 31 31 5 17 2.000000
5 32 33 33 5 18 2.000000
5 34 35 35 5 19 2.000000
5 36 37 37 5 20 2.000000
5 38 39 39 5 21 2.000000
5 40 41 41 5 22 2.000000
5 42 43 43 5 23 2.000000
5 44 45 45 5 24 2.000000
5 46 47 47 5 25 2.000000
5 48 49 49 5 26 2.000000
5 50 51 51 5 27 2.000000
5 52 53 53 5 28 2.000000
5 54 55 55 5 29 2.000000
5 56 57 57 5 30 2.000000
5 58 59 59 5 31 2.000000
5 60 61 61 5 32 2.000000
5 62 64 63 5 33 1.984715
5 65 67 66 5 34 1.962543
5 68 70 69 5 35 1.937976
5 71 73 72 5 36 1.920903
5 74 76 75 5 37 1.902273
5 77 79 78 5 38 1.887441
5 80 82 81 5 39 1.869992
5 83 85 84 5 40 1.852644
5 86 88 87 5 41 1.841475
5 89 91 90 5 42 1.828807
5 92 94 93 5 43 1.809293
5 95 97 96 5 44 1.791634
5 98 100 99 5 45 1.784139
5 101 103 102 5 46 1.776214
5 104 109 107 5 47 1.762629
5 110 115 113 5 48 1.742859
5 116 121 119 5 49 1.722017
5 122 127 125 5 50 1.711106
5 128 133 131 5 51 1.696264
5 134 139 137 5 52 1.680623
5 140 145 143 5 53 1.671660
5 146 151 149 5 54 1.660359
5 152 157 155 5 55 1.644030
5 158 163 161 5 56 1.635818
5 164 169 167 5 57 1.627201
5 170 175 173 5 58 1.617148
5 176 181 179 5 59 1.610692
5 182 187 185 5 60 1.604707
5 188 193 191 5 61 1.601875
5 194 254 224 5 62 1.562834
5 255 255 255 5 63 1.538760
6 0 0 0 6 0 1.000000   # ieta [7], pt 0
6 15 15 15 6 1 2.000000
6 16 16 16 6 2 2.000000
6 17 17 17 6 3 2.000000
6 18 18 18 6 4 2.000000
6 19 19 19 6 5 2.000000
6 20 20 20 6 6 2.000000
6 21 21 21 6 7 2.000000
6 22 22 22 6 8 2.000000
6 23 23 23 6 9 2.000000
6 24 24 24 6 10 2.000000
6 25 25 25 6 11 2.000000
6 26 26 26 6 12 2.000000
6 27 27 27 6 13 2.000000
6 28 28 28 6 14 2.000000
6 29 29 29 6 15 2.000000
6 30 30 30 6 16 2.000000
6 31 31 31 6 17 2.000000
6 32 33 33 6 18 2.000000
6 34 35 35 6 19 2.000000
6 36 37 37 6 20 2.000000
6 38 39 39 6 21 2.000000
6 40 41 41 6 22 2.000000
6 42 43 43 6 23 2.000000
6 44 45 45 6 24 2.000000
6 46 47 47 6 25 2.000000
6 48 49 49 6 26 2.000000
6 50 51 51 6 27 2.000000
6 52 53 53 6 28 2.000000
6 54 55 55 6 29 2.000000
6 56 57 57 6 30 2.000000
6 58 59 59 6 31 2.000000
6 60 61 61 6 32 1.996087
6 62 64 63 6 33 1.980653
6 65 67 66 6 34 1.958527
6 68 70 69 6 35 1.934010
6 71 73 72 6 36 1.916945
6 74 76 75 6 37 1.898341
6 77 79 78 6 38 1.883539
6 80 82 81 6 39 1.866127
6 83 85 84 6 40 1.848814
6 86 88 87 6 41 1.837668
6 89 91 90 6 42 1.825027
6 92 94 93 6 43 1.805442
6 95 97 96 6 44 1.787600
6 98 100 99 6 45 1.780121
6 101 103 102 6 46 1.772215
6 104 109 107 6 47 1.758660
6 110 115 113 6 48 1.738934
6 116 121 119 6 49 1.718105
6 122 127 125 6 50 1.707129
6 128 133 131 6 51 1.692404
6 134 139 137 6 52 1.676799
6 140 145 143 6 53 1.667857
6 146 151 149 6 54 1.656581
6 152 157 155 6 55 1.640289
6 158 163 161 6 56 1.632096
6 164 169 167 6 57 1.623498
6 170 175 173 6 58 1.613468
6 176 181 179 6 59 1.607027
6 182 187 185 6 60 1.601056
6 188 193 191 6 61 1.598231
6 194 254 224 6 62 1.559399
6 255 255 255 6 63 1.535673
7 0 0 0 7 0 1.000000   # ieta [8], pt 0
7 15 15 15 7 1 2.000000
7 16 16 16 7 2 2.000000
7 17 17 17 7 3 2.000000
7 18 18 18 7 4 2.000000
7 19 19 19 7 5 2.000000
7 20 20 20 7 6 2.000000
7 21 21 21 7 7 2.000000
7 22 22 22 7 8 2.000000
7 23 23 23 7 9 2.000000
7 24 24 24 7 10 2.000000
7 25 25 25 7 11 2.000000
7 26 26 26 7 12 2.000000
7 27 27 27 7 13 2.000000
7 28 28 28 7 14 2.000000
7 29 29 29 7 15 2.000000
7 30 30 30 7 16 2.000000
7 31 31 31 7 17 2.000000
7 32 33 33 7 18 2.000000
7 34 35 35 7 19 2.000000
7 36 37 37 7 20 2.000000
7 38 39 39 7 21 2.000000
7 40 41 41 7 22 2.000000
7 42 43 43 7 23 2.000000
7 44 45 45 7 24 2.000000
7 46 47 47 7 25 2.000000
7 48 49 49 7 26 2.000000
7 50 51 51 7 27 2.000000
7 52 53 53 7 28 2.000000
7 54 55 55 7 29 2.000000
7 56 57 57 7 30 2.000000
7 58 59 59 7 31 2.000000
7 60 61 61 7 32 1.996087
7 62 64 63 7 33 1.980653
7 65 67 66 7 34 1.958527
7 68 70 69 7 35 1.934010
7 71 73 72 7 36 1.916945
7 74 76 75 7 37 1.898341
7 77 79 78 7 38 1.883539
7 80 82 81 7 39 1.866127
7 83 85 84 7 40 1.848814
7 86 88 87 7 41 1.837668
7 89 91 90 7 42 1.825027
7 92 94 93 7 43 1.805442
7 95 97 96 7 44 1.787600
7 98 100 99 7 45 1.780121
7 101 103 102 7 46 1.772215
7 104 109 107 7 47 1.758660
7 110 115 113 7 48 1.738934
7 116 121 119 7 49 1.718094
7 122 127 125 7 50 1.707066
7 128 133 131 7 51 1.692342
7 134 139 137 7 52 1.676737
7 140 145 143 7 53 1.667795
7 146 151 149 7 54 1.656520
7 152 157 155 7 55 1.640229
7 158 163 161 7 56 1.632036
7 164 169 167 7 57 1.623438
7 170 175 173 7 58 1.613409
7 176 181 179 7 59 1.606968
7 182 187 185 7 60 1.600996
7 188 193 191 7 61 1.598172
7 194 254 224 7 62 1.559345
7 255 255 255 7 63 1.535673
8 0 0 0 8 0 1.000000   # ieta [9], pt 0
8 15 15 15 8 1 2.000000
8 16 16 16 8 2 2.000000
8 17 17 17 8 3 2.000000
8 18 18 18 8 4 2.000000
8 19 19 19 8 5 2.000000
8 20 20 20 8 6 2.000000
8 21 21 21 8 7 2.000000
8 22 22 22 8 8 2.000000
8 23 23 23 8 9 2.000000
8 24 24 24 8 10 2.000000
8 25 25 25 8 11 2.000000
8 26 26 26 8 12 2.000000
8 27 27 27 8 13 2.000000
8 28 28 28 8 14 2.000000
8 29 29 29 8 15 2.000000
8 30 30 30 8 16 2.000000
8 31 31 31 8 17 2.000000
8 32 33 33 8 18 2.000000
8 34 35 35 8 19 2.000000
8 36 37 37 8 20 2.000000
8 38 39 39 8 21 2.000000
8 40 41 41 8 22 2.000000
8 42 43 43 8 23 2.000000
8 44 45 45 8 24 2.000000
8 46 47 47 8 25 2.000000
8 48 49 49 8 26 2.000000
8 50 51 51 8 27 2.000000
8 52 53 53 8 28 2.000000
8 54 55 55 8 29 2.000000
8 56 57 57 8 30 2.000000
8 58 59 59 8 31 2.000000
8 60 61 61 8 32 1.998419
8 62 64 63 8 33 1.982967
8 65 67 66 8 34 1.960815
8 68 70 69 8 35 1.935918
8 71 73 72 8 36 1.917786
8 74 76 75 8 37 1.898815
8 77 79 78 8 38 1.884009
8 80 82 81 8 39 1.866606
8 83 85 84 8 40 1.849317
8 86 88 87 8 41 1.838168
8 89 91 90 8 42 1.825523
8 92 94 93 8 43 1.805989
8 95 97 96 8 44 1.788253
8 98 100 99 8 45 1.780772
8 101 103 102 8 46 1.772863
8 104 109 107 8 47 1.759303
8 110 115 113 8 48 1.739570
8 116 121 119 8 49 1.718722
8 122 127 125 8 50 1.707690
8 128 133 131 8 51 1.692960
8 134 139 137 8 52 1.677350
8 140 145 143 8 53 1.668405
8 146 151 149 8 54 1.657126
8 152 157 155 8 55 1.640828
8 158 163 161 8 56 1.632632
8 164 169 167 8 57 1.624032
8 170 175 173 8 58 1.613999
8 176 181 179 8 59 1.607556
8 182 187 185 8 60 1.601582
8 188 193 191 8 61 1.598756
8 194 254 224 8 62 1.559891
8 255 255 255 8 63 1.536200
9 0 0 0 9 0 1.000000   # ieta [10], pt 0
9 15 15 15 9 1 2.000000
9 16 16 16 9 2 2.000000
9 17 17 17 9 3 2.000000
9 18 18 18 9 4 2.000000
9 19 19 19 9 5 2.000000
9 20 20 20 9 6 2.000000
9 21 21 21 9 7 2.000000
9 22 22 22 9 8 2.000000
9 23 23 23 9 9 2.000000
9 24 24 24 9 10 2.000000
9 25 25 25 9 11 2.000000
9 26 26 26 9 12 2.000000
9 27 27 27 9 13 2.000000
9 28 28 28 9 14 2.000000
9 29 29 29 9 15 2.000000
9 30 30 30 9 16 2.000000
9 31 31 31 9 17 2.000000
9 32 33 33 9 18 2.000000
9 34 35 35 9 19 2.000000
9 36 37 37 9 20 2.000000
9 38 39 39 9 21 2.000000
9 40 41 41 9 22 2.000000
9 42 43 43 9 23 2.000000
9 44 45 45 9 24 2.000000
9 46 47 47 9 25 2.000000
9 48 49 49 9 26 2.000000
9 50 51 51 9 27 2.000000
9 52 53 53 9 28 2.000000
9 54 55 55 9 29 2.000000
9 56 57 57 9 30 2.000000
9 58 59 59 9 31 2.000000
9 60 61 61 9 32 2.000000
9 62 64 63 9 33 1.992725
9 65 67 66 9 34 1.970819
9 68 70 69 9 35 1.947680
9 71 73 72 9 36 1.930055
9 74 76 75 9 37 1.914318
9 77 79 78 9 38 1.900544
9 80 82 81 9 39 1.883493
9 83 85 84 9 40 1.868053
9 86 88 87 9 41 1.857975
9 89 91 90 9 42 1.847180
9 92 94 93 9 43 1.827027
9 95 97 96 9 44 1.808424
9 98 100 99 9 45 1.800116
9 101 103 102 9 46 1.791789
9 104 109 107 9 47 1.777061
9 110 115 113 9 48 1.755354
9 116 121 119 9 49 1.732518
9 122 127 125 9 50 1.721339
9 128 133 131 9 51 1.705931
9 134 139 137 9 52 1.690130
9 140 145 143 9 53 1.679902
9 146 151 149 9 54 1.666515
9 152 157 155 9 55 1.649721
9 158 163 161 9 56 1.640889
9 164 169 167 9 57 1.632030
9 170 175 173 9 58 1.621235
9 176 181 179 9 59 1.613843
9 182 187 185 9 60 1.606747
9 188 193 191 9 61 1.603681
9 194 254 224 9 62 1.565864
9 255 255 255 9 63 1.543253
10 0 0 0 10 0 1.000000   # ieta [11], pt 0
10 15 15 15 10 1 2.000000
10 16 16 16 10 2 2.000000
10 17 17 17 10 3 2.000000
10 18 18 18 10 4 2.000000
10 19 19 19 10 5 2.000000
10 20 20 20 10 6 2.000000
10 21 21 21 10 7 2.000000
10 22 22 22 10 8 2.000000
10 23 23 23 10 9 2.000000
10 24 24 24 10 10 2.000000
10 25 25 25 10 11 2.000000
10 26 26 26 10 12 2.000000
10 27 27 27 10 13 2.000000
10 28 28 28 10 14 2.000000
10 29 29 29 10 15 2.000000
10 30 30 30 10 16 2.000000
10 31 31 31 10 17 2.000000
10 32 33 33 10 18 2.000000
10 34 35 35 10 19 2.000000
10 36 37 37 10 20 2.000000
10 38 39 39 10 21 2.000000
10 40 41 41 10 22 2.000000
10 42 43 43 10 23 2.000000
10 44 45 45 10 24 2.000000
10 46 47 47 10 25 2.000000
10 48 49 49 10 26 2.000000
10 50 51 51 10 27 2.000000
10 52 53 53 10 28 2.000000
10 54 55 55 10 29 2.000000
10 56 57 57 10 30 2.000000
10 58 59 59 10 31 2.000000
10 60 61 61 10 32 2.000000
10 62 64 63 10 33 2.000000
10 65 67 66 10 34 1.998689
10 68 70 69 10 35 1.969107
10 71 73 72 10 36 1.949814
10 74 76 75 10 37 1.928640
10 77 79 78 10 38 1.911058
10 80 82 81 10 39 1.894406
10 83 85 84 10 40 1.880189
10 86 88 87 10 41 1.870859
10 89 91 90 10 42 1.860584
10 92 94 93 10 43 1.838651
10 95 97 96 10 44 1.818494
10 98 100 99 10 45 1.811193
10 101 103 102 10 46 1.803688
10 104 109 107 10 47 1.788097
10 110 115 113 10 48 1.766475
10 116 121 119 10 49 1.744391
10 122 127 125 10 50 1.733484
10 128 133 131 10 51 1.718321
10 134 139 137 10 52 1.703588
10 140 145 143 10 53 1.692991
10 146 151 149 10 54 1.680259
10 152 157 155 10 55 1.663070
10 158 163 161 10 56 1.654535
10 164 169 167 10 57 1.645253
10 170 175 173 10 58 1.633353
10 176 181 179 10 59 1.625461
10 182 187 185 10 60 1.617873
10 188 193 191 10 61 1.614785
10 194 254 224 10 62 1.578540
10 255 255 255 10 63 1.557385
11 0 0 0 11 0 1.000000   # ieta [12], pt 0
11 15 15 15 11 1 2.000000
11 16 16 16 11 2 2.000000
11 17 17 17 11 3 2.000000
11 18 18 18 11 4 2.000000
11 19 19 19 11 5 2.000000
11 20 20 20 11 6 2.000000
11 21 21 21 11 7 2.000000
11 22 22 22 11 8 2.000000
11 23 23 23 11 9 2.000000
11 24 24 24 11 10 2.000000
11 25 25 25 11 11 2.000000
11 26 26 26 11 12 2.000000
11 27 27 27 11 13 2.000000
11 28 28 28 11 14 2.000000
11 29 29 29 11 15 2.000000
11 30 30 30 11 16 2.000000
11 31 31 31 11 17 2.000000
11 32 33 33 11 18 2.000000
11 34 35 35 11 19 2.000000
11 36 37 37 11 20 2.000000
11 38 39 39 11 21 2.000000
11 40 41 41 11 22 2.000000
11 42 43 43 11 23 2.000000
11 44 45 45 11 24 2.000000
11 46 47 47 11 25 2.000000
11 48 49 49 11 26 2.000000
11 50 51 51 11 27 2.000000
11 52 53 53 11 28 2.000000
11 54 55 55 11 29 2.000000
11 56 57 57 11 30 2.000000
11 58 59 59 11 31 2.000000
11 60 61 61 11 32 2.000000
11 62 64 63 11 33 2.000000
11 65 67 66 11 34 2.000000
11 68 70 69 11 35 1.981839
11 71 73 72 11 36 1.964285
11 74 76 75 11 37 1.943909
11 77 79 78 11 38 1.926188
11 80 82 81 11 39 1.911410
11 83 85 84 11 40 1.899454
11 86 88 87 11 41 1.892031
11 89 91 90 11 42 1.882856
11 92 94 93 11 43 1.861194
11 95 97 96 11 44 1.841547
11 98 100 99 11 45 1.834064
11 101 103 102 11 46 1.826464
11 104 109 107 11 47 1.810542
11 110 115 113 11 48 1.787518
11 116 121 119 11 49 1.763805
11 122 127 125 11 50 1.752443
11 128 133 131 11 51 1.734266
11 134 139 137 11 52 1.714694
11 140 145 143 11 53 1.703665
11 146 151 149 11 54 1.692926
11 152 157 155 11 55 1.675694
11 158 163 161 11 56 1.665538
11 164 169 167 11 57 1.653255
11 170 175 173 11 58 1.642973
11 176 181 179 11 59 1.635076
11 182 187 185 11 60 1.627975
11 188 193 191 11 61 1.624868
11 194 254 224 11 62 1.588999
11 255 255 255 11 63 1.568155
12 0 0 0 12 0 1.000000   # ieta [13], pt 0
12 15 15 15 12 1 2.000000
12 16 16 16 12 2 2.000000
12 17 17 17 12 3 2.000000
12 18 18 18 12 4 2.000000
12 19 19 19 12 5 2.000000
12 20 20 20 12 6 2.000000
12 21 21 21 12 7 2.000000
12 22 22 22 12 8 2.000000
12 23 23 23 12 9 2.000000
12 24 24 24 12 10 2.000000
12 25 25 25 12 11 2.000000
12 26 26 26 12 12 2.000000
12 27 27 27 12 13 2.000000
12 28 28 28 12 14 2.000000
12 29 29 29 12 15 2.000000
12 30 30 30 12 16 2.000000
12 31 31 31 12 17 2.000000
12 32 33 33 12 18 2.000000
12 34 35 35 12 19 2.000000
12 36 37 37 12 20 2.000000
12 38 39 39 12 21 2.000000
12 40 41 41 12 22 2.000000
12 42 43 43 12 23 2.000000
12 44 45 45 12 24 2.000000
12 46 47 47 12 25 2.000000
12 48 49 49 12 26 2.000000
12 50 51 51 12 27 2.000000
12 52 53 53 12 28 2.000000
12 54 55 55 12 29 2.000000
12 56 57 57 12 30 2.000000
12 58 59 59 12 31 2.000000
12 60 61 61 12 32 2.000000
12 62 64 63 12 33 2.000000
12 65 67 66 12 34 2.000000
12 68 70 69 12 35 2.000000
12 71 73 72 12 36 1.994593
12 74 76 75 12 37 1.972168
12 77 79 78 12 38 1.953239
12 80 82 81 12 39 1.938289
12 83 85 84 12 40 1.925134
12 86 88 87 12 41 1.917434
12 89 91 90 12 42 1.907181
12 92 94 93 12 43 1.881630
12 95 97 96 12 44 1.857211
12 98 100 99 12 45 1.848256
12 101 103 102 12 46 1.839346
12 104 109 107 12 47 1.822802
12 110 115 113 12 48 1.799534
12 116 121 119 12 49 1.777414
12 122 127 125 12 50 1.768023
12 128 133 131 12 51 1.747054
12 134 139 137 12 52 1.724397
12 140 145 143 12 53 1.712897
12 146 151 149 12 54 1.701693
12 152 157 155 12 55 1.685655
12 158 163 161 12 56 1.675298
12 164 169 167 12 57 1.662580
12 170 175 173 12 58 1.654060
12 176 181 179 12 59 1.646109
12 182 187 185 12 60 1.638960
12 188 193 191 12 61 1.635832
12 194 254 224 12 62 1.600063
12 255 255 255 12 63 1.578503
13 0 0 0 13 0 1.000000   # ieta [14], pt 0
13 15 15 15 13 1 2.000000
13 16 16 16 13 2 2.000000
13 17 17 17 13 3 2.000000
13 18 18 18 13 4 2.000000
13 19 19 19 13 5 2.000000
13 20 20 20 13 6 2.000000
13 21 21 21 13 7 2.000000
13 22 22 22 13 8 2.000000
13 23 23 23 13 9 2.000000
13 24 24 24 13 10 2.000000
13 25 25 25 13 11 2.000000
13 26 26 26 13 12 2.000000
13 27 27 27 13 13 2.000000
13 28 28 28 13 14 2.000000
13 29 29 29 13 15 2.000000
13 30 30 30 13 16 2.000000
13 31 31 31 13 17 2.000000
13 32 33 33 13 18 2.000000
13 34 35 35 13 19 2.000000
13 36 37 37 13 20 2.000000
13 38 39 39 13 21 2.000000
13 40 41 41 13 22 2.000000
13 42 43 43 13 23 2.000000
13 44 45 45 13 24 2.000000
13 46 47 47 13 25 2.000000
13 48 49 49 13 26 2.000000
13 50 51 51 13 27 2.000000
13 52 53 53 13 28 2.000000
13 54 55 55 13 29 2.000000
13 56 57 57 13 30 2.000000
13 58 59 59 13 31 2.000000
13 60 61 61 13 32 2.000000
13 62 64 63 13 33 2.000000
13 65 67 66 13 34 2.000000
13 68 70 69 13 35 2.000000
13 71 73 72 13 36 2.000000
13 74 76 75 13 37 2.000000
13 77 79 78 13 38 2.000000
13 80 82 81 13 39 1.981660
13 83 85 84 13 40 1.967466
13 86 88 87 13 41 1.958771
13 89 91 90 13 42 1.948819
13 92 94 93 13 43 1.928449
13 95 97 96 13 44 1.907884
13 98 100 99 13 45 1.899237
13 101 103 102 13 46 1.889602
13 104 109 107 13 47 1.869625
13 110 115 113 13 48 1.843386
13 116 121 119 13 49 1.819089
13 122 127 125 13 50 1.800550
13 128 133 131 13 51 1.781617
13 134 139 137 13 52 1.762071
13 140 145 143 13 53 1.749805
13 146 151 149 13 54 1.737373
13 152 157 155 13 55 1.724756
13 158 163 161 13 56 1.715593
13 164 169 167 13 57 1.702730
13 170 175 173 13 58 1.691446
13 176 181 179 13 59 1.680992
13 182 187 185 13 60 1.673691
13 188 193 191 13 61 1.670497
13 194 254 224 13 62 1.631586
13 255 255 255 13 63 1.609296
14 0 0 0 14 0 1.000000   # ieta [15], pt 0
14 15 15 15 14 1 2.000000
14 16 16 16 14 2 2.000000
14 17 17 17 14 3 2.000000
14 18 18 18 14 4 2.000000
14 19 19 19 14 5 2.000000
14 20 20 20 14 6 2.000000
14 21 21 21 14 7 2.000000
14 22 22 22 14 8 2.000000
14 23 23 23 14 9 2.000000
14 24 24 24 14 10 2.000000
14 25 25 25 14 11 2.000000
14 26 26 26 14 12 2.000000
14 27 27 27 14 13 2.000000
14 28 28 28 14 14 2.000000
14 29 29 29 14 15 2.000000
14 30 30 30 14 16 2.000000
14 31 31 31 14 17 2.000000
14 32 33 33 14 18 2.000000
14 34 35 35 14 19 2.000000
14 36 37 37 14 20 2.000000
14 38 39 39 14 21 2.000000
14 40 41 41 14 22 2.000000
14 42 43 43 14 23 2.000000
14 44 45 45 14 24 2.000000
14 46 47 47 14 25 2.000000
14 48 49 49 14 26 2.000000
14 50 51 51 14 27 2.000000
14 52 53 53 14 28 2.000000
14 54 55 55 14 29 2.000000
14 56 57 57 14 30 2.000000
14 58 59 59 14 31 2.000000
14 60 61 61 14 32 2.000000
14 62 64 63 14 33 2.000000
14 65 67 66 14 34 2.000000
14 68 70 69 14 35 2.000000
14 71 73 72 14 36 2.000000
14 74 76 75 14 37 2.000000
14 77 79 78 14 38 2.000000
14 80 82 81 14 39 2.000000
14 83 85 84 14 40 1.998186
14 86 88 87 14 41 1.987255
14 89 91 90 14 42 1.974113
14 92 94 93 14 43 1.951698
14 95 97 96 14 44 1.926248
14 98 100 99 14 45 1.914952
14 101 103 102 14 46 1.904646
14 104 109 107 14 47 1.890913
14 110 115 113 14 48 1.869175
14 116 121 119 14 49 1.845672
14 122 127 125 14 50 1.827961
14 128 133 131 14 51 1.805986
14 134 139 137 14 52 1.786942
14 140 145 143 14 53 1.775819
14 146 151 149 14 54 1.763278
14 152 157 155 14 55 1.748731
14 158 163 161 14 56 1.739311
14 164 169 167 14 57 1.729173
14 170 175 173 14 58 1.719866
14 176 181 179 14 59 1.708379
14 182 187 185 14 60 1.700960
14 188 193 191 14 61 1.698168
14 194 254 224 14 62 1.660257
14 255 255 255 14 63 1.637286
15 0 0 0 15 0 1.000000   # ieta [16], pt 0
15 15 15 15 15 1 2.000000
15 16 16 16 15 2 2.000000
15 17 17 17 15 3 2.000000
15 18 18 18 15 4 2.000000
15 19 19 19 15 5 2.000000
15 20 20 20 15 6 2.000000
15 21 21 21 15 7 2.000000
15 22 22 22 15 8 2.000000
15 23 23 23 15 9 2.000000
15 24 24 24 15 10 2.000000
15 25 25 25 15 11 2.000000
15 26 26 26 15 12 2.000000
15 27 27 27 15 13 2.000000
15 28 28 28 15 14 2.000000
15 29 29 29 15 15 2.000000
15 30 30 30 15 16 2.000000
15 31 31 31 15 17 2.000000
15 32 33 33 15 18 2.000000
15 34 35 35 15 19 2.000000
15 36 37 37 15 20 2.000000
15 38 39 39 15 21 2.000000
15 40 41 41 15 22 2.000000
15 42 43 43 15 23 2.000000
15 44 45 45 15 24 2.000000
15 46 47 47 15 25 2.000000
15 48 49 49 15 26 2.000000
15 50 51 51 15 27 2.000000
15 52 53 53 15 28 2.000000
15 54 55 55 15 29 2.000000
15 56 57 57 15 30 2.000000
15 58 59 59 15 31 2.000000
15 60 61 61 15 32 2.000000
15 62 64 63 15 33 2.000000
15 65 67 66 15 34 2.000000
15 68 70 69 15 35 2.000000
15 71 73 72 15 36 2.000000
15 74 76 75 15 37 2.000000
15 77 79 78 15 38 2.000000
15 80 82 81 15 39 2.000000
15 83 85 84 15 40 2.000000
15 86 88 87 15 41 2.000000
15 89 91 90 15 42 2.000000
15 92 94 93 15 43 2.000000
15 95 97 96 15 44 1.992616
15 98 100 99 15 45 1.981927
15 101 103 102 15 46 1.970933
15 104 109 107 15 47 1.960279
15 110 115 113 15 48 1.946267
15 116 121 119 15 49 1.923843
15 122 127 125 15 50 1.906852
15 128 133 131 15 51 1.881458
15 134 139 137 15 52 1.859537
15 140 145 143 15 53 1.848443
15 146 151 149 15 54 1.838737
15 152 157 155 15 55 1.825467
15 158 163 161 15 56 1.812127
15 164 169 167 15 57 1.802083
15 170 175 173 15 58 1.786990
15 176 181 179 15 59 1.771585
15 182 187 185 15 60 1.764641
15 188 193 191 15 61 1.759627
15 194 254 224 15 62 1.724721
15 255 255 255 15 63 1.702662
16 0 0 0 16 0 1.000000   # ieta [17], pt 0
16 15 15 15 16 1 2.000000
16 16 16 16 16 2 2.000000
16 17 17 17 16 3 2.000000
16 18 18 18 16 4 2.000000
16 19 19 19 16 5 2.000000
16 20 20 20 16 6 2.000000
16 21 21 21 16 7 2.000000
16 22 22 22 16 8 2.000000
16 23 23 23 16 9 2.000000
16 24 24 24 16 10 2.000000
16 25 25 25 16 11 2.000000
16 26 26 26 16 12 2.000000
16 27 27 27 16 13 2.000000
16 28 28 28 16 14 2.000000
16 29 29 29 16 15 2.000000
16 30 30 30 16 16 2.000000
16 31 31 31 16 17 2.000000
16 32 33 33 16 18 2.000000
16 34 35 35 16 19 2.000000
16 36 37 37 16 20 2.000000
16 38 39 39 16 21 2.000000
16 40 41 41 16 22 2.000000
16 42 43 43 16 23 2.000000
16 44 45 45 16 24 2.000000
16 46 47 47 16 25 2.000000
16 48 49 49 16 26 2.000000
16 50 51 51 16 27 2.000000
16 52 53 53 16 28 2.000000
16 54 55 55 16 29 2.000000
16 56 57 57 16 30 2.000000
16 58 59 59 16 31 2.000000
16 60 61 61 16 32 2.000000
16 62 64 63 16 33 2.000000
16 65 67 66 16 34 2.000000
16 68 70 69 16 35 2.000000
16 71 73 72 16 36 2.000000
16 74 76 75 16 37 2.000000
16 77 79 78 16 38 2.000000
16 80 82 81 16 39 2.000000
16 83 85 84 16 40 2.000000
16 86 88 87 16 41 2.000000
16 89 91 90 16 42 2.000000
16 92 94 93 16 43 2.000000
16 95 97 96 16 44 1.983165
16 98 100 99 16 45 1.972526
16 101 103 102 16 46 1.961585
16 104 109 107 16 47 1.950981
16 110 115 113 16 48 1.937036
16 116 121 119 16 49 1.914708
16 122 127 125 16 50 1.897749
16 128 133 131 16 51 1.872477
16 134 139 137 16 52 1.850660
16 140 145 143 16 53 1.839619
16 146 151 149 16 54 1.829959
16 152 157 155 16 55 1.816753
16 158 163 161 16 56 1.803477
16 164 169 167 16 57 1.793480
16 170 175 173 16 58 1.778459
16 176 181 179 16 59 1.763128
16 182 187 185 16 60 1.756217
16 188 193 191 16 61 1.751227
16 194 254 224 16 62 1.716504
16 255 255 255 16 63 1.694641
17 0 0 0 17 0 1.000000   # ieta [18], pt 0
17 15 15 15 17 1 2.000000
17 16 16 16 17 2 2.000000
17 17 17 17 17 3 2.000000
17 18 18 18 17 4 2.000000
17 19 19 19 17 5 2.000000
17 20 20 20 17 6 2.000000
17 21 21 21 17 7 2.000000
17 22 22 22 17 8 2.000000
17 23 23 23 17 9 2.000000
17 24 24 24 17 10 2.000000
17 25 25 25 17 11 2.000000
17 26 26 26 17 12 2.000000
17 27 27 27 17 13 2.000000
17 28 28 28 17 14 2.000000
17 29 29 29 17 15 2.000000
17 30 30 30 17 16 2.000000
17 31 31 31 17 17 2.000000
17 32 33 33 17 18 2.000000
17 34 35 35 17 19 2.000000
17 36 37 37 17 20 2.000000
17 38 39 39 17 21 2.000000
17 40 41 41 17 22 2.000000
17 42 43 43 17 23 2.000000
17 44 45 45 17 24 2.000000
17 46 47 47 17 25 2.000000
17 48 49 49 17 26 2.000000
17 50 51 51 17 27 2.000000
17 52 53 53 17 28 2.000000
17 54 55 55 17 29 2.000000
17 56 57 57 17 30 2.000000
17 58 59 59 17 31 2.000000
17 60 61 61 17 32 2.000000
17 62 64 63 17 33 2.000000
17 65 67 66 17 34 2.000000
17 68 70 69 17 35 1.972573
17 71 73 72 17 36 1.952568
17 74 76 75 17 37 1.932266
17 77 79 78 17 38 1.909938
17 80 82 81 17 39 1.890206
17 83 85 84 17 40 1.876156
17 86 88 87 17 41 1.869195
17 89 91 90 17 42 1.861953
17 92 94 93 17 43 1.839238
17 95 97 96 17 44 1.816795
17 98 100 99 17 45 1.808223
17 101 103 102 17 46 1.800184
17 104 109 107 17 47 1.785613
17 110 115 113 17 48 1.764810
17 116 121 119 17 49 1.742507
17 122 127 125 17 50 1.733713
17 128 133 131 17 51 1.717584
17 134 139 137 17 52 1.702722
17 140 145 143 17 53 1.688773
17 146 151 149 17 54 1.672410
17 152 157 155 17 55 1.661305
17 158 163 161 17 56 1.654830
17 164 169 167 17 57 1.645006
17 170 175 173 17 58 1.631576
17 176 181 179 17 59 1.624142
17 182 187 185 17 60 1.615362
17 188 193 191 17 61 1.610280
17 194 254 224 17 62 1.574091
17 255 255 255 17 63 1.552299
18 0 0 0 18 0 1.000000   # ieta [19], pt 0
18 15 15 15 18 1 2.000000
18 16 16 16 18 2 2.000000
18 17 17 17 18 3 2.000000
18 18 18 18 18 4 2.000000
18 19 19 19 18 5 2.000000
18 20 20 20 18 6 2.000000
18 21 21 21 18 7 2.000000
18 22 22 22 18 8 2.000000
18 23 23 23 18 9 2.000000
18 24 24 24 18 10 2.000000
18 25 25 25 18 11 2.000000
18 26 26 26 18 12 2.000000
18 27 27 27 18 13 2.000000
18 28 28 28 18 14 2.000000
18 29 29 29 18 15 2.000000
18 30 30 30 18 16 2.000000
18 31 31 31 18 17 2.000000
18 32 33 33 18 18 2.000000
18 34 35 35 18 19 2.000000
18 36 37 37 18 20 2.000000
18 38 39 39 18 21 2.000000
18 40 41 41 18 22 2.000000
18 42 43 43 18 23 2.000000
18 44 45 45 18 24 2.000000
18 46 47 47 18 25 2.000000
18 48 49 49 18 26 2.000000
18 50 51 51 18 27 2.000000
18 52 53 53 18 28 2.000000
18 54 55 55 18 29 2.000000
18 56 57 57 18 30 2.000000
18 58 59 59 18 31 2.000000
18 60 61 61 18 32 1.994248
18 62 64 63 18 33 1.979725
18 65 67 66 18 34 1.957264
18 68 70 69 18 35 1.933964
18 71 73 72 18 36 1.915808
18 74 76 75 18 37 1.896689
18 77 79 78 18 38 1.880628
18 80 82 81 18 39 1.867827
18 83 85 84 18 40 1.854461
18 86 88 87 18 41 1.847166
18 89 91 90 18 42 1.839306
18 92 94 93 18 43 1.812923
18 95 97 96 18 44 1.786895
18 98 100 99 18 45 1.778565
18 101 103 102 18 46 1.769548
18 104 109 107 18 47 1.752908
18 110 115 113 18 48 1.732487
18 116 121 119 18 49 1.710592
18 122 127 125 18 50 1.699907
18 128 133 131 18 51 1.679905
18 134 139 137 18 52 1.660975
18 140 145 143 18 53 1.647261
18 146 151 149 18 54 1.632440
18 152 157 155 18 55 1.612011
18 158 163 161 18 56 1.600973
18 164 169 167 18 57 1.590948
18 170 175 173 18 58 1.578530
18 176 181 179 18 59 1.569336
18 182 187 185 18 60 1.558073
18 188 193 191 18 61 1.550783
18 194 254 224 18 62 1.514750
18 255 255 255 18 63 1.492386
19 0 0 0 19 0 1.000000   # ieta [20], pt 0
19 15 15 15 19 1 2.000000
19 16 16 16 19 2 2.000000
19 17 17 17 19 3 2.000000
19 18 18 18 19 4 2.000000
19 19 19 19 19 5 2.000000
19 20 20 20 19 6 2.000000
19 21 21 21 19 7 2.000000
19 22 22 22 19 8 2.000000
19 23 23 23 19 9 2.000000
19 24 24 24 19 10 2.000000
19 25 25 25 19 11 2.000000
19 26 26 26 19 12 2.000000
19 27 27 27 19 13 2.000000
19 28 28 28 19 14 2.000000
19 29 29 29 19 15 2.000000
19 30 30 30 19 16 2.000000
19 31 31 31 19 17 2.000000
19 32 33 33 19 18 2.000000
19 34 35 35 19 19 2.000000
19 36 37 37 19 20 2.000000
19 38 39 39 19 21 2.000000
19 40 41 41 19 22 2.000000
19 42 43 43 19 23 2.000000
19 44 45 45 19 24 2.000000
19 46 47 47 19 25 2.000000
19 48 49 49 19 26 2.000000
19 50 51 51 19 27 2.000000
19 52 53 53 19 28 2.000000
19 54 55 55 19 29 2.000000
19 56 57 57 19 30 2.000000
19 58 59 59 19 31 1.989410
19 60 61 61 19 32 1.973174
19 62 64 63 19 33 1.960397
19 65 67 66 19 34 1.940198
19 68 70 69 19 35 1.912756
19 71 73 72 19 36 1.894800
19 74 76 75 19 37 1.875889
19 77 79 78 19 38 1.860004
19 80 82 81 19 39 1.850964
19 83 85 84 19 40 1.841974
19 86 88 87 19 41 1.834341
19 89 91 90 19 42 1.825763
19 92 94 93 19 43 1.799574
19 95 97 96 19 44 1.776173
19 98 100 99 19 45 1.769325
19 101 103 102 19 46 1.761090
19 104 109 107 19 47 1.743340
19 110 115 113 19 48 1.722722
19 116 121 119 19 49 1.700797
19 122 127 125 19 50 1.688815
19 128 133 131 19 51 1.672956
19 134 139 137 19 52 1.656104
19 140 145 143 19 53 1.642602
19 146 151 149 19 54 1.628685
19 152 157 155 19 55 1.608303
19 158 163 161 19 56 1.599532
19 164 169 167 19 57 1.589516
19 170 175 173 19 58 1.577108
19 176 181 179 19 59 1.567922
19 182 187 185 19 60 1.556670
19 188 193 191 19 61 1.549086
19 194 254 224 19 62 1.513818
19 255 255 255 19 63 1.491550
20 0 0 0 20 0 1.000000   # ieta [21], pt 0
20 15 15 15 20 1 2.000000
20 16 16 16 20 2 2.000000
20 17 17 17 20 3 2.000000
20 18 18 18 20 4 2.000000
20 19 19 19 20 5 2.000000
20 20 20 20 20 6 2.000000
20 21 21 21 20 7 2.000000
20 22 22 22 20 8 2.000000
20 23 23 23 20 9 2.000000
20 24 24 24 20 10 2.000000
20 25 25 25 20 11 2.000000
20 26 26 26 20 12 2.000000
20 27 27 27 20 13 2.000000
20 28 28 28 20 14 2.000000
20 29 29 29 20 15 2.000000
20 30 30 30 20 16 2.000000
20 31 31 31 20 17 2.000000
20 32 33 33 20 18 2.000000
20 34 35 35 20 19 2.000000
20 36 37 37 20 20 2.000000
20 38 39 39 20 21 2.000000
20 40 41 41 20 22 2.000000
20 42 43 43 20 23 2.000000
20 44 45 45 20 24 2.000000
20 46 47 47 20 25 2.000000
20 48 49 49 20 26 2.000000
20 50 51 51 20 27 2.000000
20 52 53 53 20 28 2.000000
20 54 55 55 20 29 2.000000
20 56 57 57 20 30 1.997804
20 58 59 59 20 31 1.973937
20 60 61 61 20 32 1.958184
20 62 64 63 20 33 1.949917
20 65 67 66 20 34 1.925578
20 68 70 69 20 35 1.896714
20 71 73 72 20 36 1.878908
20 74 76 75 20 37 1.860628
20 77 79 78 20 38 1.845814
20 80 82 81 20 39 1.832543
20 83 85 84 20 40 1.819808
20 86 88 87 20 41 1.803673
20 89 91 90 20 42 1.789478
20 92 94 93 20 43 1.763650
20 95 97 96 20 44 1.743922
20 98 100 99 20 45 1.736812
20 101 103 102 20 46 1.724807
20 104 109 107 20 47 1.707059
20 110 115 113 20 48 1.683742
20 116 121 119 20 49 1.662996
20 122 127 125 20 50 1.650525
20 128 133 131 20 51 1.641930
20 134 139 137 20 52 1.636226
20 140 145 143 20 53 1.627983
20 146 151 149 20 54 1.611914
20 152 157 155 20 55 1.589929
20 158 163 161 20 56 1.583468
20 164 169 167 20 57 1.573552
20 170 175 173 20 58 1.561849
20 176 181 179 20 59 1.551477
20 182 187 185 20 60 1.541555
20 188 193 191 20 61 1.533622
20 194 254 224 20 62 1.500170
20 255 255 255 20 63 1.478387
21 0 0 0 21 0 1.000000   # ieta [22], pt 0
21 15 15 15 21 1 2.000000
21 16 16 16 21 2 2.000000
21 17 17 17 21 3 2.000000
21 18 18 18 21 4 2.000000
21 19 19 19 21 5 2.000000
21 20 20 20 21 6 2.000000
21 21 21 21 21 7 2.000000
21 22 22 22 21 8 2.000000
21 23 23 23 21 9 2.000000
21 24 24 24 21 10 2.000000
21 25 25 25 21 11 2.000000
21 26 26 26 21 12 2.000000
21 27 27 27 21 13 2.000000
21 28 28 28 21 14 2.000000
21 29 29 29 21 15 2.000000
21 30 30 30 21 16 2.000000
21 31 31 31 21 17 2.000000
21 32 33 33 21 18 2.000000
21 34 35 35 21 19 2.000000
21 36 37 37 21 20 2.000000
21 38 39 39 21 21 2.000000
21 40 41 41 21 22 2.000000
21 42 43 43 21 23 2.000000
21 44 45 45 21 24 2.000000
21 46 47 47 21 25 2.000000
21 48 49 49 21 26 2.000000
21 50 51 51 21 27 1.992933
21 52 53 53 21 28 1.976319
21 54 55 55 21 29 1.962642
21 56 57 57 21 30 1.946546
21 58 59 59 21 31 1.923742
21 60 61 61 21 32 1.908257
21 62 64 63 21 33 1.896778
21 65 67 66 21 34 1.882780
21 68 70 69 21 35 1.850209
21 71 73 72 21 36 1.835260
21 74 76 75 21 37 1.811531
21 77 79 78 21 38 1.796132
21 80 82 81 21 39 1.783218
21 83 85 84 21 40 1.774272
21 86 88 87 21 41 1.767572
21 89 91 90 21 42 1.759132
21 92 94 93 21 43 1.738738
21 95 97 96 21 44 1.716363
21 98 100 99 21 45 1.708617
21 101 103 102 21 46 1.698005
21 104 109 107 21 47 1.683866
21 110 115 113 21 48 1.662259
21 116 121 119 21 49 1.644654
21 122 127 125 21 50 1.629049
21 128 133 131 21 51 1.615132
21 134 139 137 21 52 1.605527
21 140 145 143 21 53 1.594636
21 146 151 149 21 54 1.582385
21 152 157 155 21 55 1.571149
21 158 163 161 21 56 1.564085
21 164 169 167 21 57 1.555772
21 170 175 173 21 58 1.542641
21 176 181 179 21 59 1.528697
21 182 187 185 21 60 1.520859
21 188 193 191 21 61 1.513828
21 194 254 224 21 62 1.481121
21 255 255 255 21 63 1.459543
22 0 0 0 22 0 1.000000   # ieta [23], pt 0
22 15 15 15 22 1 2.000000
22 16 16 16 22 2 2.000000
22 17 17 17 22 3 2.000000
22 18 18 18 22 4 2.000000
22 19 19 19 22 5 2.000000
22 20 20 20 22 6 2.000000
22 21 21 21 22 7 2.000000
22 22 22 22 22 8 2.000000
22 23 23 23 22 9 2.000000
22 24 24 24 22 10 2.000000
22 25 25 25 22 11 2.000000
22 26 26 26 22 12 2.000000
22 27 27 27 22 13 2.000000
22 28 28 28 22 14 2.000000
22 29 29 29 22 15 2.000000
22 30 30 30 22 16 2.000000
22 31 31 31 22 17 2.000000
22 32 33 33 22 18 2.000000
22 34 35 35 22 19 2.000000
22 36 37 37 22 20 2.000000
22 38 39 39 22 21 2.000000
22 40 41 41 22 22 2.000000
22 42 43 43 22 23 2.000000
22 44 45 45 22 24 1.997948
22 46 47 47 22 25 1.979613
22 48 49 49 22 26 1.958143
22 50 51 51 22 27 1.934943
22 52 53 53 22 28 1.920935
22 54 55 55 22 29 1.908366
22 56 57 57 22 30 1.892615
22 58 59 59 22 31 1.869859
22 60 61 61 22 32 1.855871
22 62 64 63 22 33 1.843517
22 65 67 66 22 34 1.822995
22 68 70 69 22 35 1.797141
22 71 73 72 22 36 1.787497
22 74 76 75 22 37 1.765851
22 77 79 78 22 38 1.752638
22 80 82 81 22 39 1.739526
22 83 85 84 22 40 1.727754
22 86 88 87 22 41 1.719991
22 89 91 90 22 42 1.710701
22 92 94 93 22 43 1.693770
22 95 97 96 22 44 1.678245
22 98 100 99 22 45 1.671076
22 101 103 102 22 46 1.659045
22 104 109 107 22 47 1.644995
22 110 115 113 22 48 1.625552
22 116 121 119 22 49 1.607663
22 122 127 125 22 50 1.595423
22 128 133 131 22 51 1.584769
22 134 139 137 22 52 1.571308
22 140 145 143 22 53 1.561100
22 146 151 149 22 54 1.551746
22 152 157 155 22 55 1.536792
22 158 163 161 22 56 1.528853
22 164 169 167 22 57 1.518101
22 170 175 173 22 58 1.511208
22 176 181 179 22 59 1.497021
22 182 187 185 22 60 1.488245
22 188 193 191 22 61 1.480759
22 194 254 224 22 62 1.449652
22 255 255 255 22 63 1.429861
23 0 0 0 23 0 1.000000   # ieta [24], pt 0
23 15 15 15 23 1 2.000000
23 16 16 16 23 2 2.000000
23 17 17 17 23 3 2.000000
23 18 18 18 23 4 2.000000
23 19 19 19 23 5 2.000000
23 20 20 20 23 6 2.000000
23 21 21 21 23 7 2.000000
23 22 22 22 23 8 2.000000
23 23 23 23 23 9 2.000000
23 24 24 24 23 10 2.000000
23 25 25 25 23 11 2.000000
23 26 26 26 23 12 2.000000
23 27 27 27 23 13 2.000000
23 28 28 28 23 14 2.000000
23 29 29 29 23 15 2.000000
23 30 30 30 23 16 2.000000
23 31 31 31 23 17 2.000000
23 32 33 33 23 18 2.000000
23 34 35 35 23 19 2.000000
23 36 37 37 23 20 2.000000
23 38 39 39 23 21 2.000000
23 40 41 41 23 22 2.000000
23 42 43 43 23 23 1.984018
23 44 45 45 23 24 1.958929
23 46 47 47 23 25 1.934400
23 48 49 49 23 26 1.913206
23 50 51 51 23 27 1.889095
23 52 53 53 23 28 1.874067
23 54 55 55 23 29 1.857660
23 56 57 57 23 30 1.844256
23 58 59 59 23 31 1.824834
23 60 61 61 23 32 1.814041
23 62 64 63 23 33 1.803265
23 65 67 66 23 34 1.785018
23 68 70 69 23 35 1.760766
23 71 73 72 23 36 1.753565
23 74 76 75 23 37 1.731629
23 77 79 78 23 38 1.718311
23 80 82 81 23 39 1.704429
23 83 85 84 23 40 1.692046
23 86 88 87 23 41 1.684809
23 89 91 90 23 42 1.675835
23 92 94 93 23 43 1.658994
23 95 97 96 23 44 1.644188
23 98 100 99 23 45 1.637244
23 101 103 102 23 46 1.625456
23 104 109 107 23 47 1.609641
23 110 115 113 23 48 1.593391
23 116 121 119 23 49 1.582210
23 122 127 125 23 50 1.570890
23 128 133 131 23 51 1.560752
23 134 139 137 23 52 1.548718
23 140 145 143 23 53 1.539900
23 146 151 149 23 54 1.529009
23 152 157 155 23 55 1.513189
23 158 163 161 23 56 1.505618
23 164 169 167 23 57 1.495994
23 170 175 173 23 58 1.486644
23 176 181 179 23 59 1.473771
23 182 187 185 23 60 1.466600
23 188 193 191 23 61 1.460644
23 194 254 224 23 62 1.434278
23 255 255 255 23 63 1.416888
24 0 0 0 24 0 1.000000   # ieta [25], pt 0
24 15 15 15 24 1 2.000000
24 16 16 16 24 2 2.000000
24 17 17 17 24 3 2.000000
24 18 18 18 24 4 2.000000
24 19 19 19 24 5 2.000000
24 20 20 20 24 6 2.000000
24 21 21 21 24 7 2.000000
24 22 22 22 24 8 2.000000
24 23 23 23 24 9 2.000000
24 24 24 24 24 10 2.000000
24 25 25 25 24 11 2.000000
24 26 26 26 24 12 2.000000
24 27 27 27 24 13 2.000000
24 28 28 28 24 14 2.000000
24 29 29 29 24 15 2.000000
24 30 30 30 24 16 2.000000
24 31 31 31 24 17 2.000000
24 32 33 33 24 18 2.000000
24 34 35 35 24 19 2.000000
24 36 37 37 24 20 2.000000
24 38 39 39 24 21 2.000000
24 40 41 41 24 22 2.000000
24 42 43 43 24 23 1.983843
24 44 45 45 24 24 1.958402
24 46 47 47 24 25 1.933879
24 48 49 49 24 26 1.912692
24 50 51 51 24 27 1.888587
24 52 53 53 24 28 1.873563
24 54 55 55 24 29 1.857160
24 56 57 57 24 30 1.843760
24 58 59 59 24 31 1.824342
24 60 61 61 24 32 1.813553
24 62 64 63 24 33 1.802780
24 65 67 66 24 34 1.784538
24 68 70 69 24 35 1.760148
24 71 73 72 24 36 1.752948
24 74 76 75 24 37 1.731020
24 77 79 78 24 38 1.717707
24 80 82 81 24 39 1.703830
24 83 85 84 24 40 1.691452
24 86 88 87 24 41 1.684217
24 89 91 90 24 42 1.675246
24 92 94 93 24 43 1.658211
24 95 97 96 24 44 1.644387
24 98 100 99 24 45 1.637105
24 101 103 102 24 46 1.624645
24 104 109 107 24 47 1.608890
24 110 115 113 24 48 1.592906
24 116 121 119 24 49 1.581729
24 122 127 125 24 50 1.570412
24 128 133 131 24 51 1.560278
24 134 139 137 24 52 1.548247
24 140 145 143 24 53 1.539432
24 146 151 149 24 54 1.528607
24 152 157 155 24 55 1.512853
24 158 163 161 24 56 1.505284
24 164 169 167 24 57 1.495662
24 170 175 173 24 58 1.486314
24 176 181 179 24 59 1.473444
24 182 187 185 24 60 1.466275
24 188 193 191 24 61 1.460320
24 194 254 224 24 62 1.433026
24 255 255 255 24 63 1.422503
25 0 0 0 25 0 1.000000   # ieta [26], pt 0
25 15 15 15 25 1 2.000000
25 16 16 16 25 2 2.000000
25 17 17 17 25 3 2.000000
25 18 18 18 25 4 2.000000
25 19 19 19 25 5 2.000000
25 20 20 20 25 6 2.000000
25 21 21 21 25 7 2.000000
25 22 22 22 25 8 2.000000
25 23 23 23 25 9 2.000000
25 24 24 24 25 10 2.000000
25 25 25 25 25 11 2.000000
25 26 26 26 25 12 2.000000
25 27 27 27 25 13 2.000000
25 28 28 28 25 14 2.000000
25 29 29 29 25 15 2.000000
25 30 30 30 25 16 2.000000
25 31 31 31 25 17 2.000000
25 32 33 33 25 18 2.000000
25 34 35 35 25 19 2.000000
25 36 37 37 25 20 2.000000
25 38 39 39 25 21 2.000000
25 40 41 41 25 22 2.000000
25 42 43 43 25 23 1.986300
25 44 45 45 25 24 1.961166
25 46 47 47 25 25 1.936609
25 48 49 49 25 26 1.915063
25 50 51 51 25 27 1.890601
25 52 53 53 25 28 1.873737
25 54 55 55 25 29 1.855933
25 56 57 57 25 30 1.838225
25 58 59 59 25 31 1.806765
25 60 61 61 25 32 1.805079
25 62 64 63 25 33 1.793110
25 65 67 66 25 34 1.773981
25 68 70 69 25 35 1.749670
25 71 73 72 25 36 1.741224
25 74 76 75 25 37 1.716871
25 77 79 78 25 38 1.704041
25 80 82 81 25 39 1.689496
25 83 85 84 25 40 1.675391
25 86 88 87 25 41 1.667607
25 89 91 90 25 42 1.657491
25 92 94 93 25 43 1.637541
25 95 97 96 25 44 1.622429
25 98 100 99 25 45 1.612048
25 101 103 102 25 46 1.601344
25 104 109 107 25 47 1.586499
25 110 115 113 25 48 1.569995
25 116 121 119 25 49 1.557244
25 122 127 125 25 50 1.545069
25 128 133 131 25 51 1.534736
25 134 139 137 25 52 1.522608
25 140 145 143 25 53 1.513151
25 146 151 149 25 54 1.501392
25 152 157 155 25 55 1.484853
25 158 163 161 25 56 1.477251
25 164 169 167 25 57 1.467909
25 170 175 173 25 58 1.458902
25 176 181 179 25 59 1.444949
25 182 187 185 25 60 1.438478
25 188 193 191 25 61 1.432954
25 194 254 224 25 62 1.404789
25 255 255 255 25 63 1.388615
26 0 0 0 26 0 1.000000   # ieta [27], pt 0
26 15 15 15 26 1 2.000000
26 16 16 16 26 2 2.000000
26 17 17 17 26 3 2.000000
26 18 18 18 26 4 2.000000
26 19 19 19 26 5 2.000000
26 20 20 20 26 6 2.000000
26 21 21 21 26 7 2.000000
26 22 22 22 26 8 2.000000
26 23 23 23 26 9 2.000000
26 24 24 24 26 10 2.000000
26 25 25 25 26 11 2.000000
26 26 26 26 26 12 2.000000
26 27 27 27 26 13 2.000000
26 28 28 28 26 14 2.000000
26 29 29 29 26 15 2.000000
26 30 30 30 26 16 2.000000
26 31 31 31 26 17 2.000000
26 32 33 33 26 18 2.000000
26 34 35 35 26 19 2.000000
26 36 37 37 26 20 2.000000
26 38 39 39 26 21 2.000000
26 40 41 41 26 22 2.000000
26 42 43 43 26 23 2.000000
26 44 45 45 26 24 2.000000
26 46 47 47 26 25 2.000000
26 48 49 49 26 26 1.985218
26 50 51 51 26 27 1.955656
26 52 53 53 26 28 1.936216
26 54 55 55 26 29 1.915016
26 56 57 57 26 30 1.895952
26 58 59 59 26 31 1.869350
26 60 61 61 26 32 1.854903
26 62 64 63 26 33 1.839309
26 65 67 66 26 34 1.815571
26 68 70 69 26 35 1.783068
26 71 73 72 26 36 1.771244
26 74 76 75 26 37 1.746231
26 77 79 78 26 38 1.731131
26 80 82 81 26 39 1.717265
26 83 85 84 26 40 1.700898
26 86 88 87 26 41 1.691631
26 89 91 90 26 42 1.680855
26 92 94 93 26 43 1.661257
26 95 97 96 26 44 1.643230
26 98 100 99 26 45 1.632674
26 101 103 102 26 46 1.621689
26 104 109 107 26 47 1.606654
26 110 115 113 26 48 1.589834
26 116 121 119 26 49 1.575906
26 122 127 125 26 50 1.560430
26 128 133 131 26 51 1.549561
26 134 139 137 26 52 1.537250
26 140 145 143 26 53 1.527302
26 146 151 149 26 54 1.515417
26 152 157 155 26 55 1.498467
26 158 163 161 26 56 1.490795
26 164 169 167 26 57 1.481368
26 170 175 173 26 58 1.472279
26 176 181 179 26 59 1.458198
26 182 187 185 26 60 1.451667
26 188 193 191 26 61 1.445896
26 194 254 224 26 62 1.418360
26 255 255 255 26 63 1.397392
27 0 0 0 27 0 1.000000   # ieta [28], pt 0
27 15 15 15 27 1 2.000000
27 16 16 16 27 2 2.000000
27 17 17 17 27 3 2.000000
27 18 18 18 27 4 2.000000
27 19 19 19 27 5 2.000000
27 20 20 20 27 6 2.000000
27 21 21 21 27 7 2.000000
27 22 22 22 27 8 2.000000
27 23 23 23 27 9 2.000000
27 24 24 24 27 10 2.000000
27 25 25 25 27 11 2.000000
27 26 26 26 27 12 2.000000
27 27 27 27 27 13 2.000000
27 28 28 28 27 14 2.000000
27 29 29 29 27 15 2.000000
27 30 30 30 27 16 2.000000
27 31 31 31 27 17 2.000000
27 32 33 33 27 18 2.000000
27 34 35 35 27 19 2.000000
27 36 37 37 27 20 2.000000
27 38 39 39 27 21 2.000000
27 40 41 41 27 22 2.000000
27 42 43 43 27 23 2.000000
27 44 45 45 27 24 2.000000
27 46 47 47 27 25 2.000000
27 48 49 49 27 26 2.000000
27 50 51 51 27 27 2.000000
27 52 53 53 27 28 1.985323
27 54 55 55 27 29 1.963576
27 56 57 57 27 30 1.943652
27 58 59 59 27 31 1.917632
27 60 61 61 27 32 1.903952
27 62 64 63 27 33 1.888637
27 65 67 66 27 34 1.864464
27 68 70 69 27 35 1.830815
27 71 73 72 27 36 1.818098
27 74 76 75 27 37 1.788209
27 77 79 78 27 38 1.770765
27 80 82 81 27 39 1.756809
27 83 85 84 27 40 1.738902
27 86 88 87 27 41 1.727500
27 89 91 90 27 42 1.716048
27 92 94 93 27 43 1.695266
27 95 97 96 27 44 1.677441
27 98 100 99 27 45 1.665719
27 101 103 102 27 46 1.657014
27 104 109 107 27 47 1.640126
27 110 115 113 27 48 1.615380
27 116 121 119 27 49 1.599500
27 122 127 125 27 50 1.586120
27 128 133 131 27 51 1.574190
27 134 139 137 27 52 1.561632
27 140 145 143 27 53 1.550688
27 146 151 149 27 54 1.538178
27 152 157 155 27 55 1.521356
27 158 163 161 27 56 1.513244
27 164 169 167 27 57 1.503675
27 170 175 173 27 58 1.494449
27 176 181 179 27 59 1.480156
27 182 187 185 27 60 1.473527
27 188 193 191 27 61 1.467175
27 194 254 224 27 62 1.438364
27 255 255 255 27 63 1.427284
28 0 0 0 28 0 1.000000   # ieta [29], pt 0
28 15 15 15 28 1 2.000000
28 16 16 16 28 2 2.000000
28 17 17 17 28 3 2.000000
28 18 18 18 28 4 2.000000
28 19 19 19 28 5 2.000000
28 20 20 20 28 6 2.000000
28 21 21 21 28 7 2.000000
28 22 22 22 28 8 2.000000
28 23 23 23 28 9 2.000000
28 24 24 24 28 10 2.000000
28 25 25 25 28 11 2.000000
28 26 26 26 28 12 2.000000
28 27 27 27 28 13 2.000000
28 28 28 28 28 14 1.938455
28 29 29 29 28 15 1.917418
28 30 30 30 28 16 1.899499
28 31 31 31 28 17 1.903913
28 32 33 33 28 18 1.876614
28 34 35 35 28 19 1.860219
28 36 37 37 28 20 1.848848
28 38 39 39 28 21 1.835681
28 40 41 41 28 22 1.788247
28 42 43 43 28 23 1.781169
28 44 45 45 28 24 1.766799
28 46 47 47 28 25 1.731461
28 48 49 49 28 26 1.720645
28 50 51 51 28 27 1.716486
28 52 53 53 28 28 1.712059
28 54 55 55 28 29 1.667618
28 56 57 57 28 30 1.663583
28 58 59 59 28 31 1.652254
28 60 61 61 28 32 1.644927
28 62 64 63 28 33 1.638893
28 65 67 66 28 34 1.623299
28 68 70 69 28 35 1.587870
28 71 73 72 28 36 1.570268
28 74 76 75 28 37 1.552529
28 77 79 78 28 38 1.535274
28 80 82 81 28 39 1.524113
28 83 85 84 28 40 1.514381
28 86 88 87 28 41 1.509270
28 89 91 90 28 42 1.506059
28 92 94 93 28 43 1.484148
28 95 97 96 28 44 1.471279
28 98 100 99 28 45 1.467456
28 101 103 102 28 46 1.462530
28 104 109 107 28 47 1.427495
28 110 115 113 28 48 1.395165
28 116 121 119 28 49 1.381188
28 122 127 125 28 50 1.376994
28 128 133 131 28 51 1.373909
28 134 139 137 28 52 1.357654
28 140 145 143 28 53 1.354800
28 146 151 149 28 54 1.352050
28 152 157 155 28 55 1.346503
28 158 163 161 28 56 1.342893
28 164 169 167 28 57 1.341451
28 170 175 173 28 58 1.330867
28 176 181 179 28 59 1.322953
28 182 187 185 28 60 1.318414
28 188 193 191 28 61 1.309812
28 194 254 224 28 62 1.288539
28 255 255 255 28 63 1.279055
29 0 0 0 29 0 1.000000   # ieta [30], pt 0
29 15 15 15 29 1 2.000000
29 16 16 16 29 2 2.000000
29 17 17 17 29 3 1.954110
29 18 18 18 29 4 1.890038
29 19 19 19 29 5 1.886106
29 20 20 20 29 6 1.861112
29 21 21 21 29 7 1.811733
29 22 22 22 29 8 1.799466
29 23 23 23 29 9 1.758919
29 24 24 24 29 10 1.760430
29 25 25 25 29 11 1.751404
29 26 26 26 29 12 1.749114
29 27 27 27 29 13 1.730263
29 28 28 28 29 14 1.682991
29 29 29 29 29 15 1.668478
29 30 30 30 29 16 1.638556
29 31 31 31 29 17 1.622586
29 32 33 33 29 18 1.602509
29 34 35 35 29 19 1.554554
29 36 37 37 29 20 1.537370
29 38 39 39 29 21 1.532143
29 40 41 41 29 22 1.511438
29 42 43 43 29 23 1.487649
29 44 45 45 29 24 1.477838
29 46 47 47 29 25 1.458892
29 48 49 49 29 26 1.440440
29 50 51 51 29 27 1.433804
29 52 53 53 29 28 1.433063
29 54 55 55 29 29 1.430849
29 56 57 57 29 30 1.422982
29 58 59 59 29 31 1.412612
29 60 61 61 29 32 1.402812
29 62 64 63 29 33 1.391568
29 65 67 66 29 34 1.378722
29 68 70 69 29 35 1.354090
29 71 73 72 29 36 1.343742
29 74 76 75 29 37 1.334524
29 77 79 78 29 38 1.319044
29 80 82 81 29 39 1.307303
29 83 85 84 29 40 1.297570
29 86 88 87 29 41 1.292822
29 89 91 90 29 42 1.289502
29 92 94 93 29 43 1.279994
29 95 97 96 29 44 1.273706
29 98 100 99 29 45 1.270876
29 101 103 102 29 46 1.270582
29 104 109 107 29 47 1.262606
29 110 115 113 29 48 1.247191
29 116 121 119 29 49 1.228188
29 122 127 125 29 50 1.219353
29 128 133 131 29 51 1.213525
29 134 139 137 29 52 1.202330
29 140 145 143 29 53 1.197308
29 146 151 149 29 54 1.195632
29 152 157 155 29 55 1.194304
29 158 163 161 29 56 1.190694
29 164 169 167 29 57 1.189252
29 170 175 173 29 58 1.187594
29 176 181 179 29 59 1.189371
29 182 187 185 29 60 1.183991
29 188 193 191 29 61 1.176504
29 194 254 224 29 62 1.163973
29 255 255 255 29 63 1.152136
30 0 0 0 30 0 1.000000   # ieta [31], pt 0
30 15 15 15 30 1 2.000000
30 16 16 16 30 2 2.000000
30 17 17 17 30 3 1.939898
30 18 18 18 30 4 1.882540
30 19 19 19 30 5 1.878608
30 20 20 20 30 6 1.853614
30 21 21 21 30 7 1.799530
30 22 22 22 30 8 1.784757
30 23 23 23 30 9 1.747194
30 24 24 24 30 10 1.746599
30 25 25 25 30 11 1.736119
30 26 26 26 30 12 1.732512
30 27 27 27 30 13 1.711676
30 28 28 28 30 14 1.659426
30 29 29 29 30 15 1.644913
30 30 30 30 30 16 1.616963
30 31 31 31 30 17 1.600993
30 32 33 33 30 18 1.582929
30 34 35 35 30 19 1.536997
30 36 37 37 30 20 1.523713
30 38 39 39 30 21 1.520227
30 40 41 41 30 22 1.497643
30 42 43 43 30 23 1.472358
30 44 45 45 30 24 1.460822
30 46 47 47 30 25 1.441051
30 48 49 49 30 26 1.421185
30 50 51 51 30 27 1.414283
30 52 53 53 30 28 1.412847
30 54 55 55 30 29 1.410634
30 56 57 57 30 30 1.404391
30 58 59 59 30 31 1.395054
30 60 61 61 30 32 1.385740
30 62 64 63 30 33 1.378527
30 65 67 66 30 34 1.368797
30 68 70 69 30 35 1.345340
30 71 73 72 30 36 1.334991
30 74 76 75 30 37 1.325773
30 77 79 78 30 38 1.310293
30 80 82 81 30 39 1.298552
30 83 85 84 30 40 1.291090
30 86 88 87 30 41 1.286342
30 89 91 90 30 42 1.283023
30 92 94 93 30 43 1.273514
30 95 97 96 30 44 1.267226
30 98 100 99 30 45 1.264785
30 101 103 102 30 46 1.264491
30 104 109 107 30 47 1.256514
30 110 115 113 30 48 1.240889
30 116 121 119 30 49 1.221466
30 122 127 125 30 50 1.212631
30 128 133 131 30 51 1.206802
30 134 139 137 30 52 1.194585
30 140 145 143 30 53 1.188689
30 146 151 149 30 54 1.186931
30 152 157 155 30 55 1.185192
30 158 163 161 30 56 1.181582
30 164 169 167 30 57 1.180140
30 170 175 173 30 58 1.177169
30 176 181 179 30 59 1.178496
30 182 187 185 30 60 1.173336
30 188 193 191 30 61 1.165893
30 194 254 224 30 62 1.154549
30 255 255 255 30 63 1.143309
31 0 0 0 31 0 1.000000   # ieta [32], pt 0
31 15 15 15 31 1 1.946860
31 16 16 16 31 2 1.880289
31 17 17 17 31 3 1.798526
31 18 18 18 31 4 1.768654
31 19 19 19 31 5 1.764527
31 20 20 20 31 6 1.741361
31 21 21 21 31 7 1.677834
31 22 22 22 31 8 1.652738
31 23 23 23 31 9 1.601767
31 24 24 24 31 10 1.591937
31 25 25 25 31 11 1.581710
31 26 26 26 31 12 1.576814
31 27 27 27 31 13 1.564800
31 28 28 28 31 14 1.520519
31 29 29 29 31 15 1.509646
31 30 30 30 31 16 1.505961
31 31 31 31 31 17 1.493629
31 32 33 33 31 18 1.482318
31 34 35 35 31 19 1.451351
31 36 37 37 31 20 1.436535
31 38 39 39 31 21 1.430346
31 40 41 41 31 22 1.420470
31 42 43 43 31 23 1.394781
31 44 45 45 31 24 1.381332
31 46 47 47 31 25 1.360575
31 48 49 49 31 26 1.346398
31 50 51 51 31 27 1.337699
31 52 53 53 31 28 1.335713
31 54 55 55 31 29 1.333499
31 56 57 57 31 30 1.327001
31 58 59 59 31 31 1.318115
31 60 61 61 31 32 1.311192
31 62 64 63 31 33 1.304668
31 65 67 66 31 34 1.299905
31 68 70 69 31 35 1.279093
31 71 73 72 31 36 1.265211
31 74 76 75 31 37 1.253206
31 77 79 78 31 38 1.237601
31 80 82 81 31 39 1.228369
31 83 85 84 31 40 1.224527
31 86 88 87 31 41 1.221374
31 89 91 90 31 42 1.219489
31 92 94 93 31 43 1.211077
31 95 97 96 31 44 1.204754
31 98 100 99 31 45 1.202313
31 101 103 102 31 46 1.201902
31 104 109 107 31 47 1.194020
31 110 115 113 31 48 1.168796
31 116 121 119 31 49 1.161087
31 122 127 125 31 50 1.158852
31 128 133 131 31 51 1.155711
31 134 139 137 31 52 1.147787
31 140 145 143 31 53 1.141890
31 146 151 149 31 54 1.140685
31 152 157 155 31 55 1.139056
31 158 163 161 31 56 1.136594
31 164 169 167 31 57 1.135151
31 170 175 173 31 58 1.131974
31 176 181 179 31 59 1.133344
31 182 187 185 31 60 1.128596
31 188 193 191 31 61 1.121507
31 194 254 224 31 62 1.111169
31 255 255 255 31 63 1.100870
32 0 0 0 32 0 1.000000   # ieta [33], pt 0
32 15 15 15 32 1 1.863513
32 16 16 16 32 2 1.799886
32 17 17 17 32 3 1.718787
32 18 18 18 32 4 1.678374
32 19 19 19 32 5 1.674953
32 20 20 20 32 6 1.655496
32 21 21 21 32 7 1.606824
32 22 22 22 32 8 1.582720
32 23 23 23 32 9 1.542143
32 24 24 24 32 10 1.532256
32 25 25 25 32 11 1.523447
32 26 26 26 32 12 1.521920
32 27 27 27 32 13 1.506160
32 28 28 28 32 14 1.467923
32 29 29 29 32 15 1.457051
32 30 30 30 32 16 1.451120
32 31 31 31 32 17 1.445489
32 32 33 33 32 18 1.430956
32 34 35 35 32 19 1.398564
32 36 37 37 32 20 1.384444
32 38 39 39 32 21 1.378553
32 40 41 41 32 22 1.359125
32 42 43 43 32 23 1.333114
32 44 45 45 32 24 1.318771
32 46 47 47 32 25 1.304146
32 48 49 49 32 26 1.296028
32 50 51 51 32 27 1.289563
32 52 53 53 32 28 1.286975
32 54 55 55 32 29 1.285594
32 56 57 57 32 30 1.281282
32 58 59 59 32 31 1.270741
32 60 61 61 32 32 1.261658
32 62 64 63 32 33 1.252100
32 65 67 66 32 34 1.245766
32 68 70 69 32 35 1.224684
32 71 73 72 32 36 1.215069
32 74 76 75 32 37 1.207037
32 77 79 78 32 38 1.195184
32 80 82 81 32 39 1.185640
32 83 85 84 32 40 1.180295
32 86 88 87 32 41 1.178314
32 89 91 90 32 42 1.176859
32 92 94 93 32 43 1.168533
32 95 97 96 32 44 1.163077
32 98 100 99 32 45 1.160556
32 101 103 102 32 46 1.158835
32 104 109 107 32 47 1.151195
32 110 115 113 32 48 1.125970
32 116 121 119 32 49 1.117882
32 122 127 125 32 50 1.113186
32 128 133 131 32 51 1.110800
32 134 139 137 32 52 1.103314
32 140 145 143 32 53 1.096212
32 146 151 149 32 54 1.095415
32 152 157 155 32 55 1.094428
32 158 163 161 32 56 1.093532
32 164 169 167 32 57 1.093179
32 170 175 173 32 58 1.091092
32 176 181 179 32 59 1.092461
32 182 187 185 32 60 1.088709
32 188 193 191 32 61 1.084163
32 194 254 224 32 62 1.074709
32 255 255 255 32 63 1.065317
33 0 0 0 33 0 1.000000   # ieta [34], pt 0
33 15 15 15 33 1 1.860145
33 16 16 16 33 2 1.796672
33 17 17 17 33 3 1.715042
33 18 18 18 33 4 1.674630
33 19 19 19 33 5 1.671208
33 20 20 20 33 6 1.651751
33 21 21 21 33 7 1.601908
33 22 22 22 33 8 1.577803
33 23 23 23 33 9 1.537226
33 24 24 24 33 10 1.527339
33 25 25 25 33 11 1.519049
33 26 26 26 33 12 1.517522
33 27 27 27 33 13 1.501762
33 28 28 28 33 14 1.463525
33 29 29 29 33 15 1.452652
33 30 30 30 33 16 1.447135
33 31 31 31 33 17 1.441504
33 32 33 33 33 18 1.426971
33 34 35 35 33 19 1.394923
33 36 37 37 33 20 1.381162
33 38 39 39 33 21 1.375522
33 40 41 41 33 22 1.355987
33 42 43 43 33 23 1.330508
33 44 45 45 33 24 1.316665
33 46 47 47 33 25 1.301998
33 48 49 49 33 26 1.293707
33 50 51 51 33 27 1.287068
33 52 53 53 33 28 1.284479
33 54 55 55 33 29 1.282971
33 56 57 57 33 30 1.279463
33 58 59 59 33 31 1.268938
33 60 61 61 33 32 1.260085
33 62 64 63 33 33 1.250759
33 65 67 66 33 34 1.244322
33 68 70 69 33 35 1.222679
33 71 73 72 33 36 1.211917
33 74 76 75 33 37 1.203884
33 77 79 78 33 38 1.192032
33 80 82 81 33 39 1.182915
33 83 85 84 33 40 1.177785
33 86 88 87 33 41 1.175411
33 89 91 90 33 42 1.170588
33 92 94 93 33 43 1.162619
33 95 97 96 33 44 1.157622
33 98 100 99 33 45 1.155102
33 101 103 102 33 46 1.153380
33 104 109 107 33 47 1.145740
33 110 115 113 33 48 1.120515
33 116 121 119 33 49 1.112570
33 122 127 125 33 50 1.108161
33 128 133 131 33 51 1.105775
33 134 139 137 33 52 1.097292
33 140 145 143 33 53 1.090146
33 146 151 149 33 54 1.089407
33 152 157 155 33 55 1.088710
33 158 163 161 33 56 1.088710
33 164 169 167 33 57 1.088821
33 170 175 173 33 58 1.087196
33 176 181 179 33 59 1.087603
33 182 187 185 33 60 1.084992
33 188 193 191 33 61 1.080713
33 194 254 224 33 62 1.072558
33 255 255 255 33 63 1.063581
34 0 0 0 34 0 1.000000   # ieta [35], pt 0
34 15 15 15 34 1 1.864872
34 16 16 16 34 2 1.801399
34 17 17 17 34 3 1.718775
34 18 18 18 34 4 1.678363
34 19 19 19 34 5 1.674941
34 20 20 20 34 6 1.655484
34 21 21 21 34 7 1.603103
34 22 22 22 34 8 1.578999
34 23 23 23 34 9 1.538421
34 24 24 24 34 10 1.528534
34 25 25 25 34 11 1.520244
34 26 26 26 34 12 1.518717
34 27 27 27 34 13 1.502957
34 28 28 28 34 14 1.464720
34 29 29 29 34 15 1.453848
34 30 30 30 34 16 1.447729
34 31 31 31 34 17 1.442098
34 32 33 33 34 18 1.427565
34 34 35 35 34 19 1.395517
34 36 37 37 34 20 1.381459
34 38 39 39 34 21 1.375522
34 40 41 41 34 22 1.355987
34 42 43 43 34 23 1.330508
34 44 45 45 34 24 1.316665
34 46 47 47 34 25 1.301998
34 48 49 49 34 26 1.293707
34 50 51 51 34 27 1.287068
34 52 53 53 34 28 1.284479
34 54 55 55 34 29 1.282971
34 56 57 57 34 30 1.279463
34 58 59 59 34 31 1.268938
34 60 61 61 34 32 1.260085
34 62 64 63 34 33 1.250759
34 65 67 66 34 34 1.244322
34 68 70 69 34 35 1.222679
34 71 73 72 34 36 1.211917
34 74 76 75 34 37 1.203884
34 77 79 78 34 38 1.192032
34 80 82 81 34 39 1.182915
34 83 85 84 34 40 1.177785
34 86 88 87 34 41 1.175411
34 89 91 90 34 42 1.170588
34 92 94 93 34 43 1.162619
34 95 97 96 34 44 1.157622
34 98 100 99 34 45 1.155102
34 101 103 102 34 46 1.153380
34 104 109 107 34 47 1.145740
34 110 115 113 34 48 1.120515
34 116 121 119 34 49 1.112570
34 122 127 125 34 50 1.105435
34 128 133 131 34 51 1.103268
34 134 139 137 34 52 1.092229
34 140 145 143 34 53 1.083692
34 146 151 149 34 54 1.082953
34 152 157 155 34 55 1.082255
34 158 163 161 34 56 1.082255
34 164 169 167 34 57 1.082366
34 170 175 173 34 58 1.080742
34 176 181 179 34 59 1.080226
34 182 187 185 34 60 1.078693
34 188 193 191 34 61 1.074667
34 194 254 224 34 62 1.066757
34 255 255 255 34 63 1.057444
35 0 0 0 35 0 1.000000   # ieta [36], pt 0
35 15 15 15 35 1 1.915553
35 16 16 16 35 2 1.852105
35 17 17 17 35 3 1.773485
35 18 18 18 35 4 1.740207
35 19 19 19 35 5 1.731967
35 20 20 20 35 6 1.711863
35 21 21 21 35 7 1.660001
35 22 22 22 35 8 1.633600
35 23 23 23 35 9 1.591196
35 24 24 24 35 10 1.579292
35 25 25 25 35 11 1.569143
35 26 26 26 35 12 1.565223
35 27 27 27 35 13 1.555949
35 28 28 28 35 14 1.514042
35 29 29 29 35 15 1.503169
35 30 30 30 35 16 1.495838
35 31 31 31 35 17 1.483390
35 32 33 33 35 18 1.468857
35 34 35 35 35 19 1.435897
35 36 37 37 35 20 1.413815
35 38 39 39 35 21 1.399855
35 40 41 41 35 22 1.378061
35 42 43 43 35 23 1.350475
35 44 45 45 35 24 1.333992
35 46 47 47 35 25 1.318586
35 48 49 49 35 26 1.307036
35 50 51 51 35 27 1.297865
35 52 53 53 35 28 1.295277
35 54 55 55 35 29 1.292085
35 56 57 57 35 30 1.287033
35 58 59 59 35 31 1.271197
35 60 61 61 35 32 1.261744
35 62 64 63 35 33 1.252417
35 65 67 66 35 34 1.245981
35 68 70 69 35 35 1.224338
35 71 73 72 35 36 1.213575
35 74 76 75 35 37 1.205543
35 77 79 78 35 38 1.193690
35 80 82 81 35 39 1.184574
35 83 85 84 35 40 1.179219
35 86 88 87 35 41 1.176397
35 89 91 90 35 42 1.171574
35 92 94 93 35 43 1.163606
35 95 97 96 35 44 1.158609
35 98 100 99 35 45 1.156088
35 101 103 102 35 46 1.154367
35 104 109 107 35 47 1.146726
35 110 115 113 35 48 1.121502
35 116 121 119 35 49 1.113556
35 122 127 125 35 50 1.106421
35 128 133 131 35 51 1.104255
35 134 139 137 35 52 1.093216
35 140 145 143 35 53 1.084678
35 146 151 149 35 54 1.083939
35 152 157 155 35 55 1.083242
35 158 163 161 35 56 1.083242
35 164 169 167 35 57 1.083353
35 170 175 173 35 58 1.081728
35 176 181 179 35 59 1.081212
35 182 187 185 35 60 1.079680
35 188 193 191 35 61 1.075653
35 194 254 224 35 62 1.067743
35 255 255 255 35 63 1.058431
36 0 0 0 36 0 1.000000   # ieta [37], pt 0
36 15 15 15 36 1 1.920080
36 16 16 16 36 2 1.856632
36 17 17 17 36 3 1.781825
36 18 18 18 36 4 1.754811
36 19 19 19 36 5 1.743427
36 20 20 20 36 6 1.723323
36 21 21 21 36 7 1.678008
36 22 22 22 36 8 1.652329
36 23 23 23 36 9 1.629146
36 24 24 24 36 10 1.605734
36 25 25 25 36 11 1.595585
36 26 26 26 36 12 1.590194
36 27 27 27 36 13 1.580920
36 28 28 28 36 14 1.529982
36 29 29 29 36 15 1.520125
36 30 30 30 36 16 1.513054
36 31 31 31 36 17 1.493348
36 32 33 33 36 18 1.478686
36 34 35 35 36 19 1.444623
36 36 37 37 36 20 1.422030
36 38 39 39 36 21 1.408612
36 40 41 41 36 22 1.389838
36 42 43 43 36 23 1.363977
36 44 45 45 36 24 1.348748
36 46 47 47 36 25 1.333791
36 48 49 49 36 26 1.320176
36 50 51 51 36 27 1.310592
36 52 53 53 36 28 1.308004
36 54 55 55 36 29 1.304813
36 56 57 57 36 30 1.299053
36 58 59 59 36 31 1.282926
36 60 61 61 36 32 1.273147
36 62 64 63 36 33 1.263495
36 65 67 66 36 34 1.256721
36 68 70 69 36 35 1.235264
36 71 73 72 36 36 1.223437
36 74 76 75 36 37 1.213797
36 77 79 78 36 38 1.201945
36 80 82 81 36 39 1.192828
36 83 85 84 36 40 1.187473
36 86 88 87 36 41 1.184652
36 89 91 90 36 42 1.178220
36 92 94 93 36 43 1.169441
36 95 97 96 36 44 1.162197
36 98 100 99 36 45 1.159128
36 101 103 102 36 46 1.157406
36 104 109 107 36 47 1.149766
36 110 115 113 36 48 1.124541
36 116 121 119 36 49 1.116151
36 122 127 125 36 50 1.108571
36 128 133 131 36 51 1.106404
36 134 139 137 36 52 1.095034
36 140 145 143 36 53 1.086330
36 146 151 149 36 54 1.085591
36 152 157 155 36 55 1.084894
36 158 163 161 36 56 1.084894
36 164 169 167 36 57 1.085005
36 170 175 173 36 58 1.083380
36 176 181 179 36 59 1.082864
36 182 187 185 36 60 1.081332
36 188 193 191 36 61 1.077305
36 194 254 224 36 62 1.069395
36 255 255 255 36 63 1.060083
37 0 0 0 37 0 1.000000   # ieta [38], pt 0
37 15 15 15 37 1 1.920080
37 16 16 16 37 2 1.856632
37 17 17 17 37 3 1.781825
37 18 18 18 37 4 1.754153
37 19 19 19 37 5 1.742768
37 20 20 20 37 6 1.722665
37 21 21 21 37 7 1.677349
37 22 22 22 37 8 1.651670
37 23 23 23 37 9 1.628487
37 24 24 24 37 10 1.605076
37 25 25 25 37 11 1.594926
37 26 26 26 37 12 1.589535
37 27 27 27 37 13 1.580262
37 28 28 28 37 14 1.529982
37 29 29 29 37 15 1.520125
37 30 30 30 37 16 1.513054
37 31 31 31 37 17 1.493348
37 32 33 33 37 18 1.478686
37 34 35 35 37 19 1.444623
37 36 37 37 37 20 1.422030
37 38 39 39 37 21 1.408612
37 40 41 41 37 22 1.389838
37 42 43 43 37 23 1.363977
37 44 45 45 37 24 1.348748
37 46 47 47 37 25 1.333791
37 48 49 49 37 26 1.320176
37 50 51 51 37 27 1.310592
37 52 53 53 37 28 1.308004
37 54 55 55 37 29 1.304813
37 56 57 57 37 30 1.299053
37 58 59 59 37 31 1.282926
37 60 61 61 37 32 1.273147
37 62 64 63 37 33 1.263495
37 65 67 66 37 34 1.256721
37 68 70 69 37 35 1.235264
37 71 73 72 37 36 1.223437
37 74 76 75 37 37 1.213797
37 77 79 78 37 38 1.201945
37 80 82 81 37 39 1.192828
37 83 85 84 37 40 1.187473
37 86 88 87 37 41 1.184652
37 89 91 90 37 42 1.178220
37 92 94 93 37 43 1.169441
37 95 97 96 37 44 1.162197
37 98 100 99 37 45 1.159128
37 101 103 102 37 46 1.157406
37 104 109 107 37 47 1.149766
37 110 115 113 37 48 1.124541
37 116 121 119 37 49 1.116151
37 122 127 125 37 50 1.108571
37 128 133 131 37 51 1.106404
37 134 139 137 37 52 1.095034
37 140 145 143 37 53 1.086330
37 146 151 149 37 54 1.085591
37 152 157 155 37 55 1.084894
37 158 163 161 37 56 1.084894
37 164 169 167 37 57 1.085005
37 170 175 173 37 58 1.083380
37 176 181 179 37 59 1.082864
37 182 187 185 37 60 1.081332
37 188 193 191 37 61 1.077305
37 194 254 224 37 62 1.069395
37 255 255 255 37 63 1.060083
38 0 0 0 38 0 1.000000   # ieta [39], pt 0
38 15 15 15 38 1 1.920080
38 16 16 16 38 2 1.856632
38 17 17 17 38 3 1.781825
38 18 18 18 38 4 1.754153
38 19 19 19 38 5 1.742768
38 20 20 20 38 6 1.722665
38 21 21 21 38 7 1.677349
38 22 22 22 38 8 1.651670
38 23 23 23 38 9 1.628487
38 24 24 24 38 10 1.605076
38 25 25 25 38 11 1.597805
38 26 26 26 38 12 1.592414
38 27 27 27 38 13 1.583141
38 28 28 28 38 14 1.532861
38 29 29 29 38 15 1.523004
38 30 30 30 38 16 1.514782
38 31 31 31 38 17 1.495076
38 32 33 33 38 18 1.478686
38 34 35 35 38 19 1.444623
38 36 37 37 38 20 1.422030
38 38 39 39 38 21 1.408612
38 40 41 41 38 22 1.389838
38 42 43 43 38 23 1.363977
38 44 45 45 38 24 1.348748
38 46 47 47 38 25 1.333791
38 48 49 49 38 26 1.320176
38 50 51 51 38 27 1.310592
38 52 53 53 38 28 1.308004
38 54 55 55 38 29 1.304813
38 56 57 57 38 30 1.299053
38 58 59 59 38 31 1.282926
38 60 61 61 38 32 1.273147
38 62 64 63 38 33 1.263495
38 65 67 66 38 34 1.256721
38 68 70 69 38 35 1.235264
38 71 73 72 38 36 1.223437
38 74 76 75 38 37 1.213797
38 77 79 78 38 38 1.201945
38 80 82 81 38 39 1.192828
38 83 85 84 38 40 1.187473
38 86 88 87 38 41 1.184652
38 89 91 90 38 42 1.178220
38 92 94 93 38 43 1.169441
38 95 97 96 38 44 1.162197
38 98 100 99 38 45 1.159128
38 101 103 102 38 46 1.157406
38 104 109 107 38 47 1.149766
38 110 115 113 38 48 1.124541
38 116 121 119 38 49 1.116151
38 122 127 125 38 50 1.108571
38 128 133 131 38 51 1.106404
38 134 139 137 38 52 1.095034
38 140 145 143 38 53 1.086330
38 146 151 149 38 54 1.085591
38 152 157 155 38 55 1.084894
38 158 163 161 38 56 1.084894
38 164 169 167 38 57 1.085005
38 170 175 173 38 58 1.083380
38 176 181 179 38 59 1.082864
38 182 187 185 38 60 1.081332
38 188 193 191 38 61 1.077305
38 194 254 224 38 62 1.069395
38 255 255 255 38 63 1.060083
39 0 0 0 39 0 1.000000   # ieta [40], pt 0
39 15 15 15 39 1 1.921152
39 16 16 16 39 2 1.857704
39 17 17 17 39 3 1.782897
39 18 18 18 39 4 1.755225
39 19 19 19 39 5 1.743840
39 20 20 20 39 6 1.723736
39 21 21 21 39 7 1.678421
39 22 22 22 39 8 1.652742
39 23 23 23 39 9 1.629559
39 24 24 24 39 10 1.606147
39 25 25 25 39 11 1.598877
39 26 26 26 39 12 1.593486
39 27 27 27 39 13 1.584212
39 28 28 28 39 14 1.533933
39 29 29 29 39 15 1.524076
39 30 30 30 39 16 1.514782
39 31 31 31 39 17 1.495076
39 32 33 33 39 18 1.478686
39 34 35 35 39 19 1.444623
39 36 37 37 39 20 1.422030
39 38 39 39 39 21 1.408612
39 40 41 41 39 22 1.389838
39 42 43 43 39 23 1.363977
39 44 45 45 39 24 1.348748
39 46 47 47 39 25 1.333791
39 48 49 49 39 26 1.320176
39 50 51 51 39 27 1.310592
39 52 53 53 39 28 1.308004
39 54 55 55 39 29 1.304813
39 56 57 57 39 30 1.299053
39 58 59 59 39 31 1.282926
39 60 61 61 39 32 1.273147
39 62 64 63 39 33 1.263495
39 65 67 66 39 34 1.256721
39 68 70 69 39 35 1.235264
39 71 73 72 39 36 1.223437
39 74 76 75 39 37 1.213797
39 77 79 78 39 38 1.201945
39 80 82 81 39 39 1.192828
39 83 85 84 39 40 1.187473
39 86 88 87 39 41 1.184652
39 89 91 90 39 42 1.178220
39 92 94 93 39 43 1.169441
39 95 97 96 39 44 1.162197
39 98 100 99 39 45 1.159128
39 101 103 102 39 46 1.157406
39 104 109 107 39 47 1.149766
39 110 115 113 39 48 1.124541
39 116 121 119 39 49 1.116151
39 122 127 125 39 50 1.108571
39 128 133 131 39 51 1.106404
39 134 139 137 39 52 1.095034
39 140 145 143 39 53 1.086330
39 146 151 149 39 54 1.085591
39 152 157 155 39 55 1.084894
39 158 163 161 39 56 1.084894
39 164 169 167 39 57 1.085005
39 170 175 173 39 58 1.083380
39 176 181 179 39 59 1.082864
39 182 187 185 39 60 1.081332
39 188 193 191 39 61 1.077305
39 194 254 224 39 62 1.069395
39 255 255 255 39 63 1.060083
