# address to addend+multiplicative factor LUT
# maps 12 bits to 18 bits
# 18 bits = (addend<<10) + multiplier)
# addend is signed 8 bits, multiplier is 10 bits
# anything after # is ignored with the exception of the header
# the header is first valid line starting with #<header> versionStr nrBitsAddress nrBitsData </header>
#<header> v1 12 18 </header>
0 512 	 1 512 0 	 0 0 0   # compresses ieta bin 0, pt 0
1 2047 	 2 1023 1 	 15 15 15 
2 2047 	 2 1023 1 	 16 16 16 
3 2047 	 2 1023 1 	 17 17 17 
4 2047 	 2 1023 1 	 18 18 18 
5 2047 	 2 1023 1 	 19 19 19 
6 2047 	 2 1023 1 	 20 20 20 
7 2047 	 2 1023 1 	 21 21 21 
8 2047 	 2 1023 1 	 22 22 22 
9 2047 	 2 1023 1 	 23 23 23 
10 2047 	 2 1023 1 	 24 24 24 
11 2047 	 2 1023 1 	 25 25 25 
12 2047 	 2 1023 1 	 26 26 26 
13 2047 	 2 1023 1 	 27 27 27 
14 2047 	 2 1023 1 	 28 28 28 
15 2047 	 2 1023 1 	 29 29 29 
16 2047 	 2 1023 1 	 30 30 30 
17 2047 	 2 1023 1 	 31 31 31 
18 2047 	 2 1023 1 	 33 32 33 
19 2047 	 2 1023 1 	 35 34 35 
20 2047 	 2 1023 1 	 37 36 37 
21 2047 	 2 1023 1 	 39 38 39 
22 2047 	 2 1023 1 	 41 40 41 
23 2047 	 2 1023 1 	 43 42 43 
24 2047 	 2 1023 1 	 45 44 45 
25 2047 	 2 1023 1 	 47 46 47 
26 2047 	 2 1023 1 	 49 48 49 
27 2047 	 2 1023 1 	 51 50 51 
28 2047 	 2 1023 1 	 53 52 53 
29 2047 	 2 1023 1 	 55 54 55 
30 1022 	 1.98995 1022 0 	 57 56 57 
31 1013 	 1.97195 1013 0 	 59 58 59 
32 1006 	 1.95718 1006 0 	 61 60 61 
33 998 	 1.94112 998 0 	 63 62 64 
34 984 	 1.91953 984 0 	 66 65 67 
35 974 	 1.89516 974 0 	 69 68 70 
36 966 	 1.8806 966 0 	 72 71 73 
37 958 	 1.86435 958 0 	 75 74 76 
38 950 	 1.8512 950 0 	 78 77 79 
39 940 	 1.83399 940 0 	 81 80 82 
40 934 	 1.81855 934 0 	 84 83 85 
41 928 	 1.80873 928 0 	 87 86 88 
42 921 	 1.79709 921 0 	 90 89 91 
43 913 	 1.77732 913 0 	 93 92 94 
44 903 	 1.75967 903 0 	 96 95 97 
45 899 	 1.75277 899 0 	 99 98 100 
46 895 	 1.74514 895 0 	 102 101 103 
47 889 	 1.73133 889 0 	 107 104 109 
48 881 	 1.71674 881 0 	 113 110 115 
49 871 	 1.69909 871 0 	 119 116 121 
50 866 	 1.68813 866 0 	 125 122 127 
51 857 	 1.67293 857 0 	 131 128 133 
52 850 	 1.65793 850 0 	 137 134 139 
53 846 	 1.64914 846 0 	 143 140 145 
54 840 	 1.63803 840 0 	 149 146 151 
55 832 	 1.62203 832 0 	 155 152 157 
56 826 	 1.61163 826 0 	 161 158 163 
57 823 	 1.60352 823 0 	 167 164 169 
58 818 	 1.59485 818 0 	 173 170 175 
59 815 	 1.588 815 0 	 179 176 181 
60 812 	 1.58359 812 0 	 185 182 187 
61 810 	 1.58114 810 0 	 191 188 193 
62 790 	 1.5427 790 0 	 224 194 254 
63 778 	 1.51846 778 0 	 255 255 255 
64 512 	 1 512 0 	 0 0 0   # compresses ieta bin 1, pt 0
65 2047 	 2 1023 1 	 15 15 15 
66 2047 	 2 1023 1 	 16 16 16 
67 2047 	 2 1023 1 	 17 17 17 
68 2047 	 2 1023 1 	 18 18 18 
69 2047 	 2 1023 1 	 19 19 19 
70 2047 	 2 1023 1 	 20 20 20 
71 2047 	 2 1023 1 	 21 21 21 
72 2047 	 2 1023 1 	 22 22 22 
73 2047 	 2 1023 1 	 23 23 23 
74 2047 	 2 1023 1 	 24 24 24 
75 2047 	 2 1023 1 	 25 25 25 
76 2047 	 2 1023 1 	 26 26 26 
77 2047 	 2 1023 1 	 27 27 27 
78 2047 	 2 1023 1 	 28 28 28 
79 2047 	 2 1023 1 	 29 29 29 
80 2047 	 2 1023 1 	 30 30 30 
81 2047 	 2 1023 1 	 31 31 31 
82 2047 	 2 1023 1 	 33 32 33 
83 2047 	 2 1023 1 	 35 34 35 
84 2047 	 2 1023 1 	 37 36 37 
85 2047 	 2 1023 1 	 39 38 39 
86 2047 	 2 1023 1 	 41 40 41 
87 2047 	 2 1023 1 	 43 42 43 
88 2047 	 2 1023 1 	 45 44 45 
89 2047 	 2 1023 1 	 47 46 47 
90 2047 	 2 1023 1 	 49 48 49 
91 2047 	 2 1023 1 	 51 50 51 
92 2047 	 2 1023 1 	 53 52 53 
93 2047 	 2 1023 1 	 55 54 55 
94 1022 	 1.99324 1022 0 	 57 56 57 
95 1013 	 1.97568 1013 0 	 59 58 59 
96 1006 	 1.96088 1006 0 	 61 60 61 
97 998 	 1.94491 998 0 	 63 62 64 
98 988 	 1.92352 988 0 	 66 65 67 
99 974 	 1.89921 974 0 	 69 68 70 
100 966 	 1.88467 966 0 	 72 71 73 
101 958 	 1.86839 958 0 	 75 74 76 
102 950 	 1.85546 950 0 	 78 77 79 
103 943 	 1.83837 943 0 	 81 80 82 
104 934 	 1.82322 934 0 	 84 83 85 
105 931 	 1.81337 931 0 	 87 86 88 
106 923 	 1.8017 923 0 	 90 89 91 
107 915 	 1.78265 915 0 	 93 92 94 
108 905 	 1.76548 905 0 	 96 95 97 
109 901 	 1.75882 901 0 	 99 98 100 
110 897 	 1.75123 897 0 	 102 101 103 
111 892 	 1.73856 892 0 	 107 104 109 
112 885 	 1.72471 885 0 	 113 110 115 
113 875 	 1.70728 875 0 	 119 116 121 
114 870 	 1.69698 870 0 	 125 122 127 
115 863 	 1.68263 863 0 	 131 128 133 
116 855 	 1.66822 855 0 	 137 134 139 
117 852 	 1.65937 852 0 	 143 140 145 
118 845 	 1.64836 845 0 	 149 146 151 
119 837 	 1.63247 837 0 	 155 152 157 
120 831 	 1.62134 831 0 	 161 158 163 
121 827 	 1.61361 827 0 	 167 164 169 
122 822 	 1.60493 822 0 	 173 170 175 
123 820 	 1.59946 820 0 	 179 176 181 
124 817 	 1.59467 817 0 	 185 182 187 
125 816 	 1.59211 816 0 	 191 188 193 
126 796 	 1.55402 796 0 	 224 194 254 
127 784 	 1.52965 784 0 	 255 255 255 
128 512 	 1 512 0 	 0 0 0   # compresses ieta bin 2, pt 0
129 2047 	 2 1023 1 	 15 15 15 
130 2047 	 2 1023 1 	 16 16 16 
131 2047 	 2 1023 1 	 17 17 17 
132 2047 	 2 1023 1 	 18 18 18 
133 2047 	 2 1023 1 	 19 19 19 
134 2047 	 2 1023 1 	 20 20 20 
135 2047 	 2 1023 1 	 21 21 21 
136 2047 	 2 1023 1 	 22 22 22 
137 2047 	 2 1023 1 	 23 23 23 
138 2047 	 2 1023 1 	 24 24 24 
139 2047 	 2 1023 1 	 25 25 25 
140 2047 	 2 1023 1 	 26 26 26 
141 2047 	 2 1023 1 	 27 27 27 
142 2047 	 2 1023 1 	 28 28 28 
143 2047 	 2 1023 1 	 29 29 29 
144 2047 	 2 1023 1 	 30 30 30 
145 2047 	 2 1023 1 	 31 31 31 
146 2047 	 2 1023 1 	 33 32 33 
147 2047 	 2 1023 1 	 35 34 35 
148 2047 	 2 1023 1 	 37 36 37 
149 2047 	 2 1023 1 	 39 38 39 
150 2047 	 2 1023 1 	 41 40 41 
151 2047 	 2 1023 1 	 43 42 43 
152 2047 	 2 1023 1 	 45 44 45 
153 2047 	 2 1023 1 	 47 46 47 
154 2047 	 2 1023 1 	 49 48 49 
155 2047 	 2 1023 1 	 51 50 51 
156 2047 	 2 1023 1 	 53 52 53 
157 2047 	 2 1023 1 	 55 54 55 
158 2047 	 1.99983 1023 1 	 57 56 57 
159 1018 	 1.9856 1018 0 	 59 58 59 
160 1010 	 1.97072 1010 0 	 61 60 61 
161 1002 	 1.95467 1002 0 	 63 62 64 
162 991 	 1.93317 991 0 	 66 65 67 
163 978 	 1.90892 978 0 	 69 68 70 
164 973 	 1.89416 973 0 	 72 71 73 
165 964 	 1.87776 964 0 	 75 74 76 
166 957 	 1.86469 957 0 	 78 77 79 
167 947 	 1.8474 947 0 	 81 80 82 
168 940 	 1.83217 940 0 	 84 83 85 
169 934 	 1.82228 934 0 	 87 86 88 
170 929 	 1.81055 929 0 	 90 89 91 
171 918 	 1.7914 918 0 	 93 92 94 
172 911 	 1.77391 911 0 	 96 95 97 
173 907 	 1.76666 907 0 	 99 98 100 
174 903 	 1.75873 903 0 	 102 101 103 
175 894 	 1.74476 894 0 	 107 104 109 
176 887 	 1.72809 887 0 	 113 110 115 
177 877 	 1.70957 877 0 	 119 116 121 
178 872 	 1.69912 872 0 	 125 122 127 
179 863 	 1.68454 863 0 	 131 128 133 
180 855 	 1.66901 855 0 	 137 134 139 
181 852 	 1.66016 852 0 	 143 140 145 
182 845 	 1.64896 845 0 	 149 146 151 
183 837 	 1.63292 837 0 	 155 152 157 
184 831 	 1.62173 831 0 	 161 158 163 
185 827 	 1.61394 827 0 	 167 164 169 
186 822 	 1.60522 822 0 	 173 170 175 
187 820 	 1.59956 820 0 	 179 176 181 
188 817 	 1.59476 817 0 	 185 182 187 
189 816 	 1.59221 816 0 	 191 188 193 
190 796 	 1.55405 796 0 	 224 194 254 
191 784 	 1.52965 784 0 	 255 255 255 
192 512 	 1 512 0 	 0 0 0   # compresses ieta bin 3, pt 0
193 2047 	 2 1023 1 	 15 15 15 
194 2047 	 2 1023 1 	 16 16 16 
195 2047 	 2 1023 1 	 17 17 17 
196 2047 	 2 1023 1 	 18 18 18 
197 2047 	 2 1023 1 	 19 19 19 
198 2047 	 2 1023 1 	 20 20 20 
199 2047 	 2 1023 1 	 21 21 21 
200 2047 	 2 1023 1 	 22 22 22 
201 2047 	 2 1023 1 	 23 23 23 
202 2047 	 2 1023 1 	 24 24 24 
203 2047 	 2 1023 1 	 25 25 25 
204 2047 	 2 1023 1 	 26 26 26 
205 2047 	 2 1023 1 	 27 27 27 
206 2047 	 2 1023 1 	 28 28 28 
207 2047 	 2 1023 1 	 29 29 29 
208 2047 	 2 1023 1 	 30 30 30 
209 2047 	 2 1023 1 	 31 31 31 
210 2047 	 2 1023 1 	 33 32 33 
211 2047 	 2 1023 1 	 35 34 35 
212 2047 	 2 1023 1 	 37 36 37 
213 2047 	 2 1023 1 	 39 38 39 
214 2047 	 2 1023 1 	 41 40 41 
215 2047 	 2 1023 1 	 43 42 43 
216 2047 	 2 1023 1 	 45 44 45 
217 2047 	 2 1023 1 	 47 46 47 
218 2047 	 2 1023 1 	 49 48 49 
219 2047 	 2 1023 1 	 51 50 51 
220 2047 	 2 1023 1 	 53 52 53 
221 2047 	 2 1023 1 	 55 54 55 
222 2047 	 2 1023 1 	 57 56 57 
223 2047 	 2 1023 1 	 59 58 59 
224 1022 	 1.99565 1022 0 	 61 60 61 
225 1014 	 1.98014 1014 0 	 63 62 64 
226 1003 	 1.95782 1003 0 	 66 65 67 
227 993 	 1.93275 993 0 	 69 68 70 
228 983 	 1.91628 983 0 	 72 71 73 
229 975 	 1.89718 975 0 	 75 74 76 
230 967 	 1.88233 967 0 	 78 77 79 
231 956 	 1.86444 956 0 	 81 80 82 
232 946 	 1.84639 946 0 	 84 83 85 
233 940 	 1.83519 940 0 	 87 86 88 
234 934 	 1.82242 934 0 	 90 89 91 
235 924 	 1.80261 924 0 	 93 92 94 
236 916 	 1.78455 916 0 	 96 95 97 
237 912 	 1.77739 912 0 	 99 98 100 
238 908 	 1.7695 908 0 	 102 101 103 
239 901 	 1.75586 901 0 	 107 104 109 
240 892 	 1.73777 892 0 	 113 110 115 
241 881 	 1.71756 881 0 	 119 116 121 
242 876 	 1.70679 876 0 	 125 122 127 
243 867 	 1.69209 867 0 	 131 128 133 
244 859 	 1.67649 859 0 	 137 134 139 
245 855 	 1.66755 855 0 	 143 140 145 
246 850 	 1.65629 850 0 	 149 146 151 
247 840 	 1.64004 840 0 	 155 152 157 
248 836 	 1.63125 836 0 	 161 158 163 
249 832 	 1.62263 832 0 	 167 164 169 
250 827 	 1.61261 827 0 	 173 170 175 
251 823 	 1.60629 823 0 	 179 176 181 
252 820 	 1.60057 820 0 	 185 182 187 
253 818 	 1.598 818 0 	 191 188 193 
254 799 	 1.55959 799 0 	 224 194 254 
255 787 	 1.536 787 0 	 255 255 255 
256 512 	 1 512 0 	 0 0 0   # compresses ieta bin 4, pt 0
257 2047 	 2 1023 1 	 15 15 15 
258 2047 	 2 1023 1 	 16 16 16 
259 2047 	 2 1023 1 	 17 17 17 
260 2047 	 2 1023 1 	 18 18 18 
261 2047 	 2 1023 1 	 19 19 19 
262 2047 	 2 1023 1 	 20 20 20 
263 2047 	 2 1023 1 	 21 21 21 
264 2047 	 2 1023 1 	 22 22 22 
265 2047 	 2 1023 1 	 23 23 23 
266 2047 	 2 1023 1 	 24 24 24 
267 2047 	 2 1023 1 	 25 25 25 
268 2047 	 2 1023 1 	 26 26 26 
269 2047 	 2 1023 1 	 27 27 27 
270 2047 	 2 1023 1 	 28 28 28 
271 2047 	 2 1023 1 	 29 29 29 
272 2047 	 2 1023 1 	 30 30 30 
273 2047 	 2 1023 1 	 31 31 31 
274 2047 	 2 1023 1 	 33 32 33 
275 2047 	 2 1023 1 	 35 34 35 
276 2047 	 2 1023 1 	 37 36 37 
277 2047 	 2 1023 1 	 39 38 39 
278 2047 	 2 1023 1 	 41 40 41 
279 2047 	 2 1023 1 	 43 42 43 
280 2047 	 2 1023 1 	 45 44 45 
281 2047 	 2 1023 1 	 47 46 47 
282 2047 	 2 1023 1 	 49 48 49 
283 2047 	 2 1023 1 	 51 50 51 
284 2047 	 2 1023 1 	 53 52 53 
285 2047 	 2 1023 1 	 55 54 55 
286 2047 	 2 1023 1 	 57 56 57 
287 2047 	 2 1023 1 	 59 58 59 
288 1022 	 1.99565 1022 0 	 61 60 61 
289 1014 	 1.98014 1014 0 	 63 62 64 
290 1003 	 1.95782 1003 0 	 66 65 67 
291 993 	 1.93275 993 0 	 69 68 70 
292 983 	 1.91628 983 0 	 72 71 73 
293 975 	 1.89718 975 0 	 75 74 76 
294 967 	 1.88233 967 0 	 78 77 79 
295 956 	 1.86453 956 0 	 81 80 82 
296 946 	 1.84697 946 0 	 84 83 85 
297 940 	 1.83583 940 0 	 87 86 88 
298 934 	 1.8232 934 0 	 90 89 91 
299 926 	 1.80387 926 0 	 93 92 94 
300 916 	 1.78627 916 0 	 96 95 97 
301 912 	 1.7791 912 0 	 99 98 100 
302 908 	 1.7712 908 0 	 102 101 103 
303 901 	 1.75801 901 0 	 107 104 109 
304 892 	 1.73987 892 0 	 113 110 115 
305 881 	 1.71964 881 0 	 119 116 121 
306 876 	 1.70885 876 0 	 125 122 127 
307 869 	 1.69414 869 0 	 131 128 133 
308 861 	 1.67852 861 0 	 137 134 139 
309 855 	 1.66957 855 0 	 143 140 145 
310 850 	 1.65834 850 0 	 149 146 151 
311 842 	 1.6421 842 0 	 155 152 157 
312 837 	 1.63392 837 0 	 161 158 163 
313 833 	 1.62534 833 0 	 167 164 169 
314 828 	 1.6153 828 0 	 173 170 175 
315 825 	 1.60885 825 0 	 179 176 181 
316 821 	 1.60288 821 0 	 185 182 187 
317 820 	 1.60005 820 0 	 191 188 193 
318 799 	 1.56114 799 0 	 224 194 254 
319 788 	 1.53723 788 0 	 255 255 255 
320 512 	 1 512 0 	 0 0 0   # compresses ieta bin 5, pt 0
321 2047 	 2 1023 1 	 15 15 15 
322 2047 	 2 1023 1 	 16 16 16 
323 2047 	 2 1023 1 	 17 17 17 
324 2047 	 2 1023 1 	 18 18 18 
325 2047 	 2 1023 1 	 19 19 19 
326 2047 	 2 1023 1 	 20 20 20 
327 2047 	 2 1023 1 	 21 21 21 
328 2047 	 2 1023 1 	 22 22 22 
329 2047 	 2 1023 1 	 23 23 23 
330 2047 	 2 1023 1 	 24 24 24 
331 2047 	 2 1023 1 	 25 25 25 
332 2047 	 2 1023 1 	 26 26 26 
333 2047 	 2 1023 1 	 27 27 27 
334 2047 	 2 1023 1 	 28 28 28 
335 2047 	 2 1023 1 	 29 29 29 
336 2047 	 2 1023 1 	 30 30 30 
337 2047 	 2 1023 1 	 31 31 31 
338 2047 	 2 1023 1 	 33 32 33 
339 2047 	 2 1023 1 	 35 34 35 
340 2047 	 2 1023 1 	 37 36 37 
341 2047 	 2 1023 1 	 39 38 39 
342 2047 	 2 1023 1 	 41 40 41 
343 2047 	 2 1023 1 	 43 42 43 
344 2047 	 2 1023 1 	 45 44 45 
345 2047 	 2 1023 1 	 47 46 47 
346 2047 	 2 1023 1 	 49 48 49 
347 2047 	 2 1023 1 	 51 50 51 
348 2047 	 2 1023 1 	 53 52 53 
349 2047 	 2 1023 1 	 55 54 55 
350 2047 	 2 1023 1 	 57 56 57 
351 2047 	 2 1023 1 	 59 58 59 
352 2047 	 2 1023 1 	 61 60 61 
353 1018 	 1.98472 1018 0 	 63 62 64 
354 1007 	 1.96254 1007 0 	 66 65 67 
355 993 	 1.93798 993 0 	 69 68 70 
356 987 	 1.9209 987 0 	 72 71 73 
357 975 	 1.90227 975 0 	 75 74 76 
358 967 	 1.88744 967 0 	 78 77 79 
359 959 	 1.86999 959 0 	 81 80 82 
360 949 	 1.85264 949 0 	 84 83 85 
361 943 	 1.84147 943 0 	 87 86 88 
362 937 	 1.82881 937 0 	 90 89 91 
363 929 	 1.80929 929 0 	 93 92 94 
364 919 	 1.79163 919 0 	 96 95 97 
365 914 	 1.78414 914 0 	 99 98 100 
366 910 	 1.77621 910 0 	 102 101 103 
367 903 	 1.76263 903 0 	 107 104 109 
368 894 	 1.74286 894 0 	 113 110 115 
369 884 	 1.72202 884 0 	 119 116 121 
370 878 	 1.71111 878 0 	 125 122 127 
371 869 	 1.69626 869 0 	 131 128 133 
372 861 	 1.68062 861 0 	 137 134 139 
373 857 	 1.67166 857 0 	 143 140 145 
374 852 	 1.66036 852 0 	 149 146 151 
375 843 	 1.64403 843 0 	 155 152 157 
376 839 	 1.63582 839 0 	 161 158 163 
377 833 	 1.6272 833 0 	 167 164 169 
378 830 	 1.61715 830 0 	 173 170 175 
379 826 	 1.61069 826 0 	 179 176 181 
380 823 	 1.60471 823 0 	 185 182 187 
381 821 	 1.60187 821 0 	 191 188 193 
382 801 	 1.56283 801 0 	 224 194 254 
383 789 	 1.53876 789 0 	 255 255 255 
384 512 	 1 512 0 	 0 0 0   # compresses ieta bin 6, pt 0
385 2047 	 2 1023 1 	 15 15 15 
386 2047 	 2 1023 1 	 16 16 16 
387 2047 	 2 1023 1 	 17 17 17 
388 2047 	 2 1023 1 	 18 18 18 
389 2047 	 2 1023 1 	 19 19 19 
390 2047 	 2 1023 1 	 20 20 20 
391 2047 	 2 1023 1 	 21 21 21 
392 2047 	 2 1023 1 	 22 22 22 
393 2047 	 2 1023 1 	 23 23 23 
394 2047 	 2 1023 1 	 24 24 24 
395 2047 	 2 1023 1 	 25 25 25 
396 2047 	 2 1023 1 	 26 26 26 
397 2047 	 2 1023 1 	 27 27 27 
398 2047 	 2 1023 1 	 28 28 28 
399 2047 	 2 1023 1 	 29 29 29 
400 2047 	 2 1023 1 	 30 30 30 
401 2047 	 2 1023 1 	 31 31 31 
402 2047 	 2 1023 1 	 33 32 33 
403 2047 	 2 1023 1 	 35 34 35 
404 2047 	 2 1023 1 	 37 36 37 
405 2047 	 2 1023 1 	 39 38 39 
406 2047 	 2 1023 1 	 41 40 41 
407 2047 	 2 1023 1 	 43 42 43 
408 2047 	 2 1023 1 	 45 44 45 
409 2047 	 2 1023 1 	 47 46 47 
410 2047 	 2 1023 1 	 49 48 49 
411 2047 	 2 1023 1 	 51 50 51 
412 2047 	 2 1023 1 	 53 52 53 
413 2047 	 2 1023 1 	 55 54 55 
414 2047 	 2 1023 1 	 57 56 57 
415 2047 	 2 1023 1 	 59 58 59 
416 2045 	 1.99609 1021 1 	 61 60 61 
417 1018 	 1.98065 1018 0 	 63 62 64 
418 1007 	 1.95853 1007 0 	 66 65 67 
419 993 	 1.93401 993 0 	 69 68 70 
420 983 	 1.91694 983 0 	 72 71 73 
421 975 	 1.89834 975 0 	 75 74 76 
422 967 	 1.88354 967 0 	 78 77 79 
423 956 	 1.86613 956 0 	 81 80 82 
424 949 	 1.84881 949 0 	 84 83 85 
425 943 	 1.83767 943 0 	 87 86 88 
426 937 	 1.82503 937 0 	 90 89 91 
427 926 	 1.80544 926 0 	 93 92 94 
428 916 	 1.7876 916 0 	 96 95 97 
429 912 	 1.78012 912 0 	 99 98 100 
430 910 	 1.77222 910 0 	 102 101 103 
431 901 	 1.75866 901 0 	 107 104 109 
432 892 	 1.73893 892 0 	 113 110 115 
433 881 	 1.7181 881 0 	 119 116 121 
434 876 	 1.70713 876 0 	 125 122 127 
435 867 	 1.6924 867 0 	 131 128 133 
436 859 	 1.6768 859 0 	 137 134 139 
437 855 	 1.66786 855 0 	 143 140 145 
438 850 	 1.65658 850 0 	 149 146 151 
439 840 	 1.64029 840 0 	 155 152 157 
440 837 	 1.6321 837 0 	 161 158 163 
441 832 	 1.6235 832 0 	 167 164 169 
442 827 	 1.61347 827 0 	 173 170 175 
443 823 	 1.60703 823 0 	 179 176 181 
444 820 	 1.60106 820 0 	 185 182 187 
445 820 	 1.59823 820 0 	 191 188 193 
446 799 	 1.5594 799 0 	 224 194 254 
447 787 	 1.53567 787 0 	 255 255 255 
448 512 	 1 512 0 	 0 0 0   # compresses ieta bin 7, pt 0
449 2047 	 2 1023 1 	 15 15 15 
450 2047 	 2 1023 1 	 16 16 16 
451 2047 	 2 1023 1 	 17 17 17 
452 2047 	 2 1023 1 	 18 18 18 
453 2047 	 2 1023 1 	 19 19 19 
454 2047 	 2 1023 1 	 20 20 20 
455 2047 	 2 1023 1 	 21 21 21 
456 2047 	 2 1023 1 	 22 22 22 
457 2047 	 2 1023 1 	 23 23 23 
458 2047 	 2 1023 1 	 24 24 24 
459 2047 	 2 1023 1 	 25 25 25 
460 2047 	 2 1023 1 	 26 26 26 
461 2047 	 2 1023 1 	 27 27 27 
462 2047 	 2 1023 1 	 28 28 28 
463 2047 	 2 1023 1 	 29 29 29 
464 2047 	 2 1023 1 	 30 30 30 
465 2047 	 2 1023 1 	 31 31 31 
466 2047 	 2 1023 1 	 33 32 33 
467 2047 	 2 1023 1 	 35 34 35 
468 2047 	 2 1023 1 	 37 36 37 
469 2047 	 2 1023 1 	 39 38 39 
470 2047 	 2 1023 1 	 41 40 41 
471 2047 	 2 1023 1 	 43 42 43 
472 2047 	 2 1023 1 	 45 44 45 
473 2047 	 2 1023 1 	 47 46 47 
474 2047 	 2 1023 1 	 49 48 49 
475 2047 	 2 1023 1 	 51 50 51 
476 2047 	 2 1023 1 	 53 52 53 
477 2047 	 2 1023 1 	 55 54 55 
478 2047 	 2 1023 1 	 57 56 57 
479 2047 	 2 1023 1 	 59 58 59 
480 2045 	 1.99609 1021 1 	 61 60 61 
481 1018 	 1.98065 1018 0 	 63 62 64 
482 1007 	 1.95853 1007 0 	 66 65 67 
483 993 	 1.93401 993 0 	 69 68 70 
484 983 	 1.91694 983 0 	 72 71 73 
485 975 	 1.89834 975 0 	 75 74 76 
486 967 	 1.88354 967 0 	 78 77 79 
487 956 	 1.86613 956 0 	 81 80 82 
488 949 	 1.84881 949 0 	 84 83 85 
489 943 	 1.83767 943 0 	 87 86 88 
490 937 	 1.82503 937 0 	 90 89 91 
491 926 	 1.80544 926 0 	 93 92 94 
492 916 	 1.7876 916 0 	 96 95 97 
493 912 	 1.78012 912 0 	 99 98 100 
494 910 	 1.77222 910 0 	 102 101 103 
495 901 	 1.75866 901 0 	 107 104 109 
496 892 	 1.73893 892 0 	 113 110 115 
497 881 	 1.71809 881 0 	 119 116 121 
498 876 	 1.70707 876 0 	 125 122 127 
499 867 	 1.69234 867 0 	 131 128 133 
500 859 	 1.67674 859 0 	 137 134 139 
501 855 	 1.66779 855 0 	 143 140 145 
502 850 	 1.65652 850 0 	 149 146 151 
503 840 	 1.64023 840 0 	 155 152 157 
504 837 	 1.63204 837 0 	 161 158 163 
505 832 	 1.62344 832 0 	 167 164 169 
506 827 	 1.61341 827 0 	 173 170 175 
507 823 	 1.60697 823 0 	 179 176 181 
508 820 	 1.601 820 0 	 185 182 187 
509 820 	 1.59817 820 0 	 191 188 193 
510 799 	 1.55934 799 0 	 224 194 254 
511 787 	 1.53567 787 0 	 255 255 255 
512 512 	 1 512 0 	 0 0 0   # compresses ieta bin 8, pt 0
513 2047 	 2 1023 1 	 15 15 15 
514 2047 	 2 1023 1 	 16 16 16 
515 2047 	 2 1023 1 	 17 17 17 
516 2047 	 2 1023 1 	 18 18 18 
517 2047 	 2 1023 1 	 19 19 19 
518 2047 	 2 1023 1 	 20 20 20 
519 2047 	 2 1023 1 	 21 21 21 
520 2047 	 2 1023 1 	 22 22 22 
521 2047 	 2 1023 1 	 23 23 23 
522 2047 	 2 1023 1 	 24 24 24 
523 2047 	 2 1023 1 	 25 25 25 
524 2047 	 2 1023 1 	 26 26 26 
525 2047 	 2 1023 1 	 27 27 27 
526 2047 	 2 1023 1 	 28 28 28 
527 2047 	 2 1023 1 	 29 29 29 
528 2047 	 2 1023 1 	 30 30 30 
529 2047 	 2 1023 1 	 31 31 31 
530 2047 	 2 1023 1 	 33 32 33 
531 2047 	 2 1023 1 	 35 34 35 
532 2047 	 2 1023 1 	 37 36 37 
533 2047 	 2 1023 1 	 39 38 39 
534 2047 	 2 1023 1 	 41 40 41 
535 2047 	 2 1023 1 	 43 42 43 
536 2047 	 2 1023 1 	 45 44 45 
537 2047 	 2 1023 1 	 47 46 47 
538 2047 	 2 1023 1 	 49 48 49 
539 2047 	 2 1023 1 	 51 50 51 
540 2047 	 2 1023 1 	 53 52 53 
541 2047 	 2 1023 1 	 55 54 55 
542 2047 	 2 1023 1 	 57 56 57 
543 2047 	 2 1023 1 	 59 58 59 
544 2047 	 1.99842 1023 1 	 61 60 61 
545 1018 	 1.98297 1018 0 	 63 62 64 
546 1007 	 1.96081 1007 0 	 66 65 67 
547 993 	 1.93592 993 0 	 69 68 70 
548 983 	 1.91779 983 0 	 72 71 73 
549 975 	 1.89881 975 0 	 75 74 76 
550 967 	 1.88401 967 0 	 78 77 79 
551 956 	 1.86661 956 0 	 81 80 82 
552 949 	 1.84932 949 0 	 84 83 85 
553 943 	 1.83817 943 0 	 87 86 88 
554 937 	 1.82552 937 0 	 90 89 91 
555 926 	 1.80599 926 0 	 93 92 94 
556 916 	 1.78825 916 0 	 96 95 97 
557 914 	 1.78077 914 0 	 99 98 100 
558 910 	 1.77286 910 0 	 102 101 103 
559 901 	 1.7593 901 0 	 107 104 109 
560 892 	 1.73957 892 0 	 113 110 115 
561 881 	 1.71872 881 0 	 119 116 121 
562 876 	 1.70769 876 0 	 125 122 127 
563 869 	 1.69296 869 0 	 131 128 133 
564 861 	 1.67735 861 0 	 137 134 139 
565 855 	 1.6684 855 0 	 143 140 145 
566 850 	 1.65713 850 0 	 149 146 151 
567 842 	 1.64083 842 0 	 155 152 157 
568 837 	 1.63263 837 0 	 161 158 163 
569 832 	 1.62403 832 0 	 167 164 169 
570 827 	 1.614 827 0 	 173 170 175 
571 825 	 1.60756 825 0 	 179 176 181 
572 821 	 1.60158 821 0 	 185 182 187 
573 820 	 1.59876 820 0 	 191 188 193 
574 799 	 1.55989 799 0 	 224 194 254 
575 787 	 1.5362 787 0 	 255 255 255 
576 512 	 1 512 0 	 0 0 0   # compresses ieta bin 9, pt 0
577 2047 	 2 1023 1 	 15 15 15 
578 2047 	 2 1023 1 	 16 16 16 
579 2047 	 2 1023 1 	 17 17 17 
580 2047 	 2 1023 1 	 18 18 18 
581 2047 	 2 1023 1 	 19 19 19 
582 2047 	 2 1023 1 	 20 20 20 
583 2047 	 2 1023 1 	 21 21 21 
584 2047 	 2 1023 1 	 22 22 22 
585 2047 	 2 1023 1 	 23 23 23 
586 2047 	 2 1023 1 	 24 24 24 
587 2047 	 2 1023 1 	 25 25 25 
588 2047 	 2 1023 1 	 26 26 26 
589 2047 	 2 1023 1 	 27 27 27 
590 2047 	 2 1023 1 	 28 28 28 
591 2047 	 2 1023 1 	 29 29 29 
592 2047 	 2 1023 1 	 30 30 30 
593 2047 	 2 1023 1 	 31 31 31 
594 2047 	 2 1023 1 	 33 32 33 
595 2047 	 2 1023 1 	 35 34 35 
596 2047 	 2 1023 1 	 37 36 37 
597 2047 	 2 1023 1 	 39 38 39 
598 2047 	 2 1023 1 	 41 40 41 
599 2047 	 2 1023 1 	 43 42 43 
600 2047 	 2 1023 1 	 45 44 45 
601 2047 	 2 1023 1 	 47 46 47 
602 2047 	 2 1023 1 	 49 48 49 
603 2047 	 2 1023 1 	 51 50 51 
604 2047 	 2 1023 1 	 53 52 53 
605 2047 	 2 1023 1 	 55 54 55 
606 2047 	 2 1023 1 	 57 56 57 
607 2047 	 2 1023 1 	 59 58 59 
608 2047 	 2 1023 1 	 61 60 61 
609 1022 	 1.99273 1022 0 	 63 62 64 
610 1011 	 1.97082 1011 0 	 66 65 67 
611 1000 	 1.94768 1000 0 	 69 68 70 
612 990 	 1.93006 990 0 	 72 71 73 
613 982 	 1.91432 982 0 	 75 74 76 
614 974 	 1.90054 974 0 	 78 77 79 
615 966 	 1.88349 966 0 	 81 80 82 
616 958 	 1.86805 958 0 	 84 83 85 
617 952 	 1.85797 952 0 	 87 86 88 
618 946 	 1.84718 946 0 	 90 89 91 
619 937 	 1.82703 937 0 	 93 92 94 
620 927 	 1.80842 927 0 	 96 95 97 
621 922 	 1.80012 922 0 	 99 98 100 
622 920 	 1.79179 920 0 	 102 101 103 
623 911 	 1.77706 911 0 	 107 104 109 
624 901 	 1.75535 901 0 	 113 110 115 
625 888 	 1.73252 888 0 	 119 116 121 
626 882 	 1.72134 882 0 	 125 122 127 
627 875 	 1.70593 875 0 	 131 128 133 
628 867 	 1.69013 867 0 	 137 134 139 
629 861 	 1.6799 861 0 	 143 140 145 
630 855 	 1.66651 855 0 	 149 146 151 
631 845 	 1.64972 845 0 	 155 152 157 
632 841 	 1.64089 841 0 	 161 158 163 
633 836 	 1.63203 836 0 	 167 164 169 
634 831 	 1.62123 831 0 	 173 170 175 
635 828 	 1.61384 828 0 	 179 176 181 
636 823 	 1.60675 823 0 	 185 182 187 
637 822 	 1.60368 822 0 	 191 188 193 
638 803 	 1.56586 803 0 	 224 194 254 
639 791 	 1.54325 791 0 	 255 255 255 
640 512 	 1 512 0 	 0 0 0   # compresses ieta bin 10, pt 0
641 2047 	 2 1023 1 	 15 15 15 
642 2047 	 2 1023 1 	 16 16 16 
643 2047 	 2 1023 1 	 17 17 17 
644 2047 	 2 1023 1 	 18 18 18 
645 2047 	 2 1023 1 	 19 19 19 
646 2047 	 2 1023 1 	 20 20 20 
647 2047 	 2 1023 1 	 21 21 21 
648 2047 	 2 1023 1 	 22 22 22 
649 2047 	 2 1023 1 	 23 23 23 
650 2047 	 2 1023 1 	 24 24 24 
651 2047 	 2 1023 1 	 25 25 25 
652 2047 	 2 1023 1 	 26 26 26 
653 2047 	 2 1023 1 	 27 27 27 
654 2047 	 2 1023 1 	 28 28 28 
655 2047 	 2 1023 1 	 29 29 29 
656 2047 	 2 1023 1 	 30 30 30 
657 2047 	 2 1023 1 	 31 31 31 
658 2047 	 2 1023 1 	 33 32 33 
659 2047 	 2 1023 1 	 35 34 35 
660 2047 	 2 1023 1 	 37 36 37 
661 2047 	 2 1023 1 	 39 38 39 
662 2047 	 2 1023 1 	 41 40 41 
663 2047 	 2 1023 1 	 43 42 43 
664 2047 	 2 1023 1 	 45 44 45 
665 2047 	 2 1023 1 	 47 46 47 
666 2047 	 2 1023 1 	 49 48 49 
667 2047 	 2 1023 1 	 51 50 51 
668 2047 	 2 1023 1 	 53 52 53 
669 2047 	 2 1023 1 	 55 54 55 
670 2047 	 2 1023 1 	 57 56 57 
671 2047 	 2 1023 1 	 59 58 59 
672 2047 	 2 1023 1 	 61 60 61 
673 2047 	 2 1023 1 	 63 62 64 
674 2047 	 1.99869 1023 1 	 66 65 67 
675 1011 	 1.96911 1011 0 	 69 68 70 
676 1001 	 1.94981 1001 0 	 72 71 73 
677 988 	 1.92864 988 0 	 75 74 76 
678 980 	 1.91106 980 0 	 78 77 79 
679 972 	 1.89441 972 0 	 81 80 82 
680 965 	 1.88019 965 0 	 84 83 85 
681 961 	 1.87086 961 0 	 87 86 88 
682 954 	 1.86058 954 0 	 90 89 91 
683 943 	 1.83865 943 0 	 93 92 94 
684 932 	 1.81849 932 0 	 96 95 97 
685 930 	 1.81119 930 0 	 99 98 100 
686 925 	 1.80369 925 0 	 102 101 103 
687 918 	 1.7881 918 0 	 107 104 109 
688 905 	 1.76648 905 0 	 113 110 115 
689 894 	 1.74439 894 0 	 119 116 121 
690 888 	 1.73348 888 0 	 125 122 127 
691 881 	 1.71832 881 0 	 131 128 133 
692 874 	 1.70359 874 0 	 137 134 139 
693 868 	 1.69299 868 0 	 143 140 145 
694 862 	 1.68026 862 0 	 149 146 151 
695 853 	 1.66307 853 0 	 155 152 157 
696 849 	 1.65454 849 0 	 161 158 163 
697 844 	 1.64525 844 0 	 167 164 169 
698 837 	 1.63335 837 0 	 173 170 175 
699 833 	 1.62546 833 0 	 179 176 181 
700 830 	 1.61787 830 0 	 185 182 187 
701 828 	 1.61478 828 0 	 191 188 193 
702 809 	 1.57854 809 0 	 224 194 254 
703 798 	 1.55739 798 0 	 255 255 255 
704 512 	 1 512 0 	 0 0 0   # compresses ieta bin 11, pt 0
705 2047 	 2 1023 1 	 15 15 15 
706 2047 	 2 1023 1 	 16 16 16 
707 2047 	 2 1023 1 	 17 17 17 
708 2047 	 2 1023 1 	 18 18 18 
709 2047 	 2 1023 1 	 19 19 19 
710 2047 	 2 1023 1 	 20 20 20 
711 2047 	 2 1023 1 	 21 21 21 
712 2047 	 2 1023 1 	 22 22 22 
713 2047 	 2 1023 1 	 23 23 23 
714 2047 	 2 1023 1 	 24 24 24 
715 2047 	 2 1023 1 	 25 25 25 
716 2047 	 2 1023 1 	 26 26 26 
717 2047 	 2 1023 1 	 27 27 27 
718 2047 	 2 1023 1 	 28 28 28 
719 2047 	 2 1023 1 	 29 29 29 
720 2047 	 2 1023 1 	 30 30 30 
721 2047 	 2 1023 1 	 31 31 31 
722 2047 	 2 1023 1 	 33 32 33 
723 2047 	 2 1023 1 	 35 34 35 
724 2047 	 2 1023 1 	 37 36 37 
725 2047 	 2 1023 1 	 39 38 39 
726 2047 	 2 1023 1 	 41 40 41 
727 2047 	 2 1023 1 	 43 42 43 
728 2047 	 2 1023 1 	 45 44 45 
729 2047 	 2 1023 1 	 47 46 47 
730 2047 	 2 1023 1 	 49 48 49 
731 2047 	 2 1023 1 	 51 50 51 
732 2047 	 2 1023 1 	 53 52 53 
733 2047 	 2 1023 1 	 55 54 55 
734 2047 	 2 1023 1 	 57 56 57 
735 2047 	 2 1023 1 	 59 58 59 
736 2047 	 2 1023 1 	 61 60 61 
737 2047 	 2 1023 1 	 63 62 64 
738 2047 	 2 1023 1 	 66 65 67 
739 1015 	 1.98184 1015 0 	 69 68 70 
740 1008 	 1.96429 1008 0 	 72 71 73 
741 999 	 1.94391 999 0 	 75 74 76 
742 987 	 1.92619 987 0 	 78 77 79 
743 981 	 1.91141 981 0 	 81 80 82 
744 974 	 1.89945 974 0 	 84 83 85 
745 970 	 1.89203 970 0 	 87 86 88 
746 966 	 1.88286 966 0 	 90 89 91 
747 954 	 1.86119 954 0 	 93 92 94 
748 945 	 1.84155 945 0 	 96 95 97 
749 940 	 1.83406 940 0 	 99 98 100 
750 938 	 1.82646 938 0 	 102 101 103 
751 927 	 1.81054 927 0 	 107 104 109 
752 917 	 1.78752 917 0 	 113 110 115 
753 905 	 1.76381 905 0 	 119 116 121 
754 899 	 1.75244 899 0 	 125 122 127 
755 889 	 1.73427 889 0 	 131 128 133 
756 880 	 1.71469 880 0 	 137 134 139 
757 873 	 1.70366 873 0 	 143 140 145 
758 867 	 1.69293 867 0 	 149 146 151 
759 858 	 1.67569 858 0 	 155 152 157 
760 853 	 1.66554 853 0 	 161 158 163 
761 847 	 1.65325 847 0 	 167 164 169 
762 841 	 1.64297 841 0 	 173 170 175 
763 838 	 1.63508 838 0 	 179 176 181 
764 834 	 1.62797 834 0 	 185 182 187 
765 833 	 1.62487 833 0 	 191 188 193 
766 814 	 1.589 814 0 	 224 194 254 
767 804 	 1.56815 804 0 	 255 255 255 
768 512 	 1 512 0 	 0 0 0   # compresses ieta bin 12, pt 0
769 2047 	 2 1023 1 	 15 15 15 
770 2047 	 2 1023 1 	 16 16 16 
771 2047 	 2 1023 1 	 17 17 17 
772 2047 	 2 1023 1 	 18 18 18 
773 2047 	 2 1023 1 	 19 19 19 
774 2047 	 2 1023 1 	 20 20 20 
775 2047 	 2 1023 1 	 21 21 21 
776 2047 	 2 1023 1 	 22 22 22 
777 2047 	 2 1023 1 	 23 23 23 
778 2047 	 2 1023 1 	 24 24 24 
779 2047 	 2 1023 1 	 25 25 25 
780 2047 	 2 1023 1 	 26 26 26 
781 2047 	 2 1023 1 	 27 27 27 
782 2047 	 2 1023 1 	 28 28 28 
783 2047 	 2 1023 1 	 29 29 29 
784 2047 	 2 1023 1 	 30 30 30 
785 2047 	 2 1023 1 	 31 31 31 
786 2047 	 2 1023 1 	 33 32 33 
787 2047 	 2 1023 1 	 35 34 35 
788 2047 	 2 1023 1 	 37 36 37 
789 2047 	 2 1023 1 	 39 38 39 
790 2047 	 2 1023 1 	 41 40 41 
791 2047 	 2 1023 1 	 43 42 43 
792 2047 	 2 1023 1 	 45 44 45 
793 2047 	 2 1023 1 	 47 46 47 
794 2047 	 2 1023 1 	 49 48 49 
795 2047 	 2 1023 1 	 51 50 51 
796 2047 	 2 1023 1 	 53 52 53 
797 2047 	 2 1023 1 	 55 54 55 
798 2047 	 2 1023 1 	 57 56 57 
799 2047 	 2 1023 1 	 59 58 59 
800 2047 	 2 1023 1 	 61 60 61 
801 2047 	 2 1023 1 	 63 62 64 
802 2047 	 2 1023 1 	 66 65 67 
803 2047 	 2 1023 1 	 69 68 70 
804 1022 	 1.99459 1022 0 	 72 71 73 
805 1012 	 1.97217 1012 0 	 75 74 76 
806 1003 	 1.95324 1003 0 	 78 77 79 
807 994 	 1.93829 994 0 	 81 80 82 
808 986 	 1.92513 986 0 	 84 83 85 
809 984 	 1.91743 984 0 	 87 86 88 
810 977 	 1.90718 977 0 	 90 89 91 
811 965 	 1.88163 965 0 	 93 92 94 
812 953 	 1.85721 953 0 	 96 95 97 
813 948 	 1.84826 948 0 	 99 98 100 
814 943 	 1.83935 943 0 	 102 101 103 
815 935 	 1.8228 935 0 	 107 104 109 
816 924 	 1.79953 924 0 	 113 110 115 
817 911 	 1.77741 911 0 	 119 116 121 
818 907 	 1.76802 907 0 	 125 122 127 
819 896 	 1.74705 896 0 	 131 128 133 
820 883 	 1.7244 883 0 	 137 134 139 
821 878 	 1.7129 878 0 	 143 140 145 
822 872 	 1.70169 872 0 	 149 146 151 
823 865 	 1.68565 865 0 	 155 152 157 
824 858 	 1.6753 858 0 	 161 158 163 
825 852 	 1.66258 852 0 	 167 164 169 
826 847 	 1.65406 847 0 	 173 170 175 
827 843 	 1.64611 843 0 	 179 176 181 
828 839 	 1.63896 839 0 	 185 182 187 
829 839 	 1.63583 839 0 	 191 188 193 
830 820 	 1.60006 820 0 	 224 194 254 
831 809 	 1.5785 809 0 	 255 255 255 
832 512 	 1 512 0 	 0 0 0   # compresses ieta bin 13, pt 0
833 2047 	 2 1023 1 	 15 15 15 
834 2047 	 2 1023 1 	 16 16 16 
835 2047 	 2 1023 1 	 17 17 17 
836 2047 	 2 1023 1 	 18 18 18 
837 2047 	 2 1023 1 	 19 19 19 
838 2047 	 2 1023 1 	 20 20 20 
839 2047 	 2 1023 1 	 21 21 21 
840 2047 	 2 1023 1 	 22 22 22 
841 2047 	 2 1023 1 	 23 23 23 
842 2047 	 2 1023 1 	 24 24 24 
843 2047 	 2 1023 1 	 25 25 25 
844 2047 	 2 1023 1 	 26 26 26 
845 2047 	 2 1023 1 	 27 27 27 
846 2047 	 2 1023 1 	 28 28 28 
847 2047 	 2 1023 1 	 29 29 29 
848 2047 	 2 1023 1 	 30 30 30 
849 2047 	 2 1023 1 	 31 31 31 
850 2047 	 2 1023 1 	 33 32 33 
851 2047 	 2 1023 1 	 35 34 35 
852 2047 	 2 1023 1 	 37 36 37 
853 2047 	 2 1023 1 	 39 38 39 
854 2047 	 2 1023 1 	 41 40 41 
855 2047 	 2 1023 1 	 43 42 43 
856 2047 	 2 1023 1 	 45 44 45 
857 2047 	 2 1023 1 	 47 46 47 
858 2047 	 2 1023 1 	 49 48 49 
859 2047 	 2 1023 1 	 51 50 51 
860 2047 	 2 1023 1 	 53 52 53 
861 2047 	 2 1023 1 	 55 54 55 
862 2047 	 2 1023 1 	 57 56 57 
863 2047 	 2 1023 1 	 59 58 59 
864 2047 	 2 1023 1 	 61 60 61 
865 2047 	 2 1023 1 	 63 62 64 
866 2047 	 2 1023 1 	 66 65 67 
867 2047 	 2 1023 1 	 69 68 70 
868 2047 	 2 1023 1 	 72 71 73 
869 2047 	 2 1023 1 	 75 74 76 
870 2047 	 2 1023 1 	 78 77 79 
871 1016 	 1.98166 1016 0 	 81 80 82 
872 1010 	 1.96747 1010 0 	 84 83 85 
873 1005 	 1.95877 1005 0 	 87 86 88 
874 1000 	 1.94882 1000 0 	 90 89 91 
875 990 	 1.92845 990 0 	 93 92 94 
876 977 	 1.90788 977 0 	 96 95 97 
877 974 	 1.89924 974 0 	 99 98 100 
878 968 	 1.8896 968 0 	 102 101 103 
879 959 	 1.86963 959 0 	 107 104 109 
880 946 	 1.84339 946 0 	 113 110 115 
881 933 	 1.81909 933 0 	 119 116 121 
882 923 	 1.80055 923 0 	 125 122 127 
883 914 	 1.78162 914 0 	 131 128 133 
884 904 	 1.76207 904 0 	 137 134 139 
885 896 	 1.74981 896 0 	 143 140 145 
886 891 	 1.73737 891 0 	 149 146 151 
887 885 	 1.72476 885 0 	 155 152 157 
888 879 	 1.71559 879 0 	 161 158 163 
889 873 	 1.70273 873 0 	 167 164 169 
890 867 	 1.69145 867 0 	 173 170 175 
891 862 	 1.68099 862 0 	 179 176 181 
892 857 	 1.67369 857 0 	 185 182 187 
893 856 	 1.6705 856 0 	 191 188 193 
894 836 	 1.63159 836 0 	 224 194 254 
895 825 	 1.6093 825 0 	 255 255 255 
896 512 	 1 512 0 	 0 0 0   # compresses ieta bin 14, pt 0
897 2047 	 2 1023 1 	 15 15 15 
898 2047 	 2 1023 1 	 16 16 16 
899 2047 	 2 1023 1 	 17 17 17 
900 2047 	 2 1023 1 	 18 18 18 
901 2047 	 2 1023 1 	 19 19 19 
902 2047 	 2 1023 1 	 20 20 20 
903 2047 	 2 1023 1 	 21 21 21 
904 2047 	 2 1023 1 	 22 22 22 
905 2047 	 2 1023 1 	 23 23 23 
906 2047 	 2 1023 1 	 24 24 24 
907 2047 	 2 1023 1 	 25 25 25 
908 2047 	 2 1023 1 	 26 26 26 
909 2047 	 2 1023 1 	 27 27 27 
910 2047 	 2 1023 1 	 28 28 28 
911 2047 	 2 1023 1 	 29 29 29 
912 2047 	 2 1023 1 	 30 30 30 
913 2047 	 2 1023 1 	 31 31 31 
914 2047 	 2 1023 1 	 33 32 33 
915 2047 	 2 1023 1 	 35 34 35 
916 2047 	 2 1023 1 	 37 36 37 
917 2047 	 2 1023 1 	 39 38 39 
918 2047 	 2 1023 1 	 41 40 41 
919 2047 	 2 1023 1 	 43 42 43 
920 2047 	 2 1023 1 	 45 44 45 
921 2047 	 2 1023 1 	 47 46 47 
922 2047 	 2 1023 1 	 49 48 49 
923 2047 	 2 1023 1 	 51 50 51 
924 2047 	 2 1023 1 	 53 52 53 
925 2047 	 2 1023 1 	 55 54 55 
926 2047 	 2 1023 1 	 57 56 57 
927 2047 	 2 1023 1 	 59 58 59 
928 2047 	 2 1023 1 	 61 60 61 
929 2047 	 2 1023 1 	 63 62 64 
930 2047 	 2 1023 1 	 66 65 67 
931 2047 	 2 1023 1 	 69 68 70 
932 2047 	 2 1023 1 	 72 71 73 
933 2047 	 2 1023 1 	 75 74 76 
934 2047 	 2 1023 1 	 78 77 79 
935 2047 	 2 1023 1 	 81 80 82 
936 2047 	 1.99819 1023 1 	 84 83 85 
937 1020 	 1.98725 1020 0 	 87 86 88 
938 1011 	 1.97411 1011 0 	 90 89 91 
939 1001 	 1.9517 1001 0 	 93 92 94 
940 988 	 1.92625 988 0 	 96 95 97 
941 982 	 1.91495 982 0 	 99 98 100 
942 978 	 1.90465 978 0 	 102 101 103 
943 970 	 1.89091 970 0 	 107 104 109 
944 958 	 1.86918 958 0 	 113 110 115 
945 946 	 1.84567 946 0 	 119 116 121 
946 937 	 1.82796 937 0 	 125 122 127 
947 926 	 1.80599 926 0 	 131 128 133 
948 917 	 1.78694 917 0 	 137 134 139 
949 911 	 1.77582 911 0 	 143 140 145 
950 903 	 1.76328 903 0 	 149 146 151 
951 896 	 1.74873 896 0 	 155 152 157 
952 892 	 1.73931 892 0 	 161 158 163 
953 887 	 1.72917 887 0 	 167 164 169 
954 881 	 1.71987 881 0 	 173 170 175 
955 876 	 1.70838 876 0 	 179 176 181 
956 871 	 1.70096 871 0 	 185 182 187 
957 871 	 1.69817 871 0 	 191 188 193 
958 851 	 1.66026 851 0 	 224 194 254 
959 839 	 1.63729 839 0 	 255 255 255 
960 512 	 1 512 0 	 0 0 0   # compresses ieta bin 15, pt 0
961 2047 	 2 1023 1 	 15 15 15 
962 2047 	 2 1023 1 	 16 16 16 
963 2047 	 2 1023 1 	 17 17 17 
964 2047 	 2 1023 1 	 18 18 18 
965 2047 	 2 1023 1 	 19 19 19 
966 2047 	 2 1023 1 	 20 20 20 
967 2047 	 2 1023 1 	 21 21 21 
968 2047 	 2 1023 1 	 22 22 22 
969 2047 	 2 1023 1 	 23 23 23 
970 2047 	 2 1023 1 	 24 24 24 
971 2047 	 2 1023 1 	 25 25 25 
972 2047 	 2 1023 1 	 26 26 26 
973 2047 	 2 1023 1 	 27 27 27 
974 2047 	 2 1023 1 	 28 28 28 
975 2047 	 2 1023 1 	 29 29 29 
976 2047 	 2 1023 1 	 30 30 30 
977 2047 	 2 1023 1 	 31 31 31 
978 2047 	 2 1023 1 	 33 32 33 
979 2047 	 2 1023 1 	 35 34 35 
980 2047 	 2 1023 1 	 37 36 37 
981 2047 	 2 1023 1 	 39 38 39 
982 2047 	 2 1023 1 	 41 40 41 
983 2047 	 2 1023 1 	 43 42 43 
984 2047 	 2 1023 1 	 45 44 45 
985 2047 	 2 1023 1 	 47 46 47 
986 2047 	 2 1023 1 	 49 48 49 
987 2047 	 2 1023 1 	 51 50 51 
988 2047 	 2 1023 1 	 53 52 53 
989 2047 	 2 1023 1 	 55 54 55 
990 2047 	 2 1023 1 	 57 56 57 
991 2047 	 2 1023 1 	 59 58 59 
992 2047 	 2 1023 1 	 61 60 61 
993 2047 	 2 1023 1 	 63 62 64 
994 2047 	 2 1023 1 	 66 65 67 
995 2047 	 2 1023 1 	 69 68 70 
996 2047 	 2 1023 1 	 72 71 73 
997 2047 	 2 1023 1 	 75 74 76 
998 2047 	 2 1023 1 	 78 77 79 
999 2047 	 2 1023 1 	 81 80 82 
1000 2047 	 2 1023 1 	 84 83 85 
1001 2047 	 2 1023 1 	 87 86 88 
1002 2047 	 2 1023 1 	 90 89 91 
1003 2047 	 2 1023 1 	 93 92 94 
1004 1023 	 1.99262 1023 0 	 96 95 97 
1005 1015 	 1.98193 1015 0 	 99 98 100 
1006 1010 	 1.97093 1010 0 	 102 101 103 
1007 1004 	 1.96028 1004 0 	 107 104 109 
1008 998 	 1.94627 998 0 	 113 110 115 
1009 987 	 1.92384 987 0 	 119 116 121 
1010 978 	 1.90685 978 0 	 125 122 127 
1011 965 	 1.88146 965 0 	 131 128 133 
1012 954 	 1.85954 954 0 	 137 134 139 
1013 948 	 1.84844 948 0 	 143 140 145 
1014 943 	 1.83874 943 0 	 149 146 151 
1015 936 	 1.82547 936 0 	 155 152 157 
1016 930 	 1.81213 930 0 	 161 158 163 
1017 924 	 1.80208 924 0 	 167 164 169 
1018 915 	 1.78699 915 0 	 173 170 175 
1019 908 	 1.77158 908 0 	 179 176 181 
1020 904 	 1.76464 904 0 	 185 182 187 
1021 902 	 1.75963 902 0 	 191 188 193 
1022 884 	 1.72472 884 0 	 224 194 254 
1023 872 	 1.70266 872 0 	 255 255 255 
1024 512 	 1 512 0 	 0 0 0   # compresses ieta bin 16, pt 0
1025 2047 	 2 1023 1 	 15 15 15 
1026 2047 	 2 1023 1 	 16 16 16 
1027 2047 	 2 1023 1 	 17 17 17 
1028 2047 	 2 1023 1 	 18 18 18 
1029 2047 	 2 1023 1 	 19 19 19 
1030 2047 	 2 1023 1 	 20 20 20 
1031 2047 	 2 1023 1 	 21 21 21 
1032 2047 	 2 1023 1 	 22 22 22 
1033 2047 	 2 1023 1 	 23 23 23 
1034 2047 	 2 1023 1 	 24 24 24 
1035 2047 	 2 1023 1 	 25 25 25 
1036 2047 	 2 1023 1 	 26 26 26 
1037 2047 	 2 1023 1 	 27 27 27 
1038 2047 	 2 1023 1 	 28 28 28 
1039 2047 	 2 1023 1 	 29 29 29 
1040 2047 	 2 1023 1 	 30 30 30 
1041 2047 	 2 1023 1 	 31 31 31 
1042 2047 	 2 1023 1 	 33 32 33 
1043 2047 	 2 1023 1 	 35 34 35 
1044 2047 	 2 1023 1 	 37 36 37 
1045 2047 	 2 1023 1 	 39 38 39 
1046 2047 	 2 1023 1 	 41 40 41 
1047 2047 	 2 1023 1 	 43 42 43 
1048 2047 	 2 1023 1 	 45 44 45 
1049 2047 	 2 1023 1 	 47 46 47 
1050 2047 	 2 1023 1 	 49 48 49 
1051 2047 	 2 1023 1 	 51 50 51 
1052 2047 	 2 1023 1 	 53 52 53 
1053 2047 	 2 1023 1 	 55 54 55 
1054 2047 	 2 1023 1 	 57 56 57 
1055 2047 	 2 1023 1 	 59 58 59 
1056 2047 	 2 1023 1 	 61 60 61 
1057 2047 	 2 1023 1 	 63 62 64 
1058 2047 	 2 1023 1 	 66 65 67 
1059 2047 	 2 1023 1 	 69 68 70 
1060 2047 	 2 1023 1 	 72 71 73 
1061 2047 	 2 1023 1 	 75 74 76 
1062 2047 	 2 1023 1 	 78 77 79 
1063 2047 	 2 1023 1 	 81 80 82 
1064 2047 	 2 1023 1 	 84 83 85 
1065 2047 	 2 1023 1 	 87 86 88 
1066 2047 	 2 1023 1 	 90 89 91 
1067 2047 	 2 1023 1 	 93 92 94 
1068 1017 	 1.98317 1017 0 	 96 95 97 
1069 1013 	 1.97253 1013 0 	 99 98 100 
1070 1005 	 1.96158 1005 0 	 102 101 103 
1071 1002 	 1.95098 1002 0 	 107 104 109 
1072 994 	 1.93704 994 0 	 113 110 115 
1073 982 	 1.91471 982 0 	 119 116 121 
1074 972 	 1.89775 972 0 	 125 122 127 
1075 961 	 1.87248 961 0 	 131 128 133 
1076 949 	 1.85066 949 0 	 137 134 139 
1077 943 	 1.83962 943 0 	 143 140 145 
1078 938 	 1.82996 938 0 	 149 146 151 
1079 931 	 1.81675 931 0 	 155 152 157 
1080 925 	 1.80348 925 0 	 161 158 163 
1081 919 	 1.79348 919 0 	 167 164 169 
1082 911 	 1.77846 911 0 	 173 170 175 
1083 903 	 1.76313 903 0 	 179 176 181 
1084 900 	 1.75622 900 0 	 185 182 187 
1085 898 	 1.75123 898 0 	 191 188 193 
1086 879 	 1.7165 879 0 	 224 194 254 
1087 868 	 1.69464 868 0 	 255 255 255 
1088 512 	 1 512 0 	 0 0 0   # compresses ieta bin 17, pt 0
1089 2047 	 2 1023 1 	 15 15 15 
1090 2047 	 2 1023 1 	 16 16 16 
1091 2047 	 2 1023 1 	 17 17 17 
1092 2047 	 2 1023 1 	 18 18 18 
1093 2047 	 2 1023 1 	 19 19 19 
1094 2047 	 2 1023 1 	 20 20 20 
1095 2047 	 2 1023 1 	 21 21 21 
1096 2047 	 2 1023 1 	 22 22 22 
1097 2047 	 2 1023 1 	 23 23 23 
1098 2047 	 2 1023 1 	 24 24 24 
1099 2047 	 2 1023 1 	 25 25 25 
1100 2047 	 2 1023 1 	 26 26 26 
1101 2047 	 2 1023 1 	 27 27 27 
1102 2047 	 2 1023 1 	 28 28 28 
1103 2047 	 2 1023 1 	 29 29 29 
1104 2047 	 2 1023 1 	 30 30 30 
1105 2047 	 2 1023 1 	 31 31 31 
1106 2047 	 2 1023 1 	 33 32 33 
1107 2047 	 2 1023 1 	 35 34 35 
1108 2047 	 2 1023 1 	 37 36 37 
1109 2047 	 2 1023 1 	 39 38 39 
1110 2047 	 2 1023 1 	 41 40 41 
1111 2047 	 2 1023 1 	 43 42 43 
1112 2047 	 2 1023 1 	 45 44 45 
1113 2047 	 2 1023 1 	 47 46 47 
1114 2047 	 2 1023 1 	 49 48 49 
1115 2047 	 2 1023 1 	 51 50 51 
1116 2047 	 2 1023 1 	 53 52 53 
1117 2047 	 2 1023 1 	 55 54 55 
1118 2047 	 2 1023 1 	 57 56 57 
1119 2047 	 2 1023 1 	 59 58 59 
1120 2047 	 2 1023 1 	 61 60 61 
1121 2047 	 2 1023 1 	 63 62 64 
1122 2047 	 2 1023 1 	 66 65 67 
1123 1011 	 1.97257 1011 0 	 69 68 70 
1124 1001 	 1.95257 1001 0 	 72 71 73 
1125 992 	 1.93227 992 0 	 75 74 76 
1126 980 	 1.90994 980 0 	 78 77 79 
1127 969 	 1.89021 969 0 	 81 80 82 
1128 962 	 1.87616 962 0 	 84 83 85 
1129 958 	 1.86919 958 0 	 87 86 88 
1130 954 	 1.86195 954 0 	 90 89 91 
1131 943 	 1.83924 943 0 	 93 92 94 
1132 932 	 1.81679 932 0 	 96 95 97 
1133 927 	 1.80822 927 0 	 99 98 100 
1134 923 	 1.80018 923 0 	 102 101 103 
1135 915 	 1.78561 915 0 	 107 104 109 
1136 905 	 1.76481 905 0 	 113 110 115 
1137 894 	 1.74251 894 0 	 119 116 121 
1138 888 	 1.73371 888 0 	 125 122 127 
1139 881 	 1.71758 881 0 	 131 128 133 
1140 874 	 1.70272 874 0 	 137 134 139 
1141 866 	 1.68877 866 0 	 143 140 145 
1142 857 	 1.67241 857 0 	 149 146 151 
1143 852 	 1.66131 852 0 	 155 152 157 
1144 849 	 1.65483 849 0 	 161 158 163 
1145 843 	 1.64501 843 0 	 167 164 169 
1146 837 	 1.63158 837 0 	 173 170 175 
1147 832 	 1.62414 832 0 	 179 176 181 
1148 828 	 1.61536 828 0 	 185 182 187 
1149 825 	 1.61028 825 0 	 191 188 193 
1150 806 	 1.57409 806 0 	 224 194 254 
1151 796 	 1.5523 796 0 	 255 255 255 
1152 512 	 1 512 0 	 0 0 0   # compresses ieta bin 18, pt 0
1153 2047 	 2 1023 1 	 15 15 15 
1154 2047 	 2 1023 1 	 16 16 16 
1155 2047 	 2 1023 1 	 17 17 17 
1156 2047 	 2 1023 1 	 18 18 18 
1157 2047 	 2 1023 1 	 19 19 19 
1158 2047 	 2 1023 1 	 20 20 20 
1159 2047 	 2 1023 1 	 21 21 21 
1160 2047 	 2 1023 1 	 22 22 22 
1161 2047 	 2 1023 1 	 23 23 23 
1162 2047 	 2 1023 1 	 24 24 24 
1163 2047 	 2 1023 1 	 25 25 25 
1164 2047 	 2 1023 1 	 26 26 26 
1165 2047 	 2 1023 1 	 27 27 27 
1166 2047 	 2 1023 1 	 28 28 28 
1167 2047 	 2 1023 1 	 29 29 29 
1168 2047 	 2 1023 1 	 30 30 30 
1169 2047 	 2 1023 1 	 31 31 31 
1170 2047 	 2 1023 1 	 33 32 33 
1171 2047 	 2 1023 1 	 35 34 35 
1172 2047 	 2 1023 1 	 37 36 37 
1173 2047 	 2 1023 1 	 39 38 39 
1174 2047 	 2 1023 1 	 41 40 41 
1175 2047 	 2 1023 1 	 43 42 43 
1176 2047 	 2 1023 1 	 45 44 45 
1177 2047 	 2 1023 1 	 47 46 47 
1178 2047 	 2 1023 1 	 49 48 49 
1179 2047 	 2 1023 1 	 51 50 51 
1180 2047 	 2 1023 1 	 53 52 53 
1181 2047 	 2 1023 1 	 55 54 55 
1182 2047 	 2 1023 1 	 57 56 57 
1183 2047 	 2 1023 1 	 59 58 59 
1184 1022 	 1.99425 1022 0 	 61 60 61 
1185 1014 	 1.97972 1014 0 	 63 62 64 
1186 1003 	 1.95726 1003 0 	 66 65 67 
1187 993 	 1.93396 993 0 	 69 68 70 
1188 983 	 1.91581 983 0 	 72 71 73 
1189 975 	 1.89669 975 0 	 75 74 76 
1190 963 	 1.88063 963 0 	 78 77 79 
1191 959 	 1.86783 959 0 	 81 80 82 
1192 952 	 1.85446 952 0 	 84 83 85 
1193 946 	 1.84717 946 0 	 87 86 88 
1194 943 	 1.83931 943 0 	 90 89 91 
1195 929 	 1.81292 929 0 	 93 92 94 
1196 916 	 1.78689 916 0 	 96 95 97 
1197 912 	 1.77856 912 0 	 99 98 100 
1198 908 	 1.76955 908 0 	 102 101 103 
1199 899 	 1.75291 899 0 	 107 104 109 
1200 890 	 1.73249 890 0 	 113 110 115 
1201 877 	 1.71059 877 0 	 119 116 121 
1202 872 	 1.69991 872 0 	 125 122 127 
1203 861 	 1.6799 861 0 	 131 128 133 
1204 852 	 1.66098 852 0 	 137 134 139 
1205 844 	 1.64726 844 0 	 143 140 145 
1206 836 	 1.63244 836 0 	 149 146 151 
1207 827 	 1.61201 827 0 	 155 152 157 
1208 822 	 1.60097 822 0 	 161 158 163 
1209 815 	 1.59095 815 0 	 167 164 169 
1210 809 	 1.57853 809 0 	 173 170 175 
1211 805 	 1.56934 805 0 	 179 176 181 
1212 798 	 1.55807 798 0 	 185 182 187 
1213 794 	 1.55078 794 0 	 191 188 193 
1214 777 	 1.51475 777 0 	 224 194 254 
1215 764 	 1.49239 764 0 	 255 255 255 
1216 512 	 1 512 0 	 0 0 0   # compresses ieta bin 19, pt 0
1217 2047 	 2 1023 1 	 15 15 15 
1218 2047 	 2 1023 1 	 16 16 16 
1219 2047 	 2 1023 1 	 17 17 17 
1220 2047 	 2 1023 1 	 18 18 18 
1221 2047 	 2 1023 1 	 19 19 19 
1222 2047 	 2 1023 1 	 20 20 20 
1223 2047 	 2 1023 1 	 21 21 21 
1224 2047 	 2 1023 1 	 22 22 22 
1225 2047 	 2 1023 1 	 23 23 23 
1226 2047 	 2 1023 1 	 24 24 24 
1227 2047 	 2 1023 1 	 25 25 25 
1228 2047 	 2 1023 1 	 26 26 26 
1229 2047 	 2 1023 1 	 27 27 27 
1230 2047 	 2 1023 1 	 28 28 28 
1231 2047 	 2 1023 1 	 29 29 29 
1232 2047 	 2 1023 1 	 30 30 30 
1233 2047 	 2 1023 1 	 31 31 31 
1234 2047 	 2 1023 1 	 33 32 33 
1235 2047 	 2 1023 1 	 35 34 35 
1236 2047 	 2 1023 1 	 37 36 37 
1237 2047 	 2 1023 1 	 39 38 39 
1238 2047 	 2 1023 1 	 41 40 41 
1239 2047 	 2 1023 1 	 43 42 43 
1240 2047 	 2 1023 1 	 45 44 45 
1241 2047 	 2 1023 1 	 47 46 47 
1242 2047 	 2 1023 1 	 49 48 49 
1243 2047 	 2 1023 1 	 51 50 51 
1244 2047 	 2 1023 1 	 53 52 53 
1245 2047 	 2 1023 1 	 55 54 55 
1246 2047 	 2 1023 1 	 57 56 57 
1247 1022 	 1.98941 1022 0 	 59 58 59 
1248 1014 	 1.97317 1014 0 	 61 60 61 
1249 1006 	 1.9604 1006 0 	 63 62 64 
1250 995 	 1.9402 995 0 	 66 65 67 
1251 982 	 1.91276 982 0 	 69 68 70 
1252 973 	 1.8948 973 0 	 72 71 73 
1253 961 	 1.87589 961 0 	 75 74 76 
1254 954 	 1.86 954 0 	 78 77 79 
1255 950 	 1.85096 950 0 	 81 80 82 
1256 944 	 1.84197 944 0 	 84 83 85 
1257 940 	 1.83434 940 0 	 87 86 88 
1258 937 	 1.82576 937 0 	 90 89 91 
1259 924 	 1.79957 924 0 	 93 92 94 
1260 911 	 1.77617 911 0 	 96 95 97 
1261 907 	 1.76933 907 0 	 99 98 100 
1262 903 	 1.76109 903 0 	 102 101 103 
1263 894 	 1.74334 894 0 	 107 104 109 
1264 883 	 1.72272 883 0 	 113 110 115 
1265 873 	 1.7008 873 0 	 119 116 121 
1266 866 	 1.68881 866 0 	 125 122 127 
1267 857 	 1.67296 857 0 	 131 128 133 
1268 850 	 1.6561 850 0 	 137 134 139 
1269 843 	 1.6426 843 0 	 143 140 145 
1270 835 	 1.62868 835 0 	 149 146 151 
1271 825 	 1.6083 825 0 	 155 152 157 
1272 820 	 1.59953 820 0 	 161 158 163 
1273 815 	 1.58952 815 0 	 167 164 169 
1274 809 	 1.57711 809 0 	 173 170 175 
1275 803 	 1.56792 803 0 	 179 176 181 
1276 798 	 1.55667 798 0 	 185 182 187 
1277 794 	 1.54909 794 0 	 191 188 193 
1278 775 	 1.51382 775 0 	 224 194 254 
1279 764 	 1.49155 764 0 	 255 255 255 
1280 512 	 1 512 0 	 0 0 0   # compresses ieta bin 20, pt 0
1281 2047 	 2 1023 1 	 15 15 15 
1282 2047 	 2 1023 1 	 16 16 16 
1283 2047 	 2 1023 1 	 17 17 17 
1284 2047 	 2 1023 1 	 18 18 18 
1285 2047 	 2 1023 1 	 19 19 19 
1286 2047 	 2 1023 1 	 20 20 20 
1287 2047 	 2 1023 1 	 21 21 21 
1288 2047 	 2 1023 1 	 22 22 22 
1289 2047 	 2 1023 1 	 23 23 23 
1290 2047 	 2 1023 1 	 24 24 24 
1291 2047 	 2 1023 1 	 25 25 25 
1292 2047 	 2 1023 1 	 26 26 26 
1293 2047 	 2 1023 1 	 27 27 27 
1294 2047 	 2 1023 1 	 28 28 28 
1295 2047 	 2 1023 1 	 29 29 29 
1296 2047 	 2 1023 1 	 30 30 30 
1297 2047 	 2 1023 1 	 31 31 31 
1298 2047 	 2 1023 1 	 33 32 33 
1299 2047 	 2 1023 1 	 35 34 35 
1300 2047 	 2 1023 1 	 37 36 37 
1301 2047 	 2 1023 1 	 39 38 39 
1302 2047 	 2 1023 1 	 41 40 41 
1303 2047 	 2 1023 1 	 43 42 43 
1304 2047 	 2 1023 1 	 45 44 45 
1305 2047 	 2 1023 1 	 47 46 47 
1306 2047 	 2 1023 1 	 49 48 49 
1307 2047 	 2 1023 1 	 51 50 51 
1308 2047 	 2 1023 1 	 53 52 53 
1309 2047 	 2 1023 1 	 55 54 55 
1310 2046 	 1.9978 1022 1 	 57 56 57 
1311 1013 	 1.97394 1013 0 	 59 58 59 
1312 1006 	 1.95818 1006 0 	 61 60 61 
1313 1002 	 1.94992 1002 0 	 63 62 64 
1314 988 	 1.92558 988 0 	 66 65 67 
1315 974 	 1.89671 974 0 	 69 68 70 
1316 966 	 1.87891 966 0 	 72 71 73 
1317 954 	 1.86063 954 0 	 75 74 76 
1318 947 	 1.84581 947 0 	 78 77 79 
1319 940 	 1.83254 940 0 	 81 80 82 
1320 934 	 1.81981 934 0 	 84 83 85 
1321 925 	 1.80367 925 0 	 87 86 88 
1322 917 	 1.78948 917 0 	 90 89 91 
1323 904 	 1.76365 904 0 	 93 92 94 
1324 895 	 1.74392 895 0 	 96 95 97 
1325 891 	 1.73681 891 0 	 99 98 100 
1326 885 	 1.72481 885 0 	 102 101 103 
1327 875 	 1.70706 875 0 	 107 104 109 
1328 865 	 1.68374 865 0 	 113 110 115 
1329 853 	 1.663 853 0 	 119 116 121 
1330 847 	 1.65053 847 0 	 125 122 127 
1331 842 	 1.64193 842 0 	 131 128 133 
1332 839 	 1.63623 839 0 	 137 134 139 
1333 836 	 1.62798 836 0 	 143 140 145 
1334 826 	 1.61191 826 0 	 149 146 151 
1335 815 	 1.58993 815 0 	 155 152 157 
1336 812 	 1.58347 812 0 	 161 158 163 
1337 807 	 1.57355 807 0 	 167 164 169 
1338 800 	 1.56185 800 0 	 173 170 175 
1339 795 	 1.55148 795 0 	 179 176 181 
1340 790 	 1.54156 790 0 	 185 182 187 
1341 786 	 1.53362 786 0 	 191 188 193 
1342 769 	 1.50017 769 0 	 224 194 254 
1343 757 	 1.47839 757 0 	 255 255 255 
1344 512 	 1 512 0 	 0 0 0   # compresses ieta bin 21, pt 0
1345 2047 	 2 1023 1 	 15 15 15 
1346 2047 	 2 1023 1 	 16 16 16 
1347 2047 	 2 1023 1 	 17 17 17 
1348 2047 	 2 1023 1 	 18 18 18 
1349 2047 	 2 1023 1 	 19 19 19 
1350 2047 	 2 1023 1 	 20 20 20 
1351 2047 	 2 1023 1 	 21 21 21 
1352 2047 	 2 1023 1 	 22 22 22 
1353 2047 	 2 1023 1 	 23 23 23 
1354 2047 	 2 1023 1 	 24 24 24 
1355 2047 	 2 1023 1 	 25 25 25 
1356 2047 	 2 1023 1 	 26 26 26 
1357 2047 	 2 1023 1 	 27 27 27 
1358 2047 	 2 1023 1 	 28 28 28 
1359 2047 	 2 1023 1 	 29 29 29 
1360 2047 	 2 1023 1 	 30 30 30 
1361 2047 	 2 1023 1 	 31 31 31 
1362 2047 	 2 1023 1 	 33 32 33 
1363 2047 	 2 1023 1 	 35 34 35 
1364 2047 	 2 1023 1 	 37 36 37 
1365 2047 	 2 1023 1 	 39 38 39 
1366 2047 	 2 1023 1 	 41 40 41 
1367 2047 	 2 1023 1 	 43 42 43 
1368 2047 	 2 1023 1 	 45 44 45 
1369 2047 	 2 1023 1 	 47 46 47 
1370 2047 	 2 1023 1 	 49 48 49 
1371 1022 	 1.99293 1022 0 	 51 50 51 
1372 1013 	 1.97632 1013 0 	 53 52 53 
1373 1008 	 1.96264 1008 0 	 55 54 55 
1374 1000 	 1.94655 1000 0 	 57 56 57 
1375 987 	 1.92374 987 0 	 59 58 59 
1376 980 	 1.90826 980 0 	 61 60 61 
1377 974 	 1.89678 974 0 	 63 62 64 
1378 968 	 1.88278 968 0 	 66 65 67 
1379 948 	 1.85021 948 0 	 69 68 70 
1380 941 	 1.83526 941 0 	 72 71 73 
1381 930 	 1.81153 930 0 	 75 74 76 
1382 921 	 1.79613 921 0 	 78 77 79 
1383 915 	 1.78322 915 0 	 81 80 82 
1384 910 	 1.77427 910 0 	 84 83 85 
1385 908 	 1.76757 908 0 	 87 86 88 
1386 903 	 1.75913 903 0 	 90 89 91 
1387 891 	 1.73874 891 0 	 93 92 94 
1388 881 	 1.71636 881 0 	 96 95 97 
1389 876 	 1.70862 876 0 	 99 98 100 
1390 870 	 1.698 870 0 	 102 101 103 
1391 863 	 1.68387 863 0 	 107 104 109 
1392 853 	 1.66226 853 0 	 113 110 115 
1393 843 	 1.64465 843 0 	 119 116 121 
1394 835 	 1.62905 835 0 	 125 122 127 
1395 828 	 1.61513 828 0 	 131 128 133 
1396 824 	 1.60553 824 0 	 137 134 139 
1397 818 	 1.59464 818 0 	 143 140 145 
1398 812 	 1.58238 812 0 	 149 146 151 
1399 805 	 1.57115 805 0 	 155 152 157 
1400 802 	 1.56408 802 0 	 161 158 163 
1401 798 	 1.55577 798 0 	 167 164 169 
1402 791 	 1.54264 791 0 	 173 170 175 
1403 783 	 1.5287 783 0 	 179 176 181 
1404 780 	 1.52086 780 0 	 185 182 187 
1405 776 	 1.51383 776 0 	 191 188 193 
1406 759 	 1.48112 759 0 	 224 194 254 
1407 747 	 1.45954 747 0 	 255 255 255 
1408 512 	 1 512 0 	 0 0 0   # compresses ieta bin 22, pt 0
1409 2047 	 2 1023 1 	 15 15 15 
1410 2047 	 2 1023 1 	 16 16 16 
1411 2047 	 2 1023 1 	 17 17 17 
1412 2047 	 2 1023 1 	 18 18 18 
1413 2047 	 2 1023 1 	 19 19 19 
1414 2047 	 2 1023 1 	 20 20 20 
1415 2047 	 2 1023 1 	 21 21 21 
1416 2047 	 2 1023 1 	 22 22 22 
1417 2047 	 2 1023 1 	 23 23 23 
1418 2047 	 2 1023 1 	 24 24 24 
1419 2047 	 2 1023 1 	 25 25 25 
1420 2047 	 2 1023 1 	 26 26 26 
1421 2047 	 2 1023 1 	 27 27 27 
1422 2047 	 2 1023 1 	 28 28 28 
1423 2047 	 2 1023 1 	 29 29 29 
1424 2047 	 2 1023 1 	 30 30 30 
1425 2047 	 2 1023 1 	 31 31 31 
1426 2047 	 2 1023 1 	 33 32 33 
1427 2047 	 2 1023 1 	 35 34 35 
1428 2047 	 2 1023 1 	 37 36 37 
1429 2047 	 2 1023 1 	 39 38 39 
1430 2047 	 2 1023 1 	 41 40 41 
1431 2047 	 2 1023 1 	 43 42 43 
1432 2046 	 1.99795 1022 1 	 45 44 45 
1433 1016 	 1.97961 1016 0 	 47 46 47 
1434 1006 	 1.95814 1006 0 	 49 48 49 
1435 992 	 1.93494 992 0 	 51 50 51 
1436 988 	 1.92094 988 0 	 53 52 53 
1437 980 	 1.90837 980 0 	 55 54 55 
1438 973 	 1.89261 973 0 	 57 56 57 
1439 961 	 1.86986 961 0 	 59 58 59 
1440 951 	 1.85587 951 0 	 61 60 61 
1441 945 	 1.84352 945 0 	 63 62 64 
1442 937 	 1.82299 937 0 	 66 65 67 
1443 922 	 1.79714 922 0 	 69 68 70 
1444 916 	 1.7875 916 0 	 72 71 73 
1445 906 	 1.76585 906 0 	 75 74 76 
1446 898 	 1.75264 898 0 	 78 77 79 
1447 893 	 1.73953 893 0 	 81 80 82 
1448 885 	 1.72775 885 0 	 84 83 85 
1449 881 	 1.71999 881 0 	 87 86 88 
1450 878 	 1.7107 878 0 	 90 89 91 
1451 869 	 1.69377 869 0 	 93 92 94 
1452 860 	 1.67824 860 0 	 96 95 97 
1453 857 	 1.67108 857 0 	 99 98 100 
1454 850 	 1.65905 850 0 	 102 101 103 
1455 844 	 1.64499 844 0 	 107 104 109 
1456 833 	 1.62555 833 0 	 113 110 115 
1457 825 	 1.60766 825 0 	 119 116 121 
1458 819 	 1.59542 819 0 	 125 122 127 
1459 812 	 1.58477 812 0 	 131 128 133 
1460 807 	 1.57131 807 0 	 137 134 139 
1461 800 	 1.5611 800 0 	 143 140 145 
1462 795 	 1.55175 795 0 	 149 146 151 
1463 787 	 1.53679 787 0 	 155 152 157 
1464 783 	 1.52885 783 0 	 161 158 163 
1465 778 	 1.5181 778 0 	 167 164 169 
1466 775 	 1.51121 775 0 	 173 170 175 
1467 767 	 1.49702 767 0 	 179 176 181 
1468 763 	 1.48825 763 0 	 185 182 187 
1469 759 	 1.48076 759 0 	 191 188 193 
1470 742 	 1.44965 742 0 	 224 194 254 
1471 732 	 1.42986 732 0 	 255 255 255 
1472 512 	 1 512 0 	 0 0 0   # compresses ieta bin 23, pt 0
1473 2047 	 2 1023 1 	 15 15 15 
1474 2047 	 2 1023 1 	 16 16 16 
1475 2047 	 2 1023 1 	 17 17 17 
1476 2047 	 2 1023 1 	 18 18 18 
1477 2047 	 2 1023 1 	 19 19 19 
1478 2047 	 2 1023 1 	 20 20 20 
1479 2047 	 2 1023 1 	 21 21 21 
1480 2047 	 2 1023 1 	 22 22 22 
1481 2047 	 2 1023 1 	 23 23 23 
1482 2047 	 2 1023 1 	 24 24 24 
1483 2047 	 2 1023 1 	 25 25 25 
1484 2047 	 2 1023 1 	 26 26 26 
1485 2047 	 2 1023 1 	 27 27 27 
1486 2047 	 2 1023 1 	 28 28 28 
1487 2047 	 2 1023 1 	 29 29 29 
1488 2047 	 2 1023 1 	 30 30 30 
1489 2047 	 2 1023 1 	 31 31 31 
1490 2047 	 2 1023 1 	 33 32 33 
1491 2047 	 2 1023 1 	 35 34 35 
1492 2047 	 2 1023 1 	 37 36 37 
1493 2047 	 2 1023 1 	 39 38 39 
1494 2047 	 2 1023 1 	 41 40 41 
1495 1021 	 1.98402 1021 0 	 43 42 43 
1496 1004 	 1.95893 1004 0 	 45 44 45 
1497 994 	 1.9344 994 0 	 47 46 47 
1498 981 	 1.91321 981 0 	 49 48 49 
1499 971 	 1.88909 971 0 	 51 50 51 
1500 964 	 1.87407 964 0 	 53 52 53 
1501 953 	 1.85766 953 0 	 55 54 55 
1502 946 	 1.84426 946 0 	 57 56 57 
1503 936 	 1.82483 936 0 	 59 58 59 
1504 930 	 1.81404 930 0 	 61 60 61 
1505 925 	 1.80326 925 0 	 63 62 64 
1506 918 	 1.78502 918 0 	 66 65 67 
1507 904 	 1.76077 904 0 	 69 68 70 
1508 902 	 1.75357 902 0 	 72 71 73 
1509 889 	 1.73163 889 0 	 75 74 76 
1510 881 	 1.71831 881 0 	 78 77 79 
1511 874 	 1.70443 874 0 	 81 80 82 
1512 867 	 1.69205 867 0 	 84 83 85 
1513 864 	 1.68481 864 0 	 87 86 88 
1514 861 	 1.67583 861 0 	 90 89 91 
1515 852 	 1.65899 852 0 	 93 92 94 
1516 844 	 1.64419 844 0 	 96 95 97 
1517 839 	 1.63724 839 0 	 99 98 100 
1518 835 	 1.62546 835 0 	 102 101 103 
1519 825 	 1.60964 825 0 	 107 104 109 
1520 817 	 1.59339 817 0 	 113 110 115 
1521 813 	 1.58221 813 0 	 119 116 121 
1522 806 	 1.57089 806 0 	 125 122 127 
1523 801 	 1.56075 801 0 	 131 128 133 
1524 794 	 1.54872 794 0 	 137 134 139 
1525 789 	 1.5399 789 0 	 143 140 145 
1526 785 	 1.52901 785 0 	 149 146 151 
1527 776 	 1.51319 776 0 	 155 152 157 
1528 772 	 1.50562 772 0 	 161 158 163 
1529 767 	 1.49599 767 0 	 167 164 169 
1530 762 	 1.48664 762 0 	 173 170 175 
1531 756 	 1.47377 756 0 	 179 176 181 
1532 752 	 1.4666 752 0 	 185 182 187 
1533 749 	 1.46064 749 0 	 191 188 193 
1534 735 	 1.43428 735 0 	 224 194 254 
1535 726 	 1.41689 726 0 	 255 255 255 
1536 512 	 1 512 0 	 0 0 0   # compresses ieta bin 24, pt 0
1537 2047 	 2 1023 1 	 15 15 15 
1538 2047 	 2 1023 1 	 16 16 16 
1539 2047 	 2 1023 1 	 17 17 17 
1540 2047 	 2 1023 1 	 18 18 18 
1541 2047 	 2 1023 1 	 19 19 19 
1542 2047 	 2 1023 1 	 20 20 20 
1543 2047 	 2 1023 1 	 21 21 21 
1544 2047 	 2 1023 1 	 22 22 22 
1545 2047 	 2 1023 1 	 23 23 23 
1546 2047 	 2 1023 1 	 24 24 24 
1547 2047 	 2 1023 1 	 25 25 25 
1548 2047 	 2 1023 1 	 26 26 26 
1549 2047 	 2 1023 1 	 27 27 27 
1550 2047 	 2 1023 1 	 28 28 28 
1551 2047 	 2 1023 1 	 29 29 29 
1552 2047 	 2 1023 1 	 30 30 30 
1553 2047 	 2 1023 1 	 31 31 31 
1554 2047 	 2 1023 1 	 33 32 33 
1555 2047 	 2 1023 1 	 35 34 35 
1556 2047 	 2 1023 1 	 37 36 37 
1557 2047 	 2 1023 1 	 39 38 39 
1558 2047 	 2 1023 1 	 41 40 41 
1559 1021 	 1.98384 1021 0 	 43 42 43 
1560 1004 	 1.9584 1004 0 	 45 44 45 
1561 994 	 1.93388 994 0 	 47 46 47 
1562 981 	 1.91269 981 0 	 49 48 49 
1563 971 	 1.88859 971 0 	 51 50 51 
1564 964 	 1.87356 964 0 	 53 52 53 
1565 952 	 1.85716 952 0 	 55 54 55 
1566 946 	 1.84376 946 0 	 57 56 57 
1567 936 	 1.82434 936 0 	 59 58 59 
1568 930 	 1.81355 930 0 	 61 60 61 
1569 925 	 1.80278 925 0 	 63 62 64 
1570 918 	 1.78454 918 0 	 66 65 67 
1571 904 	 1.76015 904 0 	 69 68 70 
1572 898 	 1.75295 898 0 	 72 71 73 
1573 889 	 1.73102 889 0 	 75 74 76 
1574 881 	 1.71771 881 0 	 78 77 79 
1575 874 	 1.70383 874 0 	 81 80 82 
1576 867 	 1.69145 867 0 	 84 83 85 
1577 864 	 1.68422 864 0 	 87 86 88 
1578 861 	 1.67525 861 0 	 90 89 91 
1579 850 	 1.65821 850 0 	 93 92 94 
1580 844 	 1.64439 844 0 	 96 95 97 
1581 839 	 1.63711 839 0 	 99 98 100 
1582 832 	 1.62464 832 0 	 102 101 103 
1583 825 	 1.60889 825 0 	 107 104 109 
1584 817 	 1.59291 817 0 	 113 110 115 
1585 810 	 1.58173 810 0 	 119 116 121 
1586 806 	 1.57041 806 0 	 125 122 127 
1587 801 	 1.56028 801 0 	 131 128 133 
1588 794 	 1.54825 794 0 	 137 134 139 
1589 789 	 1.53943 789 0 	 143 140 145 
1590 785 	 1.52861 785 0 	 149 146 151 
1591 776 	 1.51285 776 0 	 155 152 157 
1592 772 	 1.50528 772 0 	 161 158 163 
1593 767 	 1.49566 767 0 	 167 164 169 
1594 762 	 1.48631 762 0 	 173 170 175 
1595 755 	 1.47344 755 0 	 179 176 181 
1596 752 	 1.46627 752 0 	 185 182 187 
1597 749 	 1.46032 749 0 	 191 188 193 
1598 734 	 1.43303 734 0 	 224 194 254 
1599 728 	 1.4225 728 0 	 255 255 255 
1600 512 	 1 512 0 	 0 0 0   # compresses ieta bin 25, pt 0
1601 2047 	 2 1023 1 	 15 15 15 
1602 2047 	 2 1023 1 	 16 16 16 
1603 2047 	 2 1023 1 	 17 17 17 
1604 2047 	 2 1023 1 	 18 18 18 
1605 2047 	 2 1023 1 	 19 19 19 
1606 2047 	 2 1023 1 	 20 20 20 
1607 2047 	 2 1023 1 	 21 21 21 
1608 2047 	 2 1023 1 	 22 22 22 
1609 2047 	 2 1023 1 	 23 23 23 
1610 2047 	 2 1023 1 	 24 24 24 
1611 2047 	 2 1023 1 	 25 25 25 
1612 2047 	 2 1023 1 	 26 26 26 
1613 2047 	 2 1023 1 	 27 27 27 
1614 2047 	 2 1023 1 	 28 28 28 
1615 2047 	 2 1023 1 	 29 29 29 
1616 2047 	 2 1023 1 	 30 30 30 
1617 2047 	 2 1023 1 	 31 31 31 
1618 2047 	 2 1023 1 	 33 32 33 
1619 2047 	 2 1023 1 	 35 34 35 
1620 2047 	 2 1023 1 	 37 36 37 
1621 2047 	 2 1023 1 	 39 38 39 
1622 2047 	 2 1023 1 	 41 40 41 
1623 1021 	 1.9863 1021 0 	 43 42 43 
1624 1010 	 1.96117 1010 0 	 45 44 45 
1625 994 	 1.93661 994 0 	 47 46 47 
1626 985 	 1.91506 985 0 	 49 48 49 
1627 971 	 1.8906 971 0 	 51 50 51 
1628 964 	 1.87374 964 0 	 53 52 53 
1629 952 	 1.85593 952 0 	 55 54 55 
1630 946 	 1.83822 946 0 	 57 56 57 
1631 927 	 1.80676 927 0 	 59 58 59 
1632 926 	 1.80508 926 0 	 61 60 61 
1633 921 	 1.79311 921 0 	 63 62 64 
1634 910 	 1.77398 910 0 	 66 65 67 
1635 896 	 1.74967 896 0 	 69 68 70 
1636 894 	 1.74122 894 0 	 72 71 73 
1637 883 	 1.71687 883 0 	 75 74 76 
1638 875 	 1.70404 875 0 	 78 77 79 
1639 868 	 1.6895 868 0 	 81 80 82 
1640 858 	 1.67539 858 0 	 84 83 85 
1641 855 	 1.66761 855 0 	 87 86 88 
1642 849 	 1.65749 849 0 	 90 89 91 
1643 841 	 1.63754 841 0 	 93 92 94 
1644 833 	 1.62243 833 0 	 96 95 97 
1645 826 	 1.61205 826 0 	 99 98 100 
1646 822 	 1.60134 822 0 	 102 101 103 
1647 815 	 1.5865 815 0 	 107 104 109 
1648 806 	 1.57 806 0 	 113 110 115 
1649 800 	 1.55724 800 0 	 119 116 121 
1650 792 	 1.54507 792 0 	 125 122 127 
1651 787 	 1.53474 787 0 	 131 128 133 
1652 781 	 1.52261 781 0 	 137 134 139 
1653 776 	 1.51315 776 0 	 143 140 145 
1654 769 	 1.50139 769 0 	 149 146 151 
1655 761 	 1.48485 761 0 	 155 152 157 
1656 758 	 1.47725 758 0 	 161 158 163 
1657 752 	 1.46791 752 0 	 167 164 169 
1658 748 	 1.4589 748 0 	 173 170 175 
1659 740 	 1.44495 740 0 	 179 176 181 
1660 737 	 1.43848 737 0 	 185 182 187 
1661 734 	 1.43295 734 0 	 191 188 193 
1662 719 	 1.40479 719 0 	 224 194 254 
1663 711 	 1.38861 711 0 	 255 255 255 
1664 512 	 1 512 0 	 0 0 0   # compresses ieta bin 26, pt 0
1665 2047 	 2 1023 1 	 15 15 15 
1666 2047 	 2 1023 1 	 16 16 16 
1667 2047 	 2 1023 1 	 17 17 17 
1668 2047 	 2 1023 1 	 18 18 18 
1669 2047 	 2 1023 1 	 19 19 19 
1670 2047 	 2 1023 1 	 20 20 20 
1671 2047 	 2 1023 1 	 21 21 21 
1672 2047 	 2 1023 1 	 22 22 22 
1673 2047 	 2 1023 1 	 23 23 23 
1674 2047 	 2 1023 1 	 24 24 24 
1675 2047 	 2 1023 1 	 25 25 25 
1676 2047 	 2 1023 1 	 26 26 26 
1677 2047 	 2 1023 1 	 27 27 27 
1678 2047 	 2 1023 1 	 28 28 28 
1679 2047 	 2 1023 1 	 29 29 29 
1680 2047 	 2 1023 1 	 30 30 30 
1681 2047 	 2 1023 1 	 31 31 31 
1682 2047 	 2 1023 1 	 33 32 33 
1683 2047 	 2 1023 1 	 35 34 35 
1684 2047 	 2 1023 1 	 37 36 37 
1685 2047 	 2 1023 1 	 39 38 39 
1686 2047 	 2 1023 1 	 41 40 41 
1687 2047 	 2 1023 1 	 43 42 43 
1688 2047 	 2 1023 1 	 45 44 45 
1689 2047 	 2 1023 1 	 47 46 47 
1690 1021 	 1.98522 1021 0 	 49 48 49 
1691 1002 	 1.95566 1002 0 	 51 50 51 
1692 993 	 1.93622 993 0 	 53 52 53 
1693 985 	 1.91502 985 0 	 55 54 55 
1694 973 	 1.89595 973 0 	 57 56 57 
1695 961 	 1.86935 961 0 	 59 58 59 
1696 951 	 1.8549 951 0 	 61 60 61 
1697 945 	 1.83931 945 0 	 63 62 64 
1698 933 	 1.81557 933 0 	 66 65 67 
1699 915 	 1.78307 915 0 	 69 68 70 
1700 909 	 1.77124 909 0 	 72 71 73 
1701 896 	 1.74623 896 0 	 75 74 76 
1702 888 	 1.73113 888 0 	 78 77 79 
1703 880 	 1.71727 880 0 	 81 80 82 
1704 873 	 1.7009 873 0 	 84 83 85 
1705 867 	 1.69163 867 0 	 87 86 88 
1706 863 	 1.68085 863 0 	 90 89 91 
1707 852 	 1.66126 852 0 	 93 92 94 
1708 844 	 1.64323 844 0 	 96 95 97 
1709 837 	 1.63267 837 0 	 99 98 100 
1710 832 	 1.62169 832 0 	 102 101 103 
1711 825 	 1.60665 825 0 	 107 104 109 
1712 815 	 1.58983 815 0 	 113 110 115 
1713 808 	 1.57591 808 0 	 119 116 121 
1714 800 	 1.56043 800 0 	 125 122 127 
1715 795 	 1.54956 795 0 	 131 128 133 
1716 788 	 1.53725 788 0 	 137 134 139 
1717 784 	 1.5273 784 0 	 143 140 145 
1718 778 	 1.51542 778 0 	 149 146 151 
1719 769 	 1.49847 769 0 	 155 152 157 
1720 764 	 1.4908 764 0 	 161 158 163 
1721 760 	 1.48137 760 0 	 167 164 169 
1722 754 	 1.47228 754 0 	 173 170 175 
1723 747 	 1.4582 747 0 	 179 176 181 
1724 744 	 1.45167 744 0 	 185 182 187 
1725 741 	 1.4459 741 0 	 191 188 193 
1726 726 	 1.41836 726 0 	 224 194 254 
1727 716 	 1.39739 716 0 	 255 255 255 
1728 512 	 1 512 0 	 0 0 0   # compresses ieta bin 27, pt 0
1729 2047 	 2 1023 1 	 15 15 15 
1730 2047 	 2 1023 1 	 16 16 16 
1731 2047 	 2 1023 1 	 17 17 17 
1732 2047 	 2 1023 1 	 18 18 18 
1733 2047 	 2 1023 1 	 19 19 19 
1734 2047 	 2 1023 1 	 20 20 20 
1735 2047 	 2 1023 1 	 21 21 21 
1736 2047 	 2 1023 1 	 22 22 22 
1737 2047 	 2 1023 1 	 23 23 23 
1738 2047 	 2 1023 1 	 24 24 24 
1739 2047 	 2 1023 1 	 25 25 25 
1740 2047 	 2 1023 1 	 26 26 26 
1741 2047 	 2 1023 1 	 27 27 27 
1742 2047 	 2 1023 1 	 28 28 28 
1743 2047 	 2 1023 1 	 29 29 29 
1744 2047 	 2 1023 1 	 30 30 30 
1745 2047 	 2 1023 1 	 31 31 31 
1746 2047 	 2 1023 1 	 33 32 33 
1747 2047 	 2 1023 1 	 35 34 35 
1748 2047 	 2 1023 1 	 37 36 37 
1749 2047 	 2 1023 1 	 39 38 39 
1750 2047 	 2 1023 1 	 41 40 41 
1751 2047 	 2 1023 1 	 43 42 43 
1752 2047 	 2 1023 1 	 45 44 45 
1753 2047 	 2 1023 1 	 47 46 47 
1754 2047 	 2 1023 1 	 49 48 49 
1755 2047 	 2 1023 1 	 51 50 51 
1756 1018 	 1.98532 1018 0 	 53 52 53 
1757 1008 	 1.96358 1008 0 	 55 54 55 
1758 1000 	 1.94365 1000 0 	 57 56 57 
1759 983 	 1.91763 983 0 	 59 58 59 
1760 976 	 1.90395 976 0 	 61 60 61 
1761 970 	 1.88864 970 0 	 63 62 64 
1762 957 	 1.86446 957 0 	 66 65 67 
1763 941 	 1.83082 941 0 	 69 68 70 
1764 934 	 1.8181 934 0 	 72 71 73 
1765 917 	 1.78821 917 0 	 75 74 76 
1766 908 	 1.77076 908 0 	 78 77 79 
1767 902 	 1.75681 902 0 	 81 80 82 
1768 891 	 1.7389 891 0 	 84 83 85 
1769 887 	 1.7275 887 0 	 87 86 88 
1770 880 	 1.71605 880 0 	 90 89 91 
1771 869 	 1.69527 869 0 	 93 92 94 
1772 860 	 1.67744 860 0 	 96 95 97 
1773 855 	 1.66572 855 0 	 99 98 100 
1774 850 	 1.65701 850 0 	 102 101 103 
1775 841 	 1.64013 841 0 	 107 104 109 
1776 828 	 1.61538 828 0 	 113 110 115 
1777 821 	 1.5995 821 0 	 119 116 121 
1778 815 	 1.58612 815 0 	 125 122 127 
1779 807 	 1.57419 807 0 	 131 128 133 
1780 801 	 1.56163 801 0 	 137 134 139 
1781 794 	 1.55069 794 0 	 143 140 145 
1782 788 	 1.53818 788 0 	 149 146 151 
1783 781 	 1.52136 781 0 	 155 152 157 
1784 775 	 1.51324 775 0 	 161 158 163 
1785 771 	 1.50368 771 0 	 167 164 169 
1786 766 	 1.49445 766 0 	 173 170 175 
1787 759 	 1.48016 759 0 	 179 176 181 
1788 755 	 1.47353 755 0 	 185 182 187 
1789 751 	 1.46717 751 0 	 191 188 193 
1790 737 	 1.43836 737 0 	 224 194 254 
1791 731 	 1.42728 731 0 	 255 255 255 
1792 512 	 1 512 0 	 0 0 0   # compresses ieta bin 28, pt 0
1793 2047 	 2 1023 1 	 15 15 15 
1794 2047 	 2 1023 1 	 16 16 16 
1795 2047 	 2 1023 1 	 17 17 17 
1796 2047 	 2 1023 1 	 18 18 18 
1797 2047 	 2 1023 1 	 19 19 19 
1798 2047 	 2 1023 1 	 20 20 20 
1799 2047 	 2 1023 1 	 21 21 21 
1800 2047 	 2 1023 1 	 22 22 22 
1801 2047 	 2 1023 1 	 23 23 23 
1802 2047 	 2 1023 1 	 24 24 24 
1803 2047 	 2 1023 1 	 25 25 25 
1804 2047 	 2 1023 1 	 26 26 26 
1805 2047 	 2 1023 1 	 27 27 27 
1806 1001 	 1.93846 1001 0 	 28 28 28 
1807 985 	 1.91742 985 0 	 29 29 29 
1808 977 	 1.8995 977 0 	 30 30 30 
1809 979 	 1.90391 979 0 	 31 31 31 
1810 966 	 1.87661 966 0 	 33 32 33 
1811 955 	 1.86022 955 0 	 35 34 35 
1812 951 	 1.84885 951 0 	 37 36 37 
1813 942 	 1.83568 942 0 	 39 38 39 
1814 921 	 1.78825 921 0 	 41 40 41 
1815 914 	 1.78117 914 0 	 43 42 43 
1816 908 	 1.7668 908 0 	 45 44 45 
1817 891 	 1.73146 891 0 	 47 46 47 
1818 886 	 1.72064 886 0 	 49 48 49 
1819 881 	 1.71649 881 0 	 51 50 51 
1820 878 	 1.71206 878 0 	 53 52 53 
1821 855 	 1.66762 855 0 	 55 54 55 
1822 856 	 1.66358 856 0 	 57 56 57 
1823 849 	 1.65225 849 0 	 59 58 59 
1824 846 	 1.64493 846 0 	 61 60 61 
1825 844 	 1.63889 844 0 	 63 62 64 
1826 832 	 1.6233 832 0 	 66 65 67 
1827 815 	 1.58787 815 0 	 69 68 70 
1828 806 	 1.57027 806 0 	 72 71 73 
1829 797 	 1.55253 797 0 	 75 74 76 
1830 789 	 1.53527 789 0 	 78 77 79 
1831 782 	 1.52411 782 0 	 81 80 82 
1832 776 	 1.51438 776 0 	 84 83 85 
1833 775 	 1.50927 775 0 	 87 86 88 
1834 772 	 1.50606 772 0 	 90 89 91 
1835 761 	 1.48415 761 0 	 93 92 94 
1836 754 	 1.47128 754 0 	 96 95 97 
1837 754 	 1.46746 754 0 	 99 98 100 
1838 749 	 1.46253 749 0 	 102 101 103 
1839 731 	 1.42749 731 0 	 107 104 109 
1840 715 	 1.39516 715 0 	 113 110 115 
1841 709 	 1.38119 709 0 	 119 116 121 
1842 706 	 1.37699 706 0 	 125 122 127 
1843 705 	 1.37391 705 0 	 131 128 133 
1844 696 	 1.35765 696 0 	 137 134 139 
1845 694 	 1.3548 694 0 	 143 140 145 
1846 694 	 1.35205 694 0 	 149 146 151 
1847 690 	 1.3465 690 0 	 155 152 157 
1848 688 	 1.34289 688 0 	 161 158 163 
1849 688 	 1.34145 688 0 	 167 164 169 
1850 682 	 1.33087 682 0 	 173 170 175 
1851 679 	 1.32295 679 0 	 179 176 181 
1852 676 	 1.31841 676 0 	 185 182 187 
1853 671 	 1.30981 671 0 	 191 188 193 
1854 660 	 1.28854 660 0 	 224 194 254 
1855 655 	 1.27906 655 0 	 255 255 255 
1856 512 	 1 512 0 	 0 0 0   # compresses ieta bin 29, pt 0
1857 2047 	 2 1023 1 	 15 15 15 
1858 2047 	 2 1023 1 	 16 16 16 
1859 1004 	 1.95411 1004 0 	 17 17 17 
1860 975 	 1.89004 975 0 	 18 18 18 
1861 977 	 1.88611 977 0 	 19 19 19 
1862 956 	 1.86111 956 0 	 20 20 20 
1863 933 	 1.81173 933 0 	 21 21 21 
1864 926 	 1.79947 926 0 	 22 22 22 
1865 907 	 1.75892 907 0 	 23 23 23 
1866 912 	 1.76043 912 0 	 24 24 24 
1867 907 	 1.7514 907 0 	 25 25 25 
1868 901 	 1.74911 901 0 	 26 26 26 
1869 888 	 1.73026 888 0 	 27 27 27 
1870 865 	 1.68299 865 0 	 28 28 28 
1871 861 	 1.66848 861 0 	 29 29 29 
1872 841 	 1.63856 841 0 	 30 30 30 
1873 839 	 1.62259 839 0 	 31 31 31 
1874 827 	 1.60251 827 0 	 33 32 33 
1875 801 	 1.55455 801 0 	 35 34 35 
1876 792 	 1.53737 792 0 	 37 36 37 
1877 791 	 1.53214 791 0 	 39 38 39 
1878 778 	 1.51144 778 0 	 41 40 41 
1879 765 	 1.48765 765 0 	 43 42 43 
1880 760 	 1.47784 760 0 	 45 44 45 
1881 749 	 1.45889 749 0 	 47 46 47 
1882 739 	 1.44044 739 0 	 49 48 49 
1883 736 	 1.4338 736 0 	 51 50 51 
1884 737 	 1.43306 737 0 	 53 52 53 
1885 734 	 1.43085 734 0 	 55 54 55 
1886 730 	 1.42298 730 0 	 57 56 57 
1887 727 	 1.41261 727 0 	 59 58 59 
1888 720 	 1.40281 720 0 	 61 60 61 
1889 714 	 1.39157 714 0 	 63 62 64 
1890 708 	 1.37872 708 0 	 66 65 67 
1891 696 	 1.35409 696 0 	 69 68 70 
1892 688 	 1.34374 688 0 	 72 71 73 
1893 685 	 1.33452 685 0 	 75 74 76 
1894 678 	 1.31904 678 0 	 78 77 79 
1895 672 	 1.3073 672 0 	 81 80 82 
1896 666 	 1.29757 666 0 	 84 83 85 
1897 664 	 1.29282 664 0 	 87 86 88 
1898 661 	 1.2895 661 0 	 90 89 91 
1899 657 	 1.27999 657 0 	 93 92 94 
1900 655 	 1.27371 655 0 	 96 95 97 
1901 653 	 1.27088 653 0 	 99 98 100 
1902 652 	 1.27058 652 0 	 102 101 103 
1903 647 	 1.26261 647 0 	 107 104 109 
1904 640 	 1.24719 640 0 	 113 110 115 
1905 630 	 1.22819 630 0 	 119 116 121 
1906 626 	 1.21935 626 0 	 125 122 127 
1907 623 	 1.21352 623 0 	 131 128 133 
1908 616 	 1.20233 616 0 	 137 134 139 
1909 614 	 1.19731 614 0 	 143 140 145 
1910 613 	 1.19563 613 0 	 149 146 151 
1911 612 	 1.1943 612 0 	 155 152 157 
1912 610 	 1.19069 610 0 	 161 158 163 
1913 610 	 1.18925 610 0 	 167 164 169 
1914 609 	 1.18759 609 0 	 173 170 175 
1915 610 	 1.18937 610 0 	 179 176 181 
1916 607 	 1.18399 607 0 	 185 182 187 
1917 603 	 1.1765 603 0 	 191 188 193 
1918 596 	 1.16397 596 0 	 224 194 254 
1919 591 	 1.15214 591 0 	 255 255 255 
1920 512 	 1 512 0 	 0 0 0   # compresses ieta bin 30, pt 0
1921 2047 	 2 1023 1 	 15 15 15 
1922 2047 	 2 1023 1 	 16 16 16 
1923 1001 	 1.9399 1001 0 	 17 17 17 
1924 975 	 1.88254 975 0 	 18 18 18 
1925 966 	 1.87861 966 0 	 19 19 19 
1926 954 	 1.85361 954 0 	 20 20 20 
1927 933 	 1.79953 933 0 	 21 21 21 
1928 925 	 1.78476 925 0 	 22 22 22 
1929 898 	 1.74719 898 0 	 23 23 23 
1930 901 	 1.7466 901 0 	 24 24 24 
1931 896 	 1.73612 896 0 	 25 25 25 
1932 891 	 1.73251 891 0 	 26 26 26 
1933 879 	 1.71168 879 0 	 27 27 27 
1934 855 	 1.65943 855 0 	 28 28 28 
1935 845 	 1.64491 845 0 	 29 29 29 
1936 832 	 1.61696 832 0 	 30 30 30 
1937 822 	 1.60099 822 0 	 31 31 31 
1938 812 	 1.58293 812 0 	 33 32 33 
1939 794 	 1.537 794 0 	 35 34 35 
1940 785 	 1.52371 785 0 	 37 36 37 
1941 785 	 1.52023 785 0 	 39 38 39 
1942 771 	 1.49764 771 0 	 41 40 41 
1943 760 	 1.47236 760 0 	 43 42 43 
1944 749 	 1.46082 749 0 	 45 44 45 
1945 739 	 1.44105 739 0 	 47 46 47 
1946 729 	 1.42118 729 0 	 49 48 49 
1947 726 	 1.41428 726 0 	 51 50 51 
1948 727 	 1.41285 727 0 	 53 52 53 
1949 724 	 1.41063 724 0 	 55 54 55 
1950 721 	 1.40439 721 0 	 57 56 57 
1951 718 	 1.39505 718 0 	 59 58 59 
1952 712 	 1.38574 712 0 	 61 60 61 
1953 710 	 1.37853 710 0 	 63 62 64 
1954 704 	 1.3688 704 0 	 66 65 67 
1955 692 	 1.34534 692 0 	 69 68 70 
1956 685 	 1.33499 685 0 	 72 71 73 
1957 681 	 1.32577 681 0 	 75 74 76 
1958 671 	 1.31029 671 0 	 78 77 79 
1959 665 	 1.29855 665 0 	 81 80 82 
1960 663 	 1.29109 663 0 	 84 83 85 
1961 661 	 1.28634 661 0 	 87 86 88 
1962 659 	 1.28302 659 0 	 90 89 91 
1963 654 	 1.27351 654 0 	 93 92 94 
1964 649 	 1.26723 649 0 	 96 95 97 
1965 648 	 1.26479 648 0 	 99 98 100 
1966 649 	 1.26449 649 0 	 102 101 103 
1967 645 	 1.25651 645 0 	 107 104 109 
1968 636 	 1.24089 636 0 	 113 110 115 
1969 628 	 1.22147 628 0 	 119 116 121 
1970 622 	 1.21263 622 0 	 125 122 127 
1971 619 	 1.2068 619 0 	 131 128 133 
1972 612 	 1.19459 612 0 	 137 134 139 
1973 610 	 1.18869 610 0 	 143 140 145 
1974 609 	 1.18693 609 0 	 149 146 151 
1975 607 	 1.18519 607 0 	 155 152 157 
1976 605 	 1.18158 605 0 	 161 158 163 
1977 605 	 1.18014 605 0 	 167 164 169 
1978 603 	 1.17717 603 0 	 173 170 175 
1979 604 	 1.1785 604 0 	 179 176 181 
1980 601 	 1.17334 601 0 	 185 182 187 
1981 597 	 1.16589 597 0 	 191 188 193 
1982 591 	 1.15455 591 0 	 224 194 254 
1983 586 	 1.14331 586 0 	 255 255 255 
1984 512 	 1 512 0 	 0 0 0   # compresses ieta bin 31, pt 0
1985 1001 	 1.94686 1001 0 	 15 15 15 
1986 969 	 1.88029 969 0 	 16 16 16 
1987 927 	 1.79853 927 0 	 17 17 17 
1988 918 	 1.76865 918 0 	 18 18 18 
1989 910 	 1.76453 910 0 	 19 19 19 
1990 902 	 1.74136 902 0 	 20 20 20 
1991 862 	 1.67783 862 0 	 21 21 21 
1992 856 	 1.65274 856 0 	 22 22 22 
1993 829 	 1.60177 829 0 	 23 23 23 
1994 818 	 1.59194 818 0 	 24 24 24 
1995 814 	 1.58171 814 0 	 25 25 25 
1996 813 	 1.57681 813 0 	 26 26 26 
1997 803 	 1.5648 803 0 	 27 27 27 
1998 782 	 1.52052 782 0 	 28 28 28 
1999 781 	 1.50965 781 0 	 29 29 29 
2000 774 	 1.50596 774 0 	 30 30 30 
2001 772 	 1.49363 772 0 	 31 31 31 
2002 764 	 1.48232 764 0 	 33 32 33 
2003 750 	 1.45135 750 0 	 35 34 35 
2004 738 	 1.43653 738 0 	 37 36 37 
2005 739 	 1.43035 739 0 	 39 38 39 
2006 729 	 1.42047 729 0 	 41 40 41 
2007 718 	 1.39478 718 0 	 43 42 43 
2008 709 	 1.38133 709 0 	 45 44 45 
2009 700 	 1.36058 700 0 	 47 46 47 
2010 692 	 1.3464 692 0 	 49 48 49 
2011 686 	 1.3377 686 0 	 51 50 51 
2012 688 	 1.33571 688 0 	 53 52 53 
2013 687 	 1.3335 687 0 	 55 54 55 
2014 681 	 1.327 681 0 	 57 56 57 
2015 679 	 1.31811 679 0 	 59 58 59 
2016 674 	 1.31119 674 0 	 61 60 61 
2017 669 	 1.30467 669 0 	 63 62 64 
2018 670 	 1.29991 670 0 	 66 65 67 
2019 659 	 1.27909 659 0 	 69 68 70 
2020 649 	 1.26521 649 0 	 72 71 73 
2021 644 	 1.25321 644 0 	 75 74 76 
2022 635 	 1.2376 635 0 	 78 77 79 
2023 631 	 1.22837 631 0 	 81 80 82 
2024 629 	 1.22453 629 0 	 84 83 85 
2025 628 	 1.22137 628 0 	 87 86 88 
2026 627 	 1.21949 627 0 	 90 89 91 
2027 621 	 1.21108 621 0 	 93 92 94 
2028 617 	 1.20475 617 0 	 96 95 97 
2029 617 	 1.20231 617 0 	 99 98 100 
2030 616 	 1.2019 616 0 	 102 101 103 
2031 614 	 1.19402 614 0 	 107 104 109 
2032 600 	 1.1688 600 0 	 113 110 115 
2033 595 	 1.16109 595 0 	 119 116 121 
2034 595 	 1.15885 595 0 	 125 122 127 
2035 594 	 1.15571 594 0 	 131 128 133 
2036 588 	 1.14779 588 0 	 137 134 139 
2037 587 	 1.14189 587 0 	 143 140 145 
2038 585 	 1.14068 585 0 	 149 146 151 
2039 584 	 1.13906 584 0 	 155 152 157 
2040 583 	 1.13659 583 0 	 161 158 163 
2041 582 	 1.13515 582 0 	 167 164 169 
2042 581 	 1.13197 581 0 	 173 170 175 
2043 582 	 1.13334 582 0 	 179 176 181 
2044 579 	 1.1286 579 0 	 185 182 187 
2045 574 	 1.12151 574 0 	 191 188 193 
2046 570 	 1.11117 570 0 	 224 194 254 
2047 564 	 1.10087 564 0 	 255 255 255 
2048 512 	 1 512 0 	 0 0 0   # compresses ieta bin 32, pt 0
2049 964 	 1.86351 964 0 	 15 15 15 
2050 936 	 1.79989 936 0 	 16 16 16 
2051 884 	 1.71879 884 0 	 17 17 17 
2052 863 	 1.67837 863 0 	 18 18 18 
2053 869 	 1.67495 869 0 	 19 19 19 
2054 852 	 1.6555 852 0 	 20 20 20 
2055 825 	 1.60682 825 0 	 21 21 21 
2056 821 	 1.58272 821 0 	 22 22 22 
2057 796 	 1.54214 796 0 	 23 23 23 
2058 795 	 1.53226 795 0 	 24 24 24 
2059 784 	 1.52345 784 0 	 25 25 25 
2060 783 	 1.52192 783 0 	 26 26 26 
2061 774 	 1.50616 774 0 	 27 27 27 
2062 755 	 1.46792 755 0 	 28 28 28 
2063 755 	 1.45705 755 0 	 29 29 29 
2064 747 	 1.45112 747 0 	 30 30 30 
2065 748 	 1.44549 748 0 	 31 31 31 
2066 734 	 1.43096 734 0 	 33 32 33 
2067 721 	 1.39856 721 0 	 35 34 35 
2068 710 	 1.38444 710 0 	 37 36 37 
2069 712 	 1.37855 712 0 	 39 38 39 
2070 697 	 1.35912 697 0 	 41 40 41 
2071 688 	 1.33311 688 0 	 43 42 43 
2072 680 	 1.31877 680 0 	 45 44 45 
2073 673 	 1.30415 673 0 	 47 46 47 
2074 666 	 1.29603 666 0 	 49 48 49 
2075 665 	 1.28956 665 0 	 51 50 51 
2076 660 	 1.28697 660 0 	 53 52 53 
2077 659 	 1.28559 659 0 	 55 54 55 
2078 658 	 1.28128 658 0 	 57 56 57 
2079 653 	 1.27074 653 0 	 59 58 59 
2080 649 	 1.26166 649 0 	 61 60 61 
2081 645 	 1.2521 645 0 	 63 62 64 
2082 638 	 1.24577 638 0 	 66 65 67 
2083 629 	 1.22468 629 0 	 69 68 70 
2084 624 	 1.21507 624 0 	 72 71 73 
2085 620 	 1.20704 620 0 	 75 74 76 
2086 612 	 1.19518 612 0 	 78 77 79 
2087 608 	 1.18564 608 0 	 81 80 82 
2088 605 	 1.1803 605 0 	 84 83 85 
2089 605 	 1.17831 605 0 	 87 86 88 
2090 605 	 1.17686 605 0 	 90 89 91 
2091 599 	 1.16853 599 0 	 93 92 94 
2092 596 	 1.16308 596 0 	 96 95 97 
2093 596 	 1.16056 596 0 	 99 98 100 
2094 594 	 1.15884 594 0 	 102 101 103 
2095 590 	 1.15119 590 0 	 107 104 109 
2096 577 	 1.12597 577 0 	 113 110 115 
2097 574 	 1.11788 574 0 	 119 116 121 
2098 571 	 1.11319 571 0 	 125 122 127 
2099 570 	 1.1108 570 0 	 131 128 133 
2100 566 	 1.10331 566 0 	 137 134 139 
2101 563 	 1.09621 563 0 	 143 140 145 
2102 561 	 1.09542 561 0 	 149 146 151 
2103 561 	 1.09443 561 0 	 155 152 157 
2104 561 	 1.09353 561 0 	 161 158 163 
2105 561 	 1.09318 561 0 	 167 164 169 
2106 560 	 1.09109 560 0 	 173 170 175 
2107 560 	 1.09246 560 0 	 179 176 181 
2108 559 	 1.08871 559 0 	 185 182 187 
2109 556 	 1.08416 556 0 	 191 188 193 
2110 550 	 1.07471 550 0 	 224 194 254 
2111 546 	 1.06532 546 0 	 255 255 255 
2112 512 	 1 512 0 	 0 0 0   # compresses ieta bin 33, pt 0
2113 964 	 1.86014 964 0 	 15 15 15 
2114 923 	 1.79667 923 0 	 16 16 16 
2115 883 	 1.71504 883 0 	 17 17 17 
2116 862 	 1.67463 862 0 	 18 18 18 
2117 869 	 1.67121 869 0 	 19 19 19 
2118 851 	 1.65175 851 0 	 20 20 20 
2119 824 	 1.60191 824 0 	 21 21 21 
2120 811 	 1.5778 811 0 	 22 22 22 
2121 796 	 1.53723 796 0 	 23 23 23 
2122 785 	 1.52734 785 0 	 24 24 24 
2123 784 	 1.51905 784 0 	 25 25 25 
2124 783 	 1.51752 783 0 	 26 26 26 
2125 773 	 1.50176 773 0 	 27 27 27 
2126 754 	 1.46352 754 0 	 28 28 28 
2127 747 	 1.45265 747 0 	 29 29 29 
2128 747 	 1.44714 747 0 	 30 30 30 
2129 741 	 1.4415 741 0 	 31 31 31 
2130 733 	 1.42697 733 0 	 33 32 33 
2131 721 	 1.39492 721 0 	 35 34 35 
2132 710 	 1.38116 710 0 	 37 36 37 
2133 706 	 1.37552 706 0 	 39 38 39 
2134 697 	 1.35599 697 0 	 41 40 41 
2135 683 	 1.33051 683 0 	 43 42 43 
2136 675 	 1.31666 675 0 	 45 44 45 
2137 668 	 1.302 668 0 	 47 46 47 
2138 666 	 1.29371 666 0 	 49 48 49 
2139 660 	 1.28707 660 0 	 51 50 51 
2140 659 	 1.28448 659 0 	 53 52 53 
2141 659 	 1.28297 659 0 	 55 54 55 
2142 658 	 1.27946 658 0 	 57 56 57 
2143 653 	 1.26894 653 0 	 59 58 59 
2144 649 	 1.26008 649 0 	 61 60 61 
2145 645 	 1.25076 645 0 	 63 62 64 
2146 638 	 1.24432 638 0 	 66 65 67 
2147 629 	 1.22268 629 0 	 69 68 70 
2148 624 	 1.21192 624 0 	 72 71 73 
2149 620 	 1.20388 620 0 	 75 74 76 
2150 612 	 1.19203 612 0 	 78 77 79 
2151 608 	 1.18291 608 0 	 81 80 82 
2152 605 	 1.17779 605 0 	 84 83 85 
2153 605 	 1.17541 605 0 	 87 86 88 
2154 602 	 1.17059 602 0 	 90 89 91 
2155 596 	 1.16262 596 0 	 93 92 94 
2156 593 	 1.15762 593 0 	 96 95 97 
2157 594 	 1.1551 594 0 	 99 98 100 
2158 591 	 1.15338 591 0 	 102 101 103 
2159 588 	 1.14574 588 0 	 107 104 109 
2160 575 	 1.12051 575 0 	 113 110 115 
2161 572 	 1.11257 572 0 	 119 116 121 
2162 569 	 1.10816 569 0 	 125 122 127 
2163 568 	 1.10577 568 0 	 131 128 133 
2164 564 	 1.09729 564 0 	 137 134 139 
2165 560 	 1.09015 560 0 	 143 140 145 
2166 560 	 1.08941 560 0 	 149 146 151 
2167 559 	 1.08871 559 0 	 155 152 157 
2168 559 	 1.08871 559 0 	 161 158 163 
2169 559 	 1.08882 559 0 	 167 164 169 
2170 557 	 1.0872 557 0 	 173 170 175 
2171 557 	 1.0876 557 0 	 179 176 181 
2172 556 	 1.08499 556 0 	 185 182 187 
2173 554 	 1.08071 554 0 	 191 188 193 
2174 550 	 1.07256 550 0 	 224 194 254 
2175 545 	 1.06358 545 0 	 255 255 255 
2176 512 	 1 512 0 	 0 0 0   # compresses ieta bin 34, pt 0
2177 964 	 1.86487 964 0 	 15 15 15 
2178 936 	 1.8014 936 0 	 16 16 16 
2179 884 	 1.71877 884 0 	 17 17 17 
2180 863 	 1.67836 863 0 	 18 18 18 
2181 869 	 1.67494 869 0 	 19 19 19 
2182 852 	 1.65548 852 0 	 20 20 20 
2183 824 	 1.6031 824 0 	 21 21 21 
2184 811 	 1.579 811 0 	 22 22 22 
2185 796 	 1.53842 796 0 	 23 23 23 
2186 786 	 1.52853 786 0 	 24 24 24 
2187 784 	 1.52024 784 0 	 25 25 25 
2188 783 	 1.51872 783 0 	 26 26 26 
2189 773 	 1.50296 773 0 	 27 27 27 
2190 754 	 1.46472 754 0 	 28 28 28 
2191 747 	 1.45385 747 0 	 29 29 29 
2192 747 	 1.44773 747 0 	 30 30 30 
2193 741 	 1.4421 741 0 	 31 31 31 
2194 733 	 1.42756 733 0 	 33 32 33 
2195 721 	 1.39552 721 0 	 35 34 35 
2196 710 	 1.38146 710 0 	 37 36 37 
2197 706 	 1.37552 706 0 	 39 38 39 
2198 697 	 1.35599 697 0 	 41 40 41 
2199 683 	 1.33051 683 0 	 43 42 43 
2200 675 	 1.31666 675 0 	 45 44 45 
2201 668 	 1.302 668 0 	 47 46 47 
2202 666 	 1.29371 666 0 	 49 48 49 
2203 660 	 1.28707 660 0 	 51 50 51 
2204 659 	 1.28448 659 0 	 53 52 53 
2205 659 	 1.28297 659 0 	 55 54 55 
2206 658 	 1.27946 658 0 	 57 56 57 
2207 653 	 1.26894 653 0 	 59 58 59 
2208 649 	 1.26008 649 0 	 61 60 61 
2209 645 	 1.25076 645 0 	 63 62 64 
2210 638 	 1.24432 638 0 	 66 65 67 
2211 629 	 1.22268 629 0 	 69 68 70 
2212 624 	 1.21192 624 0 	 72 71 73 
2213 620 	 1.20388 620 0 	 75 74 76 
2214 612 	 1.19203 612 0 	 78 77 79 
2215 608 	 1.18291 608 0 	 81 80 82 
2216 605 	 1.17779 605 0 	 84 83 85 
2217 605 	 1.17541 605 0 	 87 86 88 
2218 602 	 1.17059 602 0 	 90 89 91 
2219 596 	 1.16262 596 0 	 93 92 94 
2220 593 	 1.15762 593 0 	 96 95 97 
2221 594 	 1.1551 594 0 	 99 98 100 
2222 591 	 1.15338 591 0 	 102 101 103 
2223 588 	 1.14574 588 0 	 107 104 109 
2224 575 	 1.12051 575 0 	 113 110 115 
2225 572 	 1.11257 572 0 	 119 116 121 
2226 567 	 1.10543 567 0 	 125 122 127 
2227 566 	 1.10327 566 0 	 131 128 133 
2228 560 	 1.09223 560 0 	 137 134 139 
2229 556 	 1.08369 556 0 	 143 140 145 
2230 556 	 1.08295 556 0 	 149 146 151 
2231 554 	 1.08225 554 0 	 155 152 157 
2232 554 	 1.08225 554 0 	 161 158 163 
2233 556 	 1.08237 556 0 	 167 164 169 
2234 554 	 1.08074 554 0 	 173 170 175 
2235 554 	 1.08023 554 0 	 179 176 181 
2236 553 	 1.07869 553 0 	 185 182 187 
2237 552 	 1.07467 552 0 	 191 188 193 
2238 547 	 1.06676 547 0 	 224 194 254 
2239 542 	 1.05744 542 0 	 255 255 255 
2240 512 	 1 512 0 	 0 0 0   # compresses ieta bin 35, pt 0
2241 985 	 1.91555 985 0 	 15 15 15 
2242 954 	 1.8521 954 0 	 16 16 16 
2243 913 	 1.77348 913 0 	 17 17 17 
2244 903 	 1.74021 903 0 	 18 18 18 
2245 896 	 1.73197 896 0 	 19 19 19 
2246 880 	 1.71186 880 0 	 20 20 20 
2247 860 	 1.66 860 0 	 21 21 21 
2248 844 	 1.6336 844 0 	 22 22 22 
2249 819 	 1.5912 819 0 	 23 23 23 
2250 816 	 1.57929 816 0 	 24 24 24 
2251 806 	 1.56914 806 0 	 25 25 25 
2252 804 	 1.56522 804 0 	 26 26 26 
2253 801 	 1.55595 801 0 	 27 27 27 
2254 782 	 1.51404 782 0 	 28 28 28 
2255 773 	 1.50317 773 0 	 29 29 29 
2256 772 	 1.49584 772 0 	 30 30 30 
2257 764 	 1.48339 764 0 	 31 31 31 
2258 757 	 1.46886 757 0 	 33 32 33 
2259 743 	 1.4359 743 0 	 35 34 35 
2260 730 	 1.41382 730 0 	 37 36 37 
2261 719 	 1.39986 719 0 	 39 38 39 
2262 709 	 1.37806 709 0 	 41 40 41 
2263 694 	 1.35048 694 0 	 43 42 43 
2264 686 	 1.33399 686 0 	 45 44 45 
2265 678 	 1.31859 678 0 	 47 46 47 
2266 671 	 1.30704 671 0 	 49 48 49 
2267 666 	 1.29787 666 0 	 51 50 51 
2268 665 	 1.29528 665 0 	 53 52 53 
2269 663 	 1.29208 663 0 	 55 54 55 
2270 663 	 1.28703 663 0 	 57 56 57 
2271 653 	 1.2712 653 0 	 59 58 59 
2272 649 	 1.26174 649 0 	 61 60 61 
2273 645 	 1.25242 645 0 	 63 62 64 
2274 638 	 1.24598 638 0 	 66 65 67 
2275 629 	 1.22434 629 0 	 69 68 70 
2276 624 	 1.21358 624 0 	 72 71 73 
2277 620 	 1.20554 620 0 	 75 74 76 
2278 612 	 1.19369 612 0 	 78 77 79 
2279 608 	 1.18457 608 0 	 81 80 82 
2280 605 	 1.17922 605 0 	 84 83 85 
2281 605 	 1.1764 605 0 	 87 86 88 
2282 602 	 1.17157 602 0 	 90 89 91 
2283 596 	 1.16361 596 0 	 93 92 94 
2284 594 	 1.15861 594 0 	 96 95 97 
2285 594 	 1.15609 594 0 	 99 98 100 
2286 592 	 1.15437 592 0 	 102 101 103 
2287 588 	 1.14673 588 0 	 107 104 109 
2288 575 	 1.1215 575 0 	 113 110 115 
2289 572 	 1.11356 572 0 	 119 116 121 
2290 569 	 1.10642 569 0 	 125 122 127 
2291 566 	 1.10425 566 0 	 131 128 133 
2292 562 	 1.09322 562 0 	 137 134 139 
2293 556 	 1.08468 556 0 	 143 140 145 
2294 556 	 1.08394 556 0 	 149 146 151 
2295 556 	 1.08324 556 0 	 155 152 157 
2296 556 	 1.08324 556 0 	 161 158 163 
2297 556 	 1.08335 556 0 	 167 164 169 
2298 554 	 1.08173 554 0 	 173 170 175 
2299 554 	 1.08121 554 0 	 179 176 181 
2300 553 	 1.07968 553 0 	 185 182 187 
2301 552 	 1.07565 552 0 	 191 188 193 
2302 547 	 1.06774 547 0 	 224 194 254 
2303 543 	 1.05843 543 0 	 255 255 255 
2304 512 	 1 512 0 	 0 0 0   # compresses ieta bin 36, pt 0
2305 998 	 1.92008 998 0 	 15 15 15 
2306 955 	 1.85663 955 0 	 16 16 16 
2307 926 	 1.78182 926 0 	 17 17 17 
2308 904 	 1.75481 904 0 	 18 18 18 
2309 897 	 1.74343 897 0 	 19 19 19 
2310 890 	 1.72332 890 0 	 20 20 20 
2311 862 	 1.67801 862 0 	 21 21 21 
2312 856 	 1.65233 856 0 	 22 22 22 
2313 840 	 1.62915 840 0 	 23 23 23 
2314 827 	 1.60573 827 0 	 24 24 24 
2315 825 	 1.59559 825 0 	 25 25 25 
2316 823 	 1.59019 823 0 	 26 26 26 
2317 812 	 1.58092 812 0 	 27 27 27 
2318 791 	 1.52998 791 0 	 28 28 28 
2319 782 	 1.52012 782 0 	 29 29 29 
2320 781 	 1.51305 781 0 	 30 30 30 
2321 772 	 1.49335 772 0 	 31 31 31 
2322 764 	 1.47869 764 0 	 33 32 33 
2323 743 	 1.44462 743 0 	 35 34 35 
2324 731 	 1.42203 731 0 	 37 36 37 
2325 726 	 1.40861 726 0 	 39 38 39 
2326 715 	 1.38984 715 0 	 41 40 41 
2327 700 	 1.36398 700 0 	 43 42 43 
2328 692 	 1.34875 692 0 	 45 44 45 
2329 684 	 1.33379 684 0 	 47 46 47 
2330 677 	 1.32018 677 0 	 49 48 49 
2331 675 	 1.31059 675 0 	 51 50 51 
2332 674 	 1.308 674 0 	 53 52 53 
2333 673 	 1.30481 673 0 	 55 54 55 
2334 667 	 1.29905 667 0 	 57 56 57 
2335 658 	 1.28293 658 0 	 59 58 59 
2336 653 	 1.27315 653 0 	 61 60 61 
2337 649 	 1.2635 649 0 	 63 62 64 
2338 646 	 1.25672 646 0 	 66 65 67 
2339 633 	 1.23526 633 0 	 69 68 70 
2340 628 	 1.22344 628 0 	 72 71 73 
2341 623 	 1.2138 623 0 	 75 74 76 
2342 619 	 1.20195 619 0 	 78 77 79 
2343 612 	 1.19283 612 0 	 81 80 82 
2344 608 	 1.18747 608 0 	 84 83 85 
2345 608 	 1.18465 608 0 	 87 86 88 
2346 605 	 1.17822 605 0 	 90 89 91 
2347 602 	 1.16944 602 0 	 93 92 94 
2348 596 	 1.1622 596 0 	 96 95 97 
2349 596 	 1.15913 596 0 	 99 98 100 
2350 594 	 1.15741 594 0 	 102 101 103 
2351 590 	 1.14977 590 0 	 107 104 109 
2352 577 	 1.12454 577 0 	 113 110 115 
2353 574 	 1.11615 574 0 	 119 116 121 
2354 569 	 1.10857 569 0 	 125 122 127 
2355 568 	 1.1064 568 0 	 131 128 133 
2356 562 	 1.09503 562 0 	 137 134 139 
2357 558 	 1.08633 558 0 	 143 140 145 
2358 558 	 1.08559 558 0 	 149 146 151 
2359 556 	 1.08489 556 0 	 155 152 157 
2360 556 	 1.08489 556 0 	 161 158 163 
2361 556 	 1.085 556 0 	 167 164 169 
2362 556 	 1.08338 556 0 	 173 170 175 
2363 556 	 1.08286 556 0 	 179 176 181 
2364 554 	 1.08133 554 0 	 185 182 187 
2365 553 	 1.0773 553 0 	 191 188 193 
2366 548 	 1.0694 548 0 	 224 194 254 
2367 544 	 1.06008 544 0 	 255 255 255 
2368 512 	 1 512 0 	 0 0 0   # compresses ieta bin 37, pt 0
2369 998 	 1.92008 998 0 	 15 15 15 
2370 955 	 1.85663 955 0 	 16 16 16 
2371 926 	 1.78182 926 0 	 17 17 17 
2372 904 	 1.75415 904 0 	 18 18 18 
2373 897 	 1.74277 897 0 	 19 19 19 
2374 890 	 1.72266 890 0 	 20 20 20 
2375 862 	 1.67735 862 0 	 21 21 21 
2376 856 	 1.65167 856 0 	 22 22 22 
2377 840 	 1.62849 840 0 	 23 23 23 
2378 827 	 1.60508 827 0 	 24 24 24 
2379 825 	 1.59493 825 0 	 25 25 25 
2380 823 	 1.58953 823 0 	 26 26 26 
2381 812 	 1.58026 812 0 	 27 27 27 
2382 791 	 1.52998 791 0 	 28 28 28 
2383 782 	 1.52012 782 0 	 29 29 29 
2384 781 	 1.51305 781 0 	 30 30 30 
2385 772 	 1.49335 772 0 	 31 31 31 
2386 764 	 1.47869 764 0 	 33 32 33 
2387 743 	 1.44462 743 0 	 35 34 35 
2388 731 	 1.42203 731 0 	 37 36 37 
2389 726 	 1.40861 726 0 	 39 38 39 
2390 715 	 1.38984 715 0 	 41 40 41 
2391 700 	 1.36398 700 0 	 43 42 43 
2392 692 	 1.34875 692 0 	 45 44 45 
2393 684 	 1.33379 684 0 	 47 46 47 
2394 677 	 1.32018 677 0 	 49 48 49 
2395 675 	 1.31059 675 0 	 51 50 51 
2396 674 	 1.308 674 0 	 53 52 53 
2397 673 	 1.30481 673 0 	 55 54 55 
2398 667 	 1.29905 667 0 	 57 56 57 
2399 658 	 1.28293 658 0 	 59 58 59 
2400 653 	 1.27315 653 0 	 61 60 61 
2401 649 	 1.2635 649 0 	 63 62 64 
2402 646 	 1.25672 646 0 	 66 65 67 
2403 633 	 1.23526 633 0 	 69 68 70 
2404 628 	 1.22344 628 0 	 72 71 73 
2405 623 	 1.2138 623 0 	 75 74 76 
2406 619 	 1.20195 619 0 	 78 77 79 
2407 612 	 1.19283 612 0 	 81 80 82 
2408 608 	 1.18747 608 0 	 84 83 85 
2409 608 	 1.18465 608 0 	 87 86 88 
2410 605 	 1.17822 605 0 	 90 89 91 
2411 602 	 1.16944 602 0 	 93 92 94 
2412 596 	 1.1622 596 0 	 96 95 97 
2413 596 	 1.15913 596 0 	 99 98 100 
2414 594 	 1.15741 594 0 	 102 101 103 
2415 590 	 1.14977 590 0 	 107 104 109 
2416 577 	 1.12454 577 0 	 113 110 115 
2417 574 	 1.11615 574 0 	 119 116 121 
2418 569 	 1.10857 569 0 	 125 122 127 
2419 568 	 1.1064 568 0 	 131 128 133 
2420 562 	 1.09503 562 0 	 137 134 139 
2421 558 	 1.08633 558 0 	 143 140 145 
2422 558 	 1.08559 558 0 	 149 146 151 
2423 556 	 1.08489 556 0 	 155 152 157 
2424 556 	 1.08489 556 0 	 161 158 163 
2425 556 	 1.085 556 0 	 167 164 169 
2426 556 	 1.08338 556 0 	 173 170 175 
2427 556 	 1.08286 556 0 	 179 176 181 
2428 554 	 1.08133 554 0 	 185 182 187 
2429 553 	 1.0773 553 0 	 191 188 193 
2430 548 	 1.0694 548 0 	 224 194 254 
2431 544 	 1.06008 544 0 	 255 255 255 
2432 512 	 1 512 0 	 0 0 0   # compresses ieta bin 38, pt 0
2433 998 	 1.92008 998 0 	 15 15 15 
2434 955 	 1.85663 955 0 	 16 16 16 
2435 926 	 1.78182 926 0 	 17 17 17 
2436 904 	 1.75415 904 0 	 18 18 18 
2437 897 	 1.74277 897 0 	 19 19 19 
2438 890 	 1.72266 890 0 	 20 20 20 
2439 862 	 1.67735 862 0 	 21 21 21 
2440 856 	 1.65167 856 0 	 22 22 22 
2441 840 	 1.62849 840 0 	 23 23 23 
2442 827 	 1.60508 827 0 	 24 24 24 
2443 825 	 1.5978 825 0 	 25 25 25 
2444 823 	 1.59241 823 0 	 26 26 26 
2445 813 	 1.58314 813 0 	 27 27 27 
2446 791 	 1.53286 791 0 	 28 28 28 
2447 782 	 1.523 782 0 	 29 29 29 
2448 781 	 1.51478 781 0 	 30 30 30 
2449 772 	 1.49508 772 0 	 31 31 31 
2450 764 	 1.47869 764 0 	 33 32 33 
2451 743 	 1.44462 743 0 	 35 34 35 
2452 731 	 1.42203 731 0 	 37 36 37 
2453 726 	 1.40861 726 0 	 39 38 39 
2454 715 	 1.38984 715 0 	 41 40 41 
2455 700 	 1.36398 700 0 	 43 42 43 
2456 692 	 1.34875 692 0 	 45 44 45 
2457 684 	 1.33379 684 0 	 47 46 47 
2458 677 	 1.32018 677 0 	 49 48 49 
2459 675 	 1.31059 675 0 	 51 50 51 
2460 674 	 1.308 674 0 	 53 52 53 
2461 673 	 1.30481 673 0 	 55 54 55 
2462 667 	 1.29905 667 0 	 57 56 57 
2463 658 	 1.28293 658 0 	 59 58 59 
2464 653 	 1.27315 653 0 	 61 60 61 
2465 649 	 1.2635 649 0 	 63 62 64 
2466 646 	 1.25672 646 0 	 66 65 67 
2467 633 	 1.23526 633 0 	 69 68 70 
2468 628 	 1.22344 628 0 	 72 71 73 
2469 623 	 1.2138 623 0 	 75 74 76 
2470 619 	 1.20195 619 0 	 78 77 79 
2471 612 	 1.19283 612 0 	 81 80 82 
2472 608 	 1.18747 608 0 	 84 83 85 
2473 608 	 1.18465 608 0 	 87 86 88 
2474 605 	 1.17822 605 0 	 90 89 91 
2475 602 	 1.16944 602 0 	 93 92 94 
2476 596 	 1.1622 596 0 	 96 95 97 
2477 596 	 1.15913 596 0 	 99 98 100 
2478 594 	 1.15741 594 0 	 102 101 103 
2479 590 	 1.14977 590 0 	 107 104 109 
2480 577 	 1.12454 577 0 	 113 110 115 
2481 574 	 1.11615 574 0 	 119 116 121 
2482 569 	 1.10857 569 0 	 125 122 127 
2483 568 	 1.1064 568 0 	 131 128 133 
2484 562 	 1.09503 562 0 	 137 134 139 
2485 558 	 1.08633 558 0 	 143 140 145 
2486 558 	 1.08559 558 0 	 149 146 151 
2487 556 	 1.08489 556 0 	 155 152 157 
2488 556 	 1.08489 556 0 	 161 158 163 
2489 556 	 1.085 556 0 	 167 164 169 
2490 556 	 1.08338 556 0 	 173 170 175 
2491 556 	 1.08286 556 0 	 179 176 181 
2492 554 	 1.08133 554 0 	 185 182 187 
2493 553 	 1.0773 553 0 	 191 188 193 
2494 548 	 1.0694 548 0 	 224 194 254 
2495 544 	 1.06008 544 0 	 255 255 255 
2496 512 	 1 512 0 	 0 0 0   # compresses ieta bin 39, pt 0
2497 998 	 1.92115 998 0 	 15 15 15 
2498 955 	 1.8577 955 0 	 16 16 16 
2499 926 	 1.7829 926 0 	 17 17 17 
2500 904 	 1.75523 904 0 	 18 18 18 
2501 897 	 1.74384 897 0 	 19 19 19 
2502 890 	 1.72374 890 0 	 20 20 20 
2503 862 	 1.67842 862 0 	 21 21 21 
2504 856 	 1.65274 856 0 	 22 22 22 
2505 840 	 1.62956 840 0 	 23 23 23 
2506 827 	 1.60615 827 0 	 24 24 24 
2507 825 	 1.59888 825 0 	 25 25 25 
2508 823 	 1.59349 823 0 	 26 26 26 
2509 820 	 1.58421 820 0 	 27 27 27 
2510 791 	 1.53393 791 0 	 28 28 28 
2511 783 	 1.52408 783 0 	 29 29 29 
2512 781 	 1.51478 781 0 	 30 30 30 
2513 772 	 1.49508 772 0 	 31 31 31 
2514 764 	 1.47869 764 0 	 33 32 33 
2515 743 	 1.44462 743 0 	 35 34 35 
2516 731 	 1.42203 731 0 	 37 36 37 
2517 726 	 1.40861 726 0 	 39 38 39 
2518 715 	 1.38984 715 0 	 41 40 41 
2519 700 	 1.36398 700 0 	 43 42 43 
2520 692 	 1.34875 692 0 	 45 44 45 
2521 684 	 1.33379 684 0 	 47 46 47 
2522 677 	 1.32018 677 0 	 49 48 49 
2523 675 	 1.31059 675 0 	 51 50 51 
2524 674 	 1.308 674 0 	 53 52 53 
2525 673 	 1.30481 673 0 	 55 54 55 
2526 667 	 1.29905 667 0 	 57 56 57 
2527 658 	 1.28293 658 0 	 59 58 59 
2528 653 	 1.27315 653 0 	 61 60 61 
2529 649 	 1.2635 649 0 	 63 62 64 
2530 646 	 1.25672 646 0 	 66 65 67 
2531 633 	 1.23526 633 0 	 69 68 70 
2532 628 	 1.22344 628 0 	 72 71 73 
2533 623 	 1.2138 623 0 	 75 74 76 
2534 619 	 1.20195 619 0 	 78 77 79 
2535 612 	 1.19283 612 0 	 81 80 82 
2536 608 	 1.18747 608 0 	 84 83 85 
2537 608 	 1.18465 608 0 	 87 86 88 
2538 605 	 1.17822 605 0 	 90 89 91 
2539 602 	 1.16944 602 0 	 93 92 94 
2540 596 	 1.1622 596 0 	 96 95 97 
2541 596 	 1.15913 596 0 	 99 98 100 
2542 594 	 1.15741 594 0 	 102 101 103 
2543 590 	 1.14977 590 0 	 107 104 109 
2544 577 	 1.12454 577 0 	 113 110 115 
2545 574 	 1.11615 574 0 	 119 116 121 
2546 569 	 1.10857 569 0 	 125 122 127 
2547 568 	 1.1064 568 0 	 131 128 133 
2548 562 	 1.09503 562 0 	 137 134 139 
2549 558 	 1.08633 558 0 	 143 140 145 
2550 558 	 1.08559 558 0 	 149 146 151 
2551 556 	 1.08489 556 0 	 155 152 157 
2552 556 	 1.08489 556 0 	 161 158 163 
2553 556 	 1.085 556 0 	 167 164 169 
2554 556 	 1.08338 556 0 	 173 170 175 
2555 556 	 1.08286 556 0 	 179 176 181 
2556 554 	 1.08133 554 0 	 185 182 187 
2557 553 	 1.0773 553 0 	 191 188 193 
2558 548 	 1.0694 548 0 	 224 194 254 
2559 544 	 1.06008 544 0 	 255 255 255 
