# columns 
# CaloToolMPEtaBin PtMin PtMax avgPt IEtaBin_forLUT_col1 PtBin_forLUT SF
0 0 0 0 0 0 1.000000   # ieta [1, 2, 3, 4, 5], pt 0
0 1 19 10 0 1 2.109043
0 20 20 20 0 2 2.022322
0 21 21 21 0 3 2.016381
0 22 25 24 0 4 1.963150
0 26 29 28 0 5 1.909502
0 30 34 32 0 6 1.858430
0 35 40 38 0 7 1.801351
0 41 48 45 0 8 1.730427
0 49 58 54 0 9 1.665697
0 59 71 65 0 10 1.596671
0 72 88 80 0 11 1.529019
0 89 113 101 0 12 1.465104
0 114 155 135 0 13 1.400692
0 156 254 205 0 14 1.323189
0 255 255 255 0 15 1.292472
1 0 0 0 1 0 1.000000   # ieta [6, 7, 8, 9], pt 0
1 1 19 10 1 1 2.182471
1 20 20 20 1 2 2.096527
1 21 21 21 1 3 2.089943
1 22 25 24 1 4 2.028238
1 26 29 28 1 5 1.961023
1 30 34 32 1 6 1.903024
1 35 40 38 1 7 1.839389
1 41 48 45 1 8 1.762586
1 49 58 54 1 9 1.692530
1 59 71 65 1 10 1.622858
1 72 88 80 1 11 1.552029
1 89 113 101 1 12 1.482407
1 114 155 135 1 13 1.411533
1 156 254 205 1 14 1.334589
1 255 255 255 1 15 1.304619
2 0 0 0 2 0 1.000000   # ieta [10, 11, 12, 13], pt 0
2 1 19 10 2 1 2.333364
2 20 20 20 2 2 2.224577
2 21 21 21 2 3 2.213129
2 22 25 24 2 4 2.141887
2 26 29 28 2 5 2.067509
2 30 34 32 2 6 1.995528
2 35 40 38 2 7 1.915911
2 41 48 45 2 8 1.838075
2 49 58 54 2 9 1.763402
2 59 71 65 2 10 1.680680
2 72 88 80 2 11 1.602445
2 89 113 101 2 12 1.525142
2 114 155 135 2 13 1.445584
2 156 254 205 2 14 1.359207
2 255 255 255 2 15 1.325507
3 0 0 0 3 0 1.000000   # ieta [14, 15], pt 0
3 1 19 10 3 1 2.505669
3 20 20 20 3 2 2.370100
3 21 21 21 3 3 2.362347
3 22 25 24 3 4 2.294028
3 26 29 28 3 5 2.223585
3 30 34 32 3 6 2.143024
3 35 40 38 3 7 2.049310
3 41 48 45 3 8 1.961048
3 49 58 54 3 9 1.866768
3 59 71 65 3 10 1.776527
3 72 88 80 3 11 1.692508
3 89 113 101 3 12 1.603973
3 114 155 135 3 13 1.513404
3 156 254 205 3 14 1.419497
3 255 255 255 3 15 1.383203
4 0 0 0 4 0 1.000000   # ieta [16, 17], pt 0
4 1 19 10 4 1 2.577165
4 20 20 20 4 2 2.442296
4 21 21 21 4 3 2.434307
4 22 25 24 4 4 2.375593
4 26 29 28 4 5 2.302438
4 30 34 32 4 6 2.212495
4 35 40 38 4 7 2.113019
4 41 48 45 4 8 2.028457
4 49 58 54 4 9 1.937750
4 59 71 65 4 10 1.841476
4 72 88 80 4 11 1.761690
4 89 113 101 4 12 1.678654
4 114 155 135 4 13 1.592773
4 156 254 205 4 14 1.490646
4 255 255 255 4 15 1.453559
5 0 0 0 5 0 1.000000   # ieta [18, 19], pt 0
5 1 19 10 5 1 2.434093
5 20 20 20 5 2 2.296736
5 21 21 21 5 3 2.288326
5 22 25 24 5 4 2.213729
5 26 29 28 5 5 2.128874
5 30 34 32 5 6 2.044457
5 35 40 38 5 7 1.957338
5 41 48 45 5 8 1.860655
5 49 58 54 5 9 1.772788
5 59 71 65 5 10 1.683795
5 72 88 80 5 11 1.606602
5 89 113 101 5 12 1.528390
5 114 155 135 5 13 1.438227
5 156 254 205 5 14 1.346230
5 255 255 255 5 15 1.309545
6 0 0 0 6 0 1.000000   # ieta [20, 21], pt 0
6 1 19 10 6 1 2.387602
6 20 20 20 6 2 2.240487
6 21 21 21 6 3 2.231396
6 22 25 24 6 4 2.153801
6 26 29 28 6 5 2.061782
6 30 34 32 6 6 1.968299
6 35 40 38 6 7 1.887585
6 41 48 45 6 8 1.804902
6 49 58 54 6 9 1.721601
6 59 71 65 6 10 1.643439
6 72 88 80 6 11 1.568055
6 89 113 101 6 12 1.486861
6 114 155 135 6 13 1.405772
6 156 254 205 6 14 1.313799
6 255 255 255 6 15 1.276128
7 0 0 0 7 0 1.000000   # ieta [22], pt 0
7 1 19 10 7 1 2.334937
7 20 20 20 7 2 2.201181
7 21 21 21 7 3 2.192249
7 22 25 24 7 4 2.105103
7 26 29 28 7 5 2.003488
7 30 34 32 7 6 1.913329
7 35 40 38 7 7 1.831546
7 41 48 45 7 8 1.757186
7 49 58 54 7 9 1.673127
7 59 71 65 7 10 1.598778
7 72 88 80 7 11 1.532000
7 89 113 101 7 12 1.447029
7 114 155 135 7 13 1.380838
7 156 254 205 7 14 1.293284
7 255 255 255 7 15 1.256394
8 0 0 0 8 0 1.000000   # ieta [23], pt 0
8 1 19 10 8 1 2.242695
8 20 20 20 8 2 2.131497
8 21 21 21 8 3 2.135008
8 22 25 24 8 4 2.069167
8 26 29 28 8 5 1.958844
8 30 34 32 8 6 1.862746
8 35 40 38 8 7 1.784789
8 41 48 45 8 8 1.715281
8 49 58 54 8 9 1.631512
8 59 71 65 8 10 1.560431
8 72 88 80 8 11 1.495927
8 89 113 101 8 12 1.426450
8 114 155 135 8 13 1.352356
8 156 254 205 8 14 1.266221
8 255 255 255 8 15 1.234633
9 0 0 0 9 0 1.000000   # ieta [24], pt 0
9 1 19 10 9 1 2.116586
9 20 20 20 9 2 2.016356
9 21 21 21 9 3 2.004522
9 22 25 24 9 4 1.945829
9 26 29 28 9 5 1.857625
9 30 34 32 9 6 1.787096
9 35 40 38 9 7 1.719030
9 41 48 45 9 8 1.646865
9 49 58 54 9 9 1.576493
9 59 71 65 9 10 1.508637
9 72 88 80 9 11 1.457209
9 89 113 101 9 12 1.388129
9 114 155 135 9 13 1.316119
9 156 254 205 9 14 1.245090
9 255 255 255 9 15 1.215899
10 0 0 0 10 0 1.000000   # ieta [25], pt 0
10 1 19 10 10 1 2.116063
10 20 20 20 10 2 2.013598
10 21 21 21 10 3 2.001780
10 22 25 24 10 4 1.943167
10 26 29 28 10 5 1.855085
10 30 34 32 10 6 1.783090
10 35 40 38 10 7 1.714511
10 41 48 45 10 8 1.641777
10 49 58 54 10 9 1.570913
10 59 71 65 10 10 1.504248
10 72 88 80 10 11 1.451859
10 89 113 101 10 12 1.383438
10 114 155 135 10 13 1.315154
10 156 254 205 10 14 1.245316
10 255 255 255 10 15 1.214104
11 0 0 0 11 0 1.000000   # ieta [26], pt 0
11 1 19 10 11 1 2.083117
11 20 20 20 11 2 1.979931
11 21 21 21 11 3 1.978444
11 22 25 24 11 4 1.914485
11 26 29 28 11 5 1.832568
11 30 34 32 11 6 1.763508
11 35 40 38 11 7 1.699750
11 41 48 45 11 8 1.628315
11 49 58 54 11 9 1.557683
11 59 71 65 11 10 1.487879
11 72 88 80 11 11 1.429878
11 89 113 101 11 12 1.358883
11 114 155 135 11 13 1.290152
11 156 254 205 11 14 1.223901
11 255 255 255 11 15 1.194533
12 0 0 0 12 0 1.000000   # ieta [27, 28], pt 0
12 1 19 10 12 1 2.337167
12 20 20 20 12 2 2.162313
12 21 21 21 12 3 2.149932
12 22 25 24 12 4 2.053238
12 26 29 28 12 5 1.940594
12 30 34 32 12 6 1.841931
12 35 40 38 12 7 1.748967
12 41 48 45 12 8 1.667236
12 49 58 54 12 9 1.588995
12 59 71 65 12 10 1.512020
12 72 88 80 12 11 1.450582
12 89 113 101 12 12 1.377244
12 114 155 135 12 13 1.306665
12 156 254 205 12 14 1.237766
12 255 255 255 12 15 1.208237
13 0 0 0 13 0 1.000000   # ieta [29, 30, 31], pt 0
13 1 19 10 13 1 1.367585
13 20 20 20 13 2 1.239522
13 21 21 21 13 3 1.239522
13 22 25 24 13 4 1.196607
13 26 29 28 13 5 1.163474
13 30 34 32 13 6 1.155097
13 35 40 38 13 7 1.115736
13 41 48 45 13 8 1.108357
13 49 58 54 13 9 1.103225
13 59 71 65 13 10 1.099061
13 72 88 80 13 11 1.086339
13 89 113 101 13 12 1.070142
13 114 155 135 13 13 1.043045
13 156 254 205 13 14 1.034694
13 255 255 255 13 15 1.029087
14 0 0 0 14 0 1.000000   # ieta [32, 33, 34, 35], pt 0
14 1 19 10 14 1 1.147711
14 20 20 20 14 2 1.021841
14 21 21 21 14 3 1.017397
14 22 25 24 14 4 0.953390
14 26 29 28 14 5 0.923811
14 30 34 32 14 6 0.901400
14 35 40 38 14 7 0.878843
14 41 48 45 14 8 0.876835
14 49 58 54 14 9 0.880884
14 59 71 65 14 10 0.889380
14 72 88 80 14 11 0.889714
14 89 113 101 14 12 0.888676
14 114 155 135 14 13 0.879531
14 156 254 205 14 14 0.874654
14 255 255 255 14 15 0.870650
15 0 0 0 15 0 1.000000   # ieta [36, 37, 38, 39, 40], pt 0
15 1 19 10 15 1 1.365925
15 20 20 20 15 2 1.183912
15 21 21 21 15 3 1.183023
15 22 25 24 15 4 1.104181
15 26 29 28 15 5 1.042155
15 30 34 32 15 6 1.009550
15 35 40 38 15 7 0.960670
15 41 48 45 15 8 0.947907
15 49 58 54 15 9 0.946607
15 59 71 65 15 10 0.945933
15 72 88 80 15 11 0.945715
15 89 113 101 15 12 0.944817
15 114 155 135 15 13 0.936490
15 156 254 205 15 14 0.932548
15 255 255 255 15 15 0.929003
