# address to addend+multiplicative factor LUT
# maps 12 bits to 18 bits
# 18 bits = (addend<<10) + multiplier)
# addend is signed 8 bits, multiplier is 10 bits
# anything after # is ignored with the exception of the header
# the header is first valid line starting with #<header> versionStr nrBitsAddress nrBitsData </header>
#<header> v1 12 18 </header>
0 512  # compresses ieta bin 0, pt 0
1 28671
2 26623
3 28671
4 26623
5 25599
6 26623
7 22527
8 23551
9 24575
10 23551
11 23551
12 23551
13 23551
14 21503
15 22527
16 22527
17 19455
18 20479
19 18431
20 16383
21 14335
22 14335
23 13311
24 10239
25 9215
26 7167
27 4095
28 3071
29 1017
30 1004
31 1000
32 985
33 978
34 968
35 956
36 951
37 937
38 931
39 925
40 916
41 911
42 903
43 896
44 889
45 888
46 885
47 872
48 867
49 860
50 853
51 846
52 842
53 832
54 826
55 817
56 817
57 810
58 803
59 800
60 797
61 797
62 777
63 737
64 512  # compresses ieta bin 1, pt 0
65 28671
66 26623
67 28671
68 26623
69 25599
70 26623
71 24575
72 23551
73 24575
74 23551
75 22527
76 23551
77 23551
78 21503
79 22527
80 22527
81 19455
82 20479
83 18431
84 16383
85 14335
86 14335
87 13311
88 10239
89 9215
90 7167
91 4095
92 3071
93 1022
94 1009
95 1000
96 993
97 978
98 972
99 959
100 955
101 941
102 934
103 928
104 922
105 917
106 909
107 902
108 895
109 894
110 890
111 877
112 871
113 864
114 858
115 850
116 846
117 836
118 833
119 822
120 820
121 813
122 809
123 805
124 803
125 802
126 782
127 758
128 512  # compresses ieta bin 2, pt 0
129 28671
130 27647
131 28671
132 27647
133 25599
134 26623
135 24575
136 24575
137 24575
138 24575
139 23551
140 24575
141 23551
142 21503
143 23551
144 23551
145 20479
146 20479
147 18431
148 17407
149 15359
150 15359
151 14335
152 11263
153 10239
154 8191
155 5119
156 4095
157 2047
158 1013
159 1005
160 997
161 986
162 976
163 967
164 958
165 947
166 940
167 934
168 925
169 920
170 912
171 904
172 897
173 896
174 892
175 882
176 876
177 866
178 860
179 852
180 848
181 837
182 831
183 824
184 822
185 817
186 810
187 806
188 803
189 804
190 783
191 758
192 512  # compresses ieta bin 3, pt 0
193 28671
194 27647
195 27647
196 27647
197 26623
198 27647
199 25599
200 25599
201 25599
202 25599
203 24575
204 25599
205 25599
206 23551
207 24575
208 24575
209 21503
210 22527
211 20479
212 18431
213 16383
214 16383
215 15359
216 13311
217 11263
218 10239
219 6143
220 6143
221 5119
222 2047
223 1022
224 1010
225 998
226 991
227 982
228 973
229 958
230 950
231 947
232 937
233 931
234 920
235 913
236 906
237 904
238 900
239 889
240 881
241 871
242 866
243 855
244 853
245 843
246 835
247 827
248 825
249 818
250 813
251 809
252 806
253 806
254 785
255 760
256 512  # compresses ieta bin 4, pt 0
257 29695
258 27647
259 27647
260 27647
261 27647
262 26623
263 26623
264 25599
265 26623
266 26623
267 25599
268 26623
269 26623
270 23551
271 25599
272 25599
273 22527
274 22527
275 20479
276 18431
277 16383
278 16383
279 15359
280 13311
281 11263
282 10239
283 6143
284 6143
285 5119
286 2047
287 1022
288 1010
289 998
290 991
291 982
292 973
293 958
294 950
295 947
296 937
297 931
298 923
299 915
300 908
301 904
302 900
303 889
304 881
305 873
306 866
307 857
308 853
309 843
310 835
311 827
312 826
313 820
314 815
315 810
316 808
317 806
318 786
319 760
320 512  # compresses ieta bin 5, pt 0
321 28671
322 27647
323 27647
324 27647
325 27647
326 26623
327 26623
328 26623
329 27647
330 26623
331 26623
332 26623
333 26623
334 24575
335 25599
336 25599
337 23551
338 23551
339 21503
340 19455
341 17407
342 17407
343 16383
344 13311
345 12287
346 10239
347 7167
348 6143
349 5119
350 3071
351 2045
352 1014
353 1002
354 995
355 982
356 976
357 961
358 954
359 947
360 940
361 932
362 923
363 915
364 908
365 904
366 903
367 892
368 883
369 875
370 868
371 859
372 855
373 846
374 838
375 830
376 830
377 823
378 819
379 815
380 812
381 812
382 790
383 765
384 512  # compresses ieta bin 6, pt 0
385 28671
386 27647
387 28671
388 27647
389 28671
390 27647
391 27647
392 26623
393 27647
394 27647
395 26623
396 27647
397 26623
398 23551
399 25599
400 25599
401 22527
402 23551
403 20479
404 18431
405 17407
406 17407
407 15359
408 12287
409 11263
410 10239
411 6143
412 6143
413 5119
414 2047
415 1022
416 1010
417 998
418 991
419 982
420 973
421 958
422 950
423 947
424 937
425 931
426 920
427 913
428 905
429 902
430 900
431 889
432 881
433 873
434 866
435 857
436 853
437 843
438 836
439 827
440 826
441 820
442 816
443 812
444 809
445 808
446 788
447 771
448 512  # compresses ieta bin 7, pt 0
449 28671
450 28671
451 28671
452 27647
453 28671
454 27647
455 27647
456 26623
457 27647
458 27647
459 27647
460 27647
461 27647
462 24575
463 25599
464 25599
465 22527
466 23551
467 20479
468 18431
469 17407
470 17407
471 15359
472 12287
473 11263
474 10239
475 6143
476 6143
477 5119
478 2047
479 1022
480 1010
481 998
482 991
483 982
484 973
485 958
486 950
487 947
488 937
489 931
490 920
491 913
492 905
493 902
494 900
495 889
496 881
497 873
498 866
499 857
500 853
501 843
502 836
503 827
504 826
505 820
506 816
507 812
508 809
509 808
510 788
511 771
512 512  # compresses ieta bin 8, pt 0
513 29695
514 28671
515 29695
516 28671
517 29695
518 28671
519 28671
520 27647
521 28671
522 28671
523 27647
524 28671
525 27647
526 25599
527 26623
528 26623
529 23551
530 24575
531 22527
532 20479
533 18431
534 18431
535 17407
536 14335
537 13311
538 12287
539 8191
540 7167
541 6143
542 4095
543 2047
544 1018
545 1006
546 995
547 982
548 976
549 961
550 954
551 947
552 940
553 931
554 923
555 915
556 908
557 904
558 900
559 889
560 883
561 875
562 868
563 859
564 855
565 844
566 836
567 829
568 828
569 821
570 816
571 813
572 810
573 809
574 788
575 771
576 512  # compresses ieta bin 9, pt 0
577 31743
578 29695
579 31743
580 30719
581 30719
582 29695
583 29695
584 27647
585 29695
586 29695
587 28671
588 29695
589 28671
590 26623
591 27647
592 27647
593 24575
594 25599
595 22527
596 21503
597 20479
598 20479
599 19455
600 16383
601 15359
602 14335
603 10239
604 9215
605 9215
606 6143
607 4095
608 1022
609 1010
610 1003
611 985
612 980
613 964
614 957
615 953
616 946
617 940
618 932
619 926
620 919
621 914
622 910
623 899
624 890
625 884
626 876
627 867
628 863
629 852
630 843
631 835
632 834
633 827
634 822
635 818
636 815
637 813
638 794
639 777
640 512  # compresses ieta bin 10, pt 0
641 32767
642 31743
643 32767
644 32767
645 31743
646 30719
647 30719
648 29695
649 30719
650 30719
651 30719
652 31743
653 30719
654 27647
655 28671
656 28671
657 26623
658 26623
659 24575
660 23551
661 22527
662 22527
663 21503
664 18431
665 17407
666 16383
667 13311
668 12287
669 12287
670 8191
671 7167
672 4095
673 1022
674 1015
675 997
676 990
677 982
678 973
679 966
680 962
681 955
682 946
683 937
684 927
685 925
686 920
687 908
688 901
689 894
690 882
691 873
692 865
693 855
694 848
695 840
696 839
697 832
698 827
699 823
700 820
701 820
702 801
703 777
704 512  # compresses ieta bin 11, pt 0
705 32767
706 32767
707 32767
708 33791
709 33791
710 32767
711 32767
712 31743
713 32767
714 32767
715 31743
716 32767
717 31743
718 29695
719 30719
720 30719
721 28671
722 28671
723 27647
724 28671
725 25599
726 25599
727 25599
728 22527
729 21503
730 19455
731 16383
732 16383
733 15359
734 11263
735 9215
736 6143
737 3071
738 1022
739 1008
740 1001
741 992
742 983
743 975
744 965
745 958
746 957
747 948
748 937
749 933
750 930
751 918
752 908
753 901
754 890
755 879
756 872
757 866
758 859
759 845
760 844
761 838
762 833
763 828
764 826
765 825
766 806
767 787
768 512  # compresses ieta bin 12, pt 0
769 36863
770 35839
771 34815
772 35839
773 34815
774 34815
775 34815
776 33791
777 34815
778 34815
779 33791
780 34815
781 34815
782 32767
783 33791
784 33791
785 31743
786 32767
787 30719
788 29695
789 27647
790 27647
791 27647
792 25599
793 24575
794 22527
795 20479
796 19455
797 19455
798 15359
799 14335
800 11263
801 9215
802 5119
803 1022
804 1019
805 1005
806 996
807 991
808 980
809 973
810 963
811 954
812 943
813 940
814 938
815 925
816 919
817 907
818 894
819 885
820 880
821 875
822 867
823 853
824 853
825 846
826 841
827 836
828 834
829 833
830 813
831 792
832 512  # compresses ieta bin 13, pt 0
833 38911
834 37887
835 38911
836 39935
837 38911
838 37887
839 38911
840 39935
841 40959
842 39935
843 39935
844 39935
845 39935
846 36863
847 37887
848 37887
849 35839
850 36863
851 34815
852 32767
853 31743
854 32767
855 31743
856 29695
857 30719
858 26623
859 23551
860 23551
861 23551
862 19455
863 18431
864 15359
865 13311
866 12287
867 9215
868 7167
869 2047
870 1022
871 1016
872 1004
873 996
874 989
875 979
876 967
877 963
878 958
879 939
880 930
881 918
882 911
883 900
884 896
885 891
886 881
887 878
888 877
889 864
890 859
891 855
892 852
893 852
894 831
895 809
896 512  # compresses ieta bin 14, pt 0
897 40959
898 38911
899 39935
900 41983
901 40959
902 38911
903 39935
904 40959
905 41983
906 40959
907 39935
908 39935
909 40959
910 38911
911 39935
912 40959
913 37887
914 38911
915 37887
916 35839
917 34815
918 35839
919 35839
920 33791
921 33791
922 30719
923 28671
924 27647
925 27647
926 24575
927 23551
928 20479
929 18431
930 17407
931 15359
932 13311
933 8191
934 5119
935 3071
936 1016
937 1011
938 1000
939 995
940 991
941 987
942 978
943 959
944 948
945 937
946 927
947 918
948 913
949 907
950 896
951 895
952 893
953 879
954 874
955 868
956 860
957 860
958 843
959 823
960 512  # compresses ieta bin 15, pt 0
961 41983
962 40959
963 41983
964 44031
965 44031
966 41983
967 43007
968 44031
969 45055
970 45055
971 44031
972 44031
973 45055
974 44031
975 45055
976 45055
977 43007
978 44031
979 43007
980 41983
981 40959
982 43007
983 41983
984 40959
985 39935
986 36863
987 35839
988 35839
989 36863
990 32767
991 32767
992 29695
993 27647
994 26623
995 26623
996 24575
997 20479
998 18431
999 16383
1000 11263
1001 8191
1002 5119
1003 2047
1004 1020
1005 1020
1006 1018
1007 1004
1008 994
1009 974
1010 964
1011 953
1012 951
1013 943
1014 938
1015 934
1016 933
1017 919
1018 913
1019 909
1020 904
1021 902
1022 878
1023 859
1024 512  # compresses ieta bin 16, pt 0
1025 41983
1026 40959
1027 41983
1028 45055
1029 44031
1030 41983
1031 43007
1032 44031
1033 44031
1034 44031
1035 44031
1036 44031
1037 45055
1038 44031
1039 45055
1040 45055
1041 43007
1042 44031
1043 43007
1044 41983
1045 40959
1046 41983
1047 41983
1048 39935
1049 39935
1050 36863
1051 34815
1052 34815
1053 34815
1054 31743
1055 30719
1056 28671
1057 25599
1058 24575
1059 24575
1060 23551
1061 18431
1062 16383
1063 14335
1064 9215
1065 6143
1066 3071
1067 1020
1068 1015
1069 1015
1070 1013
1071 999
1072 989
1073 967
1074 960
1075 949
1076 945
1077 939
1078 934
1079 929
1080 928
1081 915
1082 908
1083 905
1084 900
1085 898
1086 875
1087 854
1088 512  # compresses ieta bin 17, pt 0
1089 35839
1090 34815
1091 35839
1092 36863
1093 35839
1094 34815
1095 34815
1096 34815
1097 35839
1098 34815
1099 34815
1100 34815
1101 34815
1102 31743
1103 31743
1104 31743
1105 29695
1106 29695
1107 27647
1108 25599
1109 24575
1110 24575
1111 25599
1112 21503
1113 20479
1114 17407
1115 14335
1116 13311
1117 14335
1118 10239
1119 9215
1120 6143
1121 3071
1122 1015
1123 997
1124 994
1125 978
1126 973
1127 969
1128 958
1129 952
1130 946
1131 935
1132 924
1133 919
1134 915
1135 903
1136 899
1137 886
1138 878
1139 869
1140 861
1141 855
1142 852
1143 847
1144 845
1145 833
1146 828
1147 823
1148 820
1149 820
1150 798
1151 783
1152 512  # compresses ieta bin 18, pt 0
1153 33791
1154 32767
1155 32767
1156 34815
1157 33791
1158 32767
1159 33791
1160 31743
1161 32767
1162 31743
1163 30719
1164 30719
1165 31743
1166 28671
1167 28671
1168 29695
1169 27647
1170 27647
1171 24575
1172 24575
1173 21503
1174 20479
1175 20479
1176 17407
1177 17407
1178 13311
1179 10239
1180 9215
1181 9215
1182 5119
1183 3071
1184 1018
1185 1014
1186 1003
1187 985
1188 980
1189 964
1190 957
1191 953
1192 940
1193 937
1194 929
1195 918
1196 908
1197 904
1198 900
1199 889
1200 883
1201 875
1202 864
1203 855
1204 846
1205 841
1206 836
1207 817
1208 817
1209 812
1210 806
1211 802
1212 798
1213 796
1214 774
1215 757
1216 512  # compresses ieta bin 19, pt 0
1217 33791
1218 32767
1219 32767
1220 34815
1221 33791
1222 32767
1223 33791
1224 30719
1225 31743
1226 30719
1227 28671
1228 29695
1229 29695
1230 25599
1231 26623
1232 27647
1233 25599
1234 25599
1235 23551
1236 23551
1237 21503
1238 21503
1239 20479
1240 16383
1241 14335
1242 10239
1243 7167
1244 6143
1245 6143
1246 2047
1247 1022
1248 1010
1249 1002
1250 992
1251 974
1252 969
1253 964
1254 957
1255 953
1256 941
1257 937
1258 929
1259 921
1260 908
1261 904
1262 900
1263 889
1264 885
1265 875
1266 864
1267 855
1268 846
1269 841
1270 836
1271 817
1272 817
1273 812
1274 807
1275 802
1276 799
1277 797
1278 775
1279 761
1280 512  # compresses ieta bin 20, pt 0
1281 32767
1282 30719
1283 31743
1284 32767
1285 32767
1286 31743
1287 32767
1288 30719
1289 30719
1290 29695
1291 27647
1292 28671
1293 28671
1294 24575
1295 25599
1296 25599
1297 24575
1298 24575
1299 22527
1300 21503
1301 19455
1302 18431
1303 17407
1304 14335
1305 12287
1306 8191
1307 4095
1308 3071
1309 3071
1310 1013
1311 1009
1312 997
1313 990
1314 984
1315 967
1316 958
1317 954
1318 947
1319 937
1320 928
1321 923
1322 915
1323 907
1324 895
1325 891
1326 887
1327 877
1328 871
1329 860
1330 847
1331 838
1332 835
1333 823
1334 819
1335 810
1336 809
1337 804
1338 800
1339 793
1340 788
1341 786
1342 765
1343 750
1344 512  # compresses ieta bin 21, pt 0
1345 31743
1346 29695
1347 29695
1348 30719
1349 30719
1350 29695
1351 29695
1352 28671
1353 26623
1354 25599
1355 23551
1356 25599
1357 23551
1358 20479
1359 21503
1360 21503
1361 19455
1362 19455
1363 18431
1364 18431
1365 15359
1366 13311
1367 12287
1368 7167
1369 5119
1370 3071
1371 1012
1372 1002
1373 995
1374 995
1375 983
1376 976
1377 970
1378 960
1379 941
1380 934
1381 930
1382 924
1383 912
1384 907
1385 902
1386 897
1387 888
1388 879
1389 873
1390 870
1391 863
1392 853
1393 843
1394 831
1395 822
1396 818
1397 814
1398 810
1399 802
1400 801
1401 797
1402 791
1403 785
1404 780
1405 778
1406 757
1407 743
1408 512  # compresses ieta bin 22, pt 0
1409 29695
1410 26623
1411 27647
1412 28671
1413 28671
1414 25599
1415 26623
1416 24575
1417 25599
1418 23551
1419 21503
1420 22527
1421 22527
1422 18431
1423 18431
1424 18431
1425 16383
1426 15359
1427 13311
1428 10239
1429 8191
1430 7167
1431 4095
1432 2047
1433 1021
1434 1006
1435 986
1436 978
1437 975
1438 964
1439 957
1440 947
1441 941
1442 933
1443 919
1444 912
1445 900
1446 894
1447 887
1448 882
1449 875
1450 869
1451 863
1452 860
1453 852
1454 850
1455 844
1456 835
1457 821
1458 813
1459 807
1460 803
1461 798
1462 792
1463 784
1464 782
1465 774
1466 769
1467 763
1468 759
1469 757
1470 738
1471 725
1472 512  # compresses ieta bin 23, pt 0
1473 26623
1474 23551
1475 23551
1476 25599
1477 24575
1478 22527
1479 23551
1480 21503
1481 22527
1482 21503
1483 19455
1484 19455
1485 19455
1486 15359
1487 16383
1488 16383
1489 13311
1490 12287
1491 9215
1492 7167
1493 5119
1494 3071
1495 1021
1496 1000
1497 994
1498 980
1499 967
1500 959
1501 957
1502 946
1503 935
1504 926
1505 921
1506 914
1507 904
1508 898
1509 893
1510 881
1511 874
1512 867
1513 864
1514 855
1515 849
1516 847
1517 840
1518 835
1519 827
1520 822
1521 806
1522 798
1523 791
1524 788
1525 784
1526 778
1527 769
1528 767
1529 761
1530 757
1531 752
1532 748
1533 747
1534 730
1535 718
1536 512  # compresses ieta bin 24, pt 0
1537 26623
1538 23551
1539 23551
1540 25599
1541 24575
1542 22527
1543 23551
1544 21503
1545 23551
1546 21503
1547 18431
1548 19455
1549 19455
1550 15359
1551 16383
1552 16383
1553 13311
1554 12287
1555 9215
1556 7167
1557 5119
1558 3071
1559 1021
1560 999
1561 994
1562 980
1563 966
1564 959
1565 952
1566 941
1567 935
1568 926
1569 921
1570 914
1571 904
1572 894
1573 886
1574 881
1575 874
1576 867
1577 861
1578 855
1579 849
1580 844
1581 839
1582 835
1583 827
1584 822
1585 806
1586 798
1587 791
1588 788
1589 784
1590 778
1591 767
1592 767
1593 761
1594 757
1595 752
1596 748
1597 746
1598 729
1599 714
1600 512  # compresses ieta bin 25, pt 0
1601 26623
1602 23551
1603 24575
1604 26623
1605 25599
1606 22527
1607 24575
1608 22527
1609 23551
1610 21503
1611 19455
1612 20479
1613 19455
1614 15359
1615 16383
1616 16383
1617 13311
1618 12287
1619 9215
1620 7167
1621 5119
1622 3071
1623 1021
1624 999
1625 994
1626 980
1627 966
1628 954
1629 948
1630 937
1631 931
1632 926
1633 917
1634 906
1635 900
1636 891
1637 883
1638 875
1639 868
1640 861
1641 852
1642 844
1643 836
1644 833
1645 826
1646 822
1647 817
1648 808
1649 793
1650 786
1651 777
1652 775
1653 769
1654 766
1655 756
1656 755
1657 749
1658 745
1659 740
1660 736
1661 734
1662 718
1663 704
1664 512  # compresses ieta bin 26, pt 0
1665 41983
1666 36863
1667 35839
1668 35839
1669 34815
1670 33791
1671 35839
1672 32767
1673 32767
1674 30719
1675 28671
1676 27647
1677 26623
1678 22527
1679 23551
1680 22527
1681 19455
1682 18431
1683 16383
1684 14335
1685 12287
1686 10239
1687 8191
1688 5119
1689 3071
1690 1016
1691 997
1692 984
1693 976
1694 964
1695 957
1696 947
1697 937
1698 929
1699 911
1700 902
1701 893
1702 885
1703 880
1704 871
1705 864
1706 855
1707 844
1708 839
1709 834
1710 830
1711 822
1712 815
1713 800
1714 792
1715 785
1716 781
1717 776
1718 771
1719 761
1720 761
1721 755
1722 751
1723 745
1724 741
1725 739
1726 724
1727 715
1728 512  # compresses ieta bin 27, pt 0
1729 41983
1730 37887
1731 36863
1732 36863
1733 35839
1734 34815
1735 36863
1736 33791
1737 34815
1738 32767
1739 30719
1740 29695
1741 28671
1742 24575
1743 25599
1744 24575
1745 20479
1746 20479
1747 18431
1748 16383
1749 14335
1750 12287
1751 10239
1752 7167
1753 6143
1754 3071
1755 1011
1756 998
1757 985
1758 968
1759 966
1760 955
1761 949
1762 937
1763 919
1764 909
1765 900
1766 894
1767 887
1768 879
1769 872
1770 864
1771 852
1772 847
1773 844
1774 840
1775 832
1776 824
1777 810
1778 800
1779 793
1780 790
1781 785
1782 780
1783 771
1784 769
1785 763
1786 757
1787 752
1788 748
1789 746
1790 730
1791 711
1792 512  # compresses ieta bin 28, pt 0
1793 9215
1794 9215
1795 6143
1796 5119
1797 2047
1798 1018
1799 994
1800 995
1801 985
1802 967
1803 968
1804 951
1805 944
1806 919
1807 914
1808 909
1809 896
1810 890
1811 875
1812 875
1813 871
1814 865
1815 850
1816 851
1817 847
1818 845
1819 842
1820 824
1821 817
1822 806
1823 805
1824 796
1825 795
1826 790
1827 770
1828 763
1829 753
1830 747
1831 748
1832 739
1833 728
1834 727
1835 725
1836 724
1837 726
1838 707
1839 705
1840 702
1841 696
1842 696
1843 683
1844 676
1845 676
1846 676
1847 672
1848 672
1849 672
1850 671
1851 669
1852 669
1853 667
1854 657
1855 659
1856 512  # compresses ieta bin 29, pt 0
1857 965
1858 921
1859 884
1860 863
1861 856
1862 851
1863 823
1864 797
1865 785
1866 775
1867 775
1868 773
1869 773
1870 755
1871 764
1872 764
1873 739
1874 733
1875 721
1876 717
1877 713
1878 709
1879 700
1880 693
1881 695
1882 692
1883 690
1884 688
1885 687
1886 685
1887 684
1888 674
1889 669
1890 662
1891 655
1892 649
1893 644
1894 635
1895 634
1896 632
1897 628
1898 627
1899 626
1900 626
1901 627
1902 619
1903 616
1904 615
1905 602
1906 600
1907 596
1908 596
1909 594
1910 591
1911 589
1912 589
1913 590
1914 590
1915 589
1916 588
1917 587
1918 581
1919 584
1920 512  # compresses ieta bin 30, pt 0
1921 932
1922 905
1923 867
1924 847
1925 830
1926 826
1927 800
1928 775
1929 762
1930 752
1931 753
1932 744
1933 736
1934 719
1935 728
1936 721
1937 706
1938 702
1939 699
1940 689
1941 687
1942 684
1943 676
1944 674
1945 673
1946 671
1947 665
1948 664
1949 663
1950 663
1951 658
1952 653
1953 649
1954 650
1955 644
1956 638
1957 633
1958 629
1959 627
1960 626
1961 622
1962 622
1963 621
1964 620
1965 620
1966 616
1967 612
1968 611
1969 600
1970 597
1971 594
1972 592
1973 590
1974 587
1975 586
1976 586
1977 585
1978 585
1979 584
1980 583
1981 581
1982 577
1983 582
1984 512  # compresses ieta bin 31, pt 0
1985 863
1986 857
1987 821
1988 790
1989 775
1990 762
1991 750
1992 728
1993 708
1994 699
1995 702
1996 685
1997 678
1998 663
1999 667
2000 662
2001 657
2002 656
2003 647
2004 640
2005 640
2006 634
2007 635
2008 629
2009 629
2010 630
2011 625
2012 622
2013 622
2014 622
2015 619
2016 615
2017 612
2018 607
2019 603
2020 599
2021 596
2022 593
2023 590
2024 590
2025 587
2026 587
2027 585
2028 585
2029 583
2030 584
2031 583
2032 579
2033 572
2034 569
2035 568
2036 564
2037 563
2038 561
2039 561
2040 561
2041 561
2042 560
2043 560
2044 559
2045 556
2046 554
2047 559
2048 512  # compresses ieta bin 32, pt 0
2049 828
2050 808
2051 776
2052 747
2053 735
2054 736
2055 714
2056 693
2057 675
2058 667
2059 671
2060 657
2061 659
2062 637
2063 640
2064 636
2065 624
2066 617
2067 611
2068 612
2069 607
2070 609
2071 605
2072 595
2073 597
2074 593
2075 590
2076 587
2077 589
2078 586
2079 588
2080 582
2081 580
2082 573
2083 574
2084 571
2085 572
2086 567
2087 567
2088 565
2089 566
2090 565
2091 566
2092 564
2093 563
2094 564
2095 559
2096 554
2097 550
2098 546
2099 543
2100 540
2101 538
2102 537
2103 536
2104 537
2105 538
2106 537
2107 536
2108 534
2109 532
2110 530
2111 535
2112 512  # compresses ieta bin 33, pt 0
2113 813
2114 795
2115 761
2116 747
2117 723
2118 723
2119 702
2120 682
2121 673
2122 667
2123 652
2124 646
2125 642
2126 635
2127 631
2128 627
2129 609
2130 609
2131 604
2132 599
2133 595
2134 597
2135 593
2136 584
2137 586
2138 583
2139 580
2140 578
2141 580
2142 578
2143 576
2144 573
2145 571
2146 565
2147 562
2148 564
2149 562
2150 560
2151 558
2152 559
2153 558
2154 559
2155 558
2156 559
2157 555
2158 554
2159 552
2160 547
2161 544
2162 538
2163 537
2164 536
2165 535
2166 534
2167 533
2168 534
2169 533
2170 532
2171 533
2172 531
2173 528
2174 526
2175 532
2176 512  # compresses ieta bin 34, pt 0
2177 813
2178 795
2179 761
2180 747
2181 723
2182 723
2183 702
2184 682
2185 673
2186 667
2187 652
2188 646
2189 642
2190 635
2191 631
2192 627
2193 609
2194 609
2195 604
2196 599
2197 595
2198 597
2199 593
2200 584
2201 586
2202 583
2203 580
2204 578
2205 580
2206 577
2207 575
2208 569
2209 567
2210 561
2211 559
2212 557
2213 558
2214 553
2215 555
2216 553
2217 555
2218 553
2219 552
2220 553
2221 550
2222 549
2223 547
2224 543
2225 539
2226 534
2227 531
2228 528
2229 524
2230 524
2231 525
2232 524
2233 524
2234 523
2235 523
2236 521
2237 518
2238 517
2239 526
2240 512  # compresses ieta bin 35, pt 0
2241 814
2242 808
2243 762
2244 747
2245 735
2246 725
2247 704
2248 693
2249 673
2250 667
2251 661
2252 646
2253 650
2254 635
2255 631
2256 627
2257 616
2258 610
2259 604
2260 599
2261 595
2262 597
2263 593
2264 584
2265 586
2266 583
2267 580
2268 577
2269 580
2270 577
2271 575
2272 569
2273 567
2274 561
2275 559
2276 557
2277 555
2278 553
2279 552
2280 553
2281 552
2282 553
2283 552
2284 551
2285 550
2286 549
2287 545
2288 541
2289 537
2290 532
2291 529
2292 526
2293 524
2294 524
2295 523
2296 523
2297 522
2298 522
2299 522
2300 520
2301 517
2302 517
2303 525
2304 512  # compresses ieta bin 36, pt 0
2305 814
2306 808
2307 763
2308 747
2309 735
2310 736
2311 714
2312 693
2313 673
2314 667
2315 661
2316 655
2317 650
2318 635
2319 632
2320 627
2321 616
2322 610
2323 604
2324 599
2325 595
2326 597
2327 593
2328 584
2329 586
2330 583
2331 580
2332 577
2333 580
2334 577
2335 575
2336 569
2337 567
2338 561
2339 559
2340 557
2341 555
2342 553
2343 555
2344 553
2345 552
2346 553
2347 552
2348 551
2349 550
2350 549
2351 545
2352 541
2353 537
2354 532
2355 529
2356 526
2357 524
2358 524
2359 523
2360 524
2361 524
2362 523
2363 523
2364 521
2365 518
2366 517
2367 525
2368 512  # compresses ieta bin 37, pt 0
2369 814
2370 808
2371 763
2372 748
2373 735
2374 736
2375 715
2376 694
2377 676
2378 677
2379 671
2380 657
2381 659
2382 645
2383 640
2384 636
2385 624
2386 625
2387 611
2388 612
2389 607
2390 603
2391 599
2392 595
2393 591
2394 588
2395 585
2396 583
2397 584
2398 582
2399 580
2400 573
2401 571
2402 565
2403 559
2404 557
2405 558
2406 556
2407 555
2408 553
2409 555
2410 553
2411 552
2412 553
2413 550
2414 549
2415 547
2416 543
2417 539
2418 534
2419 531
2420 528
2421 526
2422 524
2423 525
2424 524
2425 524
2426 523
2427 523
2428 521
2429 518
2430 518
2431 526
2432 512  # compresses ieta bin 38, pt 0
2433 2041
2434 1000
2435 914
2436 889
2437 829
2438 826
2439 799
2440 751
2441 729
2442 711
2443 712
2444 685
2445 678
2446 672
2447 667
2448 663
2449 649
2450 648
2451 640
2452 626
2453 621
2454 616
2455 617
2456 606
2457 608
2458 604
2459 600
2460 597
2461 598
2462 595
2463 589
2464 582
2465 580
2466 573
2467 566
2468 567
2469 565
2470 563
2471 561
2472 562
2473 561
2474 562
2475 560
2476 561
2477 558
2478 559
2479 554
2480 550
2481 546
2482 542
2483 535
2484 532
2485 529
2486 529
2487 526
2488 527
2489 527
2490 526
2491 526
2492 524
2493 521
2494 519
2495 528
2496 512  # compresses ieta bin 39, pt 0
2497 2047
2498 1016
2499 941
2500 918
2501 869
2502 867
2503 848
2504 799
2505 776
2506 763
2507 763
2508 734
2509 726
2510 709
2511 711
2512 704
2513 690
2514 687
2515 677
2516 661
2517 653
2518 653
2519 646
2520 640
2521 640
2522 635
2523 625
2524 622
2525 622
2526 622
2527 614
2528 607
2529 604
2530 596
2531 585
2532 585
2533 582
2534 579
2535 580
2536 578
2537 578
2538 579
2539 577
2540 575
2541 576
2542 574
2543 571
2544 566
2545 563
2546 557
2547 551
2548 545
2549 542
2550 542
2551 541
2552 540
2553 541
2554 540
2555 539
2556 536
2557 534
2558 533
2559 542
2560 0 # dummy
2561 0 # dummy
2562 0 # dummy
2563 0 # dummy
2564 0 # dummy
2565 0 # dummy
2566 0 # dummy
2567 0 # dummy
2568 0 # dummy
2569 0 # dummy
2570 0 # dummy
2571 0 # dummy
2572 0 # dummy
2573 0 # dummy
2574 0 # dummy
2575 0 # dummy
2576 0 # dummy
2577 0 # dummy
2578 0 # dummy
2579 0 # dummy
2580 0 # dummy
2581 0 # dummy
2582 0 # dummy
2583 0 # dummy
2584 0 # dummy
2585 0 # dummy
2586 0 # dummy
2587 0 # dummy
2588 0 # dummy
2589 0 # dummy
2590 0 # dummy
2591 0 # dummy
2592 0 # dummy
2593 0 # dummy
2594 0 # dummy
2595 0 # dummy
2596 0 # dummy
2597 0 # dummy
2598 0 # dummy
2599 0 # dummy
2600 0 # dummy
2601 0 # dummy
2602 0 # dummy
2603 0 # dummy
2604 0 # dummy
2605 0 # dummy
2606 0 # dummy
2607 0 # dummy
2608 0 # dummy
2609 0 # dummy
2610 0 # dummy
2611 0 # dummy
2612 0 # dummy
2613 0 # dummy
2614 0 # dummy
2615 0 # dummy
2616 0 # dummy
2617 0 # dummy
2618 0 # dummy
2619 0 # dummy
2620 0 # dummy
2621 0 # dummy
2622 0 # dummy
2623 0 # dummy
2624 0 # dummy
2625 0 # dummy
2626 0 # dummy
2627 0 # dummy
2628 0 # dummy
2629 0 # dummy
2630 0 # dummy
2631 0 # dummy
2632 0 # dummy
2633 0 # dummy
2634 0 # dummy
2635 0 # dummy
2636 0 # dummy
2637 0 # dummy
2638 0 # dummy
2639 0 # dummy
2640 0 # dummy
2641 0 # dummy
2642 0 # dummy
2643 0 # dummy
2644 0 # dummy
2645 0 # dummy
2646 0 # dummy
2647 0 # dummy
2648 0 # dummy
2649 0 # dummy
2650 0 # dummy
2651 0 # dummy
2652 0 # dummy
2653 0 # dummy
2654 0 # dummy
2655 0 # dummy
2656 0 # dummy
2657 0 # dummy
2658 0 # dummy
2659 0 # dummy
2660 0 # dummy
2661 0 # dummy
2662 0 # dummy
2663 0 # dummy
2664 0 # dummy
2665 0 # dummy
2666 0 # dummy
2667 0 # dummy
2668 0 # dummy
2669 0 # dummy
2670 0 # dummy
2671 0 # dummy
2672 0 # dummy
2673 0 # dummy
2674 0 # dummy
2675 0 # dummy
2676 0 # dummy
2677 0 # dummy
2678 0 # dummy
2679 0 # dummy
2680 0 # dummy
2681 0 # dummy
2682 0 # dummy
2683 0 # dummy
2684 0 # dummy
2685 0 # dummy
2686 0 # dummy
2687 0 # dummy
2688 0 # dummy
2689 0 # dummy
2690 0 # dummy
2691 0 # dummy
2692 0 # dummy
2693 0 # dummy
2694 0 # dummy
2695 0 # dummy
2696 0 # dummy
2697 0 # dummy
2698 0 # dummy
2699 0 # dummy
2700 0 # dummy
2701 0 # dummy
2702 0 # dummy
2703 0 # dummy
2704 0 # dummy
2705 0 # dummy
2706 0 # dummy
2707 0 # dummy
2708 0 # dummy
2709 0 # dummy
2710 0 # dummy
2711 0 # dummy
2712 0 # dummy
2713 0 # dummy
2714 0 # dummy
2715 0 # dummy
2716 0 # dummy
2717 0 # dummy
2718 0 # dummy
2719 0 # dummy
2720 0 # dummy
2721 0 # dummy
2722 0 # dummy
2723 0 # dummy
2724 0 # dummy
2725 0 # dummy
2726 0 # dummy
2727 0 # dummy
2728 0 # dummy
2729 0 # dummy
2730 0 # dummy
2731 0 # dummy
2732 0 # dummy
2733 0 # dummy
2734 0 # dummy
2735 0 # dummy
2736 0 # dummy
2737 0 # dummy
2738 0 # dummy
2739 0 # dummy
2740 0 # dummy
2741 0 # dummy
2742 0 # dummy
2743 0 # dummy
2744 0 # dummy
2745 0 # dummy
2746 0 # dummy
2747 0 # dummy
2748 0 # dummy
2749 0 # dummy
2750 0 # dummy
2751 0 # dummy
2752 0 # dummy
2753 0 # dummy
2754 0 # dummy
2755 0 # dummy
2756 0 # dummy
2757 0 # dummy
2758 0 # dummy
2759 0 # dummy
2760 0 # dummy
2761 0 # dummy
2762 0 # dummy
2763 0 # dummy
2764 0 # dummy
2765 0 # dummy
2766 0 # dummy
2767 0 # dummy
2768 0 # dummy
2769 0 # dummy
2770 0 # dummy
2771 0 # dummy
2772 0 # dummy
2773 0 # dummy
2774 0 # dummy
2775 0 # dummy
2776 0 # dummy
2777 0 # dummy
2778 0 # dummy
2779 0 # dummy
2780 0 # dummy
2781 0 # dummy
2782 0 # dummy
2783 0 # dummy
2784 0 # dummy
2785 0 # dummy
2786 0 # dummy
2787 0 # dummy
2788 0 # dummy
2789 0 # dummy
2790 0 # dummy
2791 0 # dummy
2792 0 # dummy
2793 0 # dummy
2794 0 # dummy
2795 0 # dummy
2796 0 # dummy
2797 0 # dummy
2798 0 # dummy
2799 0 # dummy
2800 0 # dummy
2801 0 # dummy
2802 0 # dummy
2803 0 # dummy
2804 0 # dummy
2805 0 # dummy
2806 0 # dummy
2807 0 # dummy
2808 0 # dummy
2809 0 # dummy
2810 0 # dummy
2811 0 # dummy
2812 0 # dummy
2813 0 # dummy
2814 0 # dummy
2815 0 # dummy
2816 0 # dummy
2817 0 # dummy
2818 0 # dummy
2819 0 # dummy
2820 0 # dummy
2821 0 # dummy
2822 0 # dummy
2823 0 # dummy
2824 0 # dummy
2825 0 # dummy
2826 0 # dummy
2827 0 # dummy
2828 0 # dummy
2829 0 # dummy
2830 0 # dummy
2831 0 # dummy
2832 0 # dummy
2833 0 # dummy
2834 0 # dummy
2835 0 # dummy
2836 0 # dummy
2837 0 # dummy
2838 0 # dummy
2839 0 # dummy
2840 0 # dummy
2841 0 # dummy
2842 0 # dummy
2843 0 # dummy
2844 0 # dummy
2845 0 # dummy
2846 0 # dummy
2847 0 # dummy
2848 0 # dummy
2849 0 # dummy
2850 0 # dummy
2851 0 # dummy
2852 0 # dummy
2853 0 # dummy
2854 0 # dummy
2855 0 # dummy
2856 0 # dummy
2857 0 # dummy
2858 0 # dummy
2859 0 # dummy
2860 0 # dummy
2861 0 # dummy
2862 0 # dummy
2863 0 # dummy
2864 0 # dummy
2865 0 # dummy
2866 0 # dummy
2867 0 # dummy
2868 0 # dummy
2869 0 # dummy
2870 0 # dummy
2871 0 # dummy
2872 0 # dummy
2873 0 # dummy
2874 0 # dummy
2875 0 # dummy
2876 0 # dummy
2877 0 # dummy
2878 0 # dummy
2879 0 # dummy
2880 0 # dummy
2881 0 # dummy
2882 0 # dummy
2883 0 # dummy
2884 0 # dummy
2885 0 # dummy
2886 0 # dummy
2887 0 # dummy
2888 0 # dummy
2889 0 # dummy
2890 0 # dummy
2891 0 # dummy
2892 0 # dummy
2893 0 # dummy
2894 0 # dummy
2895 0 # dummy
2896 0 # dummy
2897 0 # dummy
2898 0 # dummy
2899 0 # dummy
2900 0 # dummy
2901 0 # dummy
2902 0 # dummy
2903 0 # dummy
2904 0 # dummy
2905 0 # dummy
2906 0 # dummy
2907 0 # dummy
2908 0 # dummy
2909 0 # dummy
2910 0 # dummy
2911 0 # dummy
2912 0 # dummy
2913 0 # dummy
2914 0 # dummy
2915 0 # dummy
2916 0 # dummy
2917 0 # dummy
2918 0 # dummy
2919 0 # dummy
2920 0 # dummy
2921 0 # dummy
2922 0 # dummy
2923 0 # dummy
2924 0 # dummy
2925 0 # dummy
2926 0 # dummy
2927 0 # dummy
2928 0 # dummy
2929 0 # dummy
2930 0 # dummy
2931 0 # dummy
2932 0 # dummy
2933 0 # dummy
2934 0 # dummy
2935 0 # dummy
2936 0 # dummy
2937 0 # dummy
2938 0 # dummy
2939 0 # dummy
2940 0 # dummy
2941 0 # dummy
2942 0 # dummy
2943 0 # dummy
2944 0 # dummy
2945 0 # dummy
2946 0 # dummy
2947 0 # dummy
2948 0 # dummy
2949 0 # dummy
2950 0 # dummy
2951 0 # dummy
2952 0 # dummy
2953 0 # dummy
2954 0 # dummy
2955 0 # dummy
2956 0 # dummy
2957 0 # dummy
2958 0 # dummy
2959 0 # dummy
2960 0 # dummy
2961 0 # dummy
2962 0 # dummy
2963 0 # dummy
2964 0 # dummy
2965 0 # dummy
2966 0 # dummy
2967 0 # dummy
2968 0 # dummy
2969 0 # dummy
2970 0 # dummy
2971 0 # dummy
2972 0 # dummy
2973 0 # dummy
2974 0 # dummy
2975 0 # dummy
2976 0 # dummy
2977 0 # dummy
2978 0 # dummy
2979 0 # dummy
2980 0 # dummy
2981 0 # dummy
2982 0 # dummy
2983 0 # dummy
2984 0 # dummy
2985 0 # dummy
2986 0 # dummy
2987 0 # dummy
2988 0 # dummy
2989 0 # dummy
2990 0 # dummy
2991 0 # dummy
2992 0 # dummy
2993 0 # dummy
2994 0 # dummy
2995 0 # dummy
2996 0 # dummy
2997 0 # dummy
2998 0 # dummy
2999 0 # dummy
3000 0 # dummy
3001 0 # dummy
3002 0 # dummy
3003 0 # dummy
3004 0 # dummy
3005 0 # dummy
3006 0 # dummy
3007 0 # dummy
3008 0 # dummy
3009 0 # dummy
3010 0 # dummy
3011 0 # dummy
3012 0 # dummy
3013 0 # dummy
3014 0 # dummy
3015 0 # dummy
3016 0 # dummy
3017 0 # dummy
3018 0 # dummy
3019 0 # dummy
3020 0 # dummy
3021 0 # dummy
3022 0 # dummy
3023 0 # dummy
3024 0 # dummy
3025 0 # dummy
3026 0 # dummy
3027 0 # dummy
3028 0 # dummy
3029 0 # dummy
3030 0 # dummy
3031 0 # dummy
3032 0 # dummy
3033 0 # dummy
3034 0 # dummy
3035 0 # dummy
3036 0 # dummy
3037 0 # dummy
3038 0 # dummy
3039 0 # dummy
3040 0 # dummy
3041 0 # dummy
3042 0 # dummy
3043 0 # dummy
3044 0 # dummy
3045 0 # dummy
3046 0 # dummy
3047 0 # dummy
3048 0 # dummy
3049 0 # dummy
3050 0 # dummy
3051 0 # dummy
3052 0 # dummy
3053 0 # dummy
3054 0 # dummy
3055 0 # dummy
3056 0 # dummy
3057 0 # dummy
3058 0 # dummy
3059 0 # dummy
3060 0 # dummy
3061 0 # dummy
3062 0 # dummy
3063 0 # dummy
3064 0 # dummy
3065 0 # dummy
3066 0 # dummy
3067 0 # dummy
3068 0 # dummy
3069 0 # dummy
3070 0 # dummy
3071 0 # dummy
3072 0 # dummy
3073 0 # dummy
3074 0 # dummy
3075 0 # dummy
3076 0 # dummy
3077 0 # dummy
3078 0 # dummy
3079 0 # dummy
3080 0 # dummy
3081 0 # dummy
3082 0 # dummy
3083 0 # dummy
3084 0 # dummy
3085 0 # dummy
3086 0 # dummy
3087 0 # dummy
3088 0 # dummy
3089 0 # dummy
3090 0 # dummy
3091 0 # dummy
3092 0 # dummy
3093 0 # dummy
3094 0 # dummy
3095 0 # dummy
3096 0 # dummy
3097 0 # dummy
3098 0 # dummy
3099 0 # dummy
3100 0 # dummy
3101 0 # dummy
3102 0 # dummy
3103 0 # dummy
3104 0 # dummy
3105 0 # dummy
3106 0 # dummy
3107 0 # dummy
3108 0 # dummy
3109 0 # dummy
3110 0 # dummy
3111 0 # dummy
3112 0 # dummy
3113 0 # dummy
3114 0 # dummy
3115 0 # dummy
3116 0 # dummy
3117 0 # dummy
3118 0 # dummy
3119 0 # dummy
3120 0 # dummy
3121 0 # dummy
3122 0 # dummy
3123 0 # dummy
3124 0 # dummy
3125 0 # dummy
3126 0 # dummy
3127 0 # dummy
3128 0 # dummy
3129 0 # dummy
3130 0 # dummy
3131 0 # dummy
3132 0 # dummy
3133 0 # dummy
3134 0 # dummy
3135 0 # dummy
3136 0 # dummy
3137 0 # dummy
3138 0 # dummy
3139 0 # dummy
3140 0 # dummy
3141 0 # dummy
3142 0 # dummy
3143 0 # dummy
3144 0 # dummy
3145 0 # dummy
3146 0 # dummy
3147 0 # dummy
3148 0 # dummy
3149 0 # dummy
3150 0 # dummy
3151 0 # dummy
3152 0 # dummy
3153 0 # dummy
3154 0 # dummy
3155 0 # dummy
3156 0 # dummy
3157 0 # dummy
3158 0 # dummy
3159 0 # dummy
3160 0 # dummy
3161 0 # dummy
3162 0 # dummy
3163 0 # dummy
3164 0 # dummy
3165 0 # dummy
3166 0 # dummy
3167 0 # dummy
3168 0 # dummy
3169 0 # dummy
3170 0 # dummy
3171 0 # dummy
3172 0 # dummy
3173 0 # dummy
3174 0 # dummy
3175 0 # dummy
3176 0 # dummy
3177 0 # dummy
3178 0 # dummy
3179 0 # dummy
3180 0 # dummy
3181 0 # dummy
3182 0 # dummy
3183 0 # dummy
3184 0 # dummy
3185 0 # dummy
3186 0 # dummy
3187 0 # dummy
3188 0 # dummy
3189 0 # dummy
3190 0 # dummy
3191 0 # dummy
3192 0 # dummy
3193 0 # dummy
3194 0 # dummy
3195 0 # dummy
3196 0 # dummy
3197 0 # dummy
3198 0 # dummy
3199 0 # dummy
3200 0 # dummy
3201 0 # dummy
3202 0 # dummy
3203 0 # dummy
3204 0 # dummy
3205 0 # dummy
3206 0 # dummy
3207 0 # dummy
3208 0 # dummy
3209 0 # dummy
3210 0 # dummy
3211 0 # dummy
3212 0 # dummy
3213 0 # dummy
3214 0 # dummy
3215 0 # dummy
3216 0 # dummy
3217 0 # dummy
3218 0 # dummy
3219 0 # dummy
3220 0 # dummy
3221 0 # dummy
3222 0 # dummy
3223 0 # dummy
3224 0 # dummy
3225 0 # dummy
3226 0 # dummy
3227 0 # dummy
3228 0 # dummy
3229 0 # dummy
3230 0 # dummy
3231 0 # dummy
3232 0 # dummy
3233 0 # dummy
3234 0 # dummy
3235 0 # dummy
3236 0 # dummy
3237 0 # dummy
3238 0 # dummy
3239 0 # dummy
3240 0 # dummy
3241 0 # dummy
3242 0 # dummy
3243 0 # dummy
3244 0 # dummy
3245 0 # dummy
3246 0 # dummy
3247 0 # dummy
3248 0 # dummy
3249 0 # dummy
3250 0 # dummy
3251 0 # dummy
3252 0 # dummy
3253 0 # dummy
3254 0 # dummy
3255 0 # dummy
3256 0 # dummy
3257 0 # dummy
3258 0 # dummy
3259 0 # dummy
3260 0 # dummy
3261 0 # dummy
3262 0 # dummy
3263 0 # dummy
3264 0 # dummy
3265 0 # dummy
3266 0 # dummy
3267 0 # dummy
3268 0 # dummy
3269 0 # dummy
3270 0 # dummy
3271 0 # dummy
3272 0 # dummy
3273 0 # dummy
3274 0 # dummy
3275 0 # dummy
3276 0 # dummy
3277 0 # dummy
3278 0 # dummy
3279 0 # dummy
3280 0 # dummy
3281 0 # dummy
3282 0 # dummy
3283 0 # dummy
3284 0 # dummy
3285 0 # dummy
3286 0 # dummy
3287 0 # dummy
3288 0 # dummy
3289 0 # dummy
3290 0 # dummy
3291 0 # dummy
3292 0 # dummy
3293 0 # dummy
3294 0 # dummy
3295 0 # dummy
3296 0 # dummy
3297 0 # dummy
3298 0 # dummy
3299 0 # dummy
3300 0 # dummy
3301 0 # dummy
3302 0 # dummy
3303 0 # dummy
3304 0 # dummy
3305 0 # dummy
3306 0 # dummy
3307 0 # dummy
3308 0 # dummy
3309 0 # dummy
3310 0 # dummy
3311 0 # dummy
3312 0 # dummy
3313 0 # dummy
3314 0 # dummy
3315 0 # dummy
3316 0 # dummy
3317 0 # dummy
3318 0 # dummy
3319 0 # dummy
3320 0 # dummy
3321 0 # dummy
3322 0 # dummy
3323 0 # dummy
3324 0 # dummy
3325 0 # dummy
3326 0 # dummy
3327 0 # dummy
3328 0 # dummy
3329 0 # dummy
3330 0 # dummy
3331 0 # dummy
3332 0 # dummy
3333 0 # dummy
3334 0 # dummy
3335 0 # dummy
3336 0 # dummy
3337 0 # dummy
3338 0 # dummy
3339 0 # dummy
3340 0 # dummy
3341 0 # dummy
3342 0 # dummy
3343 0 # dummy
3344 0 # dummy
3345 0 # dummy
3346 0 # dummy
3347 0 # dummy
3348 0 # dummy
3349 0 # dummy
3350 0 # dummy
3351 0 # dummy
3352 0 # dummy
3353 0 # dummy
3354 0 # dummy
3355 0 # dummy
3356 0 # dummy
3357 0 # dummy
3358 0 # dummy
3359 0 # dummy
3360 0 # dummy
3361 0 # dummy
3362 0 # dummy
3363 0 # dummy
3364 0 # dummy
3365 0 # dummy
3366 0 # dummy
3367 0 # dummy
3368 0 # dummy
3369 0 # dummy
3370 0 # dummy
3371 0 # dummy
3372 0 # dummy
3373 0 # dummy
3374 0 # dummy
3375 0 # dummy
3376 0 # dummy
3377 0 # dummy
3378 0 # dummy
3379 0 # dummy
3380 0 # dummy
3381 0 # dummy
3382 0 # dummy
3383 0 # dummy
3384 0 # dummy
3385 0 # dummy
3386 0 # dummy
3387 0 # dummy
3388 0 # dummy
3389 0 # dummy
3390 0 # dummy
3391 0 # dummy
3392 0 # dummy
3393 0 # dummy
3394 0 # dummy
3395 0 # dummy
3396 0 # dummy
3397 0 # dummy
3398 0 # dummy
3399 0 # dummy
3400 0 # dummy
3401 0 # dummy
3402 0 # dummy
3403 0 # dummy
3404 0 # dummy
3405 0 # dummy
3406 0 # dummy
3407 0 # dummy
3408 0 # dummy
3409 0 # dummy
3410 0 # dummy
3411 0 # dummy
3412 0 # dummy
3413 0 # dummy
3414 0 # dummy
3415 0 # dummy
3416 0 # dummy
3417 0 # dummy
3418 0 # dummy
3419 0 # dummy
3420 0 # dummy
3421 0 # dummy
3422 0 # dummy
3423 0 # dummy
3424 0 # dummy
3425 0 # dummy
3426 0 # dummy
3427 0 # dummy
3428 0 # dummy
3429 0 # dummy
3430 0 # dummy
3431 0 # dummy
3432 0 # dummy
3433 0 # dummy
3434 0 # dummy
3435 0 # dummy
3436 0 # dummy
3437 0 # dummy
3438 0 # dummy
3439 0 # dummy
3440 0 # dummy
3441 0 # dummy
3442 0 # dummy
3443 0 # dummy
3444 0 # dummy
3445 0 # dummy
3446 0 # dummy
3447 0 # dummy
3448 0 # dummy
3449 0 # dummy
3450 0 # dummy
3451 0 # dummy
3452 0 # dummy
3453 0 # dummy
3454 0 # dummy
3455 0 # dummy
3456 0 # dummy
3457 0 # dummy
3458 0 # dummy
3459 0 # dummy
3460 0 # dummy
3461 0 # dummy
3462 0 # dummy
3463 0 # dummy
3464 0 # dummy
3465 0 # dummy
3466 0 # dummy
3467 0 # dummy
3468 0 # dummy
3469 0 # dummy
3470 0 # dummy
3471 0 # dummy
3472 0 # dummy
3473 0 # dummy
3474 0 # dummy
3475 0 # dummy
3476 0 # dummy
3477 0 # dummy
3478 0 # dummy
3479 0 # dummy
3480 0 # dummy
3481 0 # dummy
3482 0 # dummy
3483 0 # dummy
3484 0 # dummy
3485 0 # dummy
3486 0 # dummy
3487 0 # dummy
3488 0 # dummy
3489 0 # dummy
3490 0 # dummy
3491 0 # dummy
3492 0 # dummy
3493 0 # dummy
3494 0 # dummy
3495 0 # dummy
3496 0 # dummy
3497 0 # dummy
3498 0 # dummy
3499 0 # dummy
3500 0 # dummy
3501 0 # dummy
3502 0 # dummy
3503 0 # dummy
3504 0 # dummy
3505 0 # dummy
3506 0 # dummy
3507 0 # dummy
3508 0 # dummy
3509 0 # dummy
3510 0 # dummy
3511 0 # dummy
3512 0 # dummy
3513 0 # dummy
3514 0 # dummy
3515 0 # dummy
3516 0 # dummy
3517 0 # dummy
3518 0 # dummy
3519 0 # dummy
3520 0 # dummy
3521 0 # dummy
3522 0 # dummy
3523 0 # dummy
3524 0 # dummy
3525 0 # dummy
3526 0 # dummy
3527 0 # dummy
3528 0 # dummy
3529 0 # dummy
3530 0 # dummy
3531 0 # dummy
3532 0 # dummy
3533 0 # dummy
3534 0 # dummy
3535 0 # dummy
3536 0 # dummy
3537 0 # dummy
3538 0 # dummy
3539 0 # dummy
3540 0 # dummy
3541 0 # dummy
3542 0 # dummy
3543 0 # dummy
3544 0 # dummy
3545 0 # dummy
3546 0 # dummy
3547 0 # dummy
3548 0 # dummy
3549 0 # dummy
3550 0 # dummy
3551 0 # dummy
3552 0 # dummy
3553 0 # dummy
3554 0 # dummy
3555 0 # dummy
3556 0 # dummy
3557 0 # dummy
3558 0 # dummy
3559 0 # dummy
3560 0 # dummy
3561 0 # dummy
3562 0 # dummy
3563 0 # dummy
3564 0 # dummy
3565 0 # dummy
3566 0 # dummy
3567 0 # dummy
3568 0 # dummy
3569 0 # dummy
3570 0 # dummy
3571 0 # dummy
3572 0 # dummy
3573 0 # dummy
3574 0 # dummy
3575 0 # dummy
3576 0 # dummy
3577 0 # dummy
3578 0 # dummy
3579 0 # dummy
3580 0 # dummy
3581 0 # dummy
3582 0 # dummy
3583 0 # dummy
3584 0 # dummy
3585 0 # dummy
3586 0 # dummy
3587 0 # dummy
3588 0 # dummy
3589 0 # dummy
3590 0 # dummy
3591 0 # dummy
3592 0 # dummy
3593 0 # dummy
3594 0 # dummy
3595 0 # dummy
3596 0 # dummy
3597 0 # dummy
3598 0 # dummy
3599 0 # dummy
3600 0 # dummy
3601 0 # dummy
3602 0 # dummy
3603 0 # dummy
3604 0 # dummy
3605 0 # dummy
3606 0 # dummy
3607 0 # dummy
3608 0 # dummy
3609 0 # dummy
3610 0 # dummy
3611 0 # dummy
3612 0 # dummy
3613 0 # dummy
3614 0 # dummy
3615 0 # dummy
3616 0 # dummy
3617 0 # dummy
3618 0 # dummy
3619 0 # dummy
3620 0 # dummy
3621 0 # dummy
3622 0 # dummy
3623 0 # dummy
3624 0 # dummy
3625 0 # dummy
3626 0 # dummy
3627 0 # dummy
3628 0 # dummy
3629 0 # dummy
3630 0 # dummy
3631 0 # dummy
3632 0 # dummy
3633 0 # dummy
3634 0 # dummy
3635 0 # dummy
3636 0 # dummy
3637 0 # dummy
3638 0 # dummy
3639 0 # dummy
3640 0 # dummy
3641 0 # dummy
3642 0 # dummy
3643 0 # dummy
3644 0 # dummy
3645 0 # dummy
3646 0 # dummy
3647 0 # dummy
3648 0 # dummy
3649 0 # dummy
3650 0 # dummy
3651 0 # dummy
3652 0 # dummy
3653 0 # dummy
3654 0 # dummy
3655 0 # dummy
3656 0 # dummy
3657 0 # dummy
3658 0 # dummy
3659 0 # dummy
3660 0 # dummy
3661 0 # dummy
3662 0 # dummy
3663 0 # dummy
3664 0 # dummy
3665 0 # dummy
3666 0 # dummy
3667 0 # dummy
3668 0 # dummy
3669 0 # dummy
3670 0 # dummy
3671 0 # dummy
3672 0 # dummy
3673 0 # dummy
3674 0 # dummy
3675 0 # dummy
3676 0 # dummy
3677 0 # dummy
3678 0 # dummy
3679 0 # dummy
3680 0 # dummy
3681 0 # dummy
3682 0 # dummy
3683 0 # dummy
3684 0 # dummy
3685 0 # dummy
3686 0 # dummy
3687 0 # dummy
3688 0 # dummy
3689 0 # dummy
3690 0 # dummy
3691 0 # dummy
3692 0 # dummy
3693 0 # dummy
3694 0 # dummy
3695 0 # dummy
3696 0 # dummy
3697 0 # dummy
3698 0 # dummy
3699 0 # dummy
3700 0 # dummy
3701 0 # dummy
3702 0 # dummy
3703 0 # dummy
3704 0 # dummy
3705 0 # dummy
3706 0 # dummy
3707 0 # dummy
3708 0 # dummy
3709 0 # dummy
3710 0 # dummy
3711 0 # dummy
3712 0 # dummy
3713 0 # dummy
3714 0 # dummy
3715 0 # dummy
3716 0 # dummy
3717 0 # dummy
3718 0 # dummy
3719 0 # dummy
3720 0 # dummy
3721 0 # dummy
3722 0 # dummy
3723 0 # dummy
3724 0 # dummy
3725 0 # dummy
3726 0 # dummy
3727 0 # dummy
3728 0 # dummy
3729 0 # dummy
3730 0 # dummy
3731 0 # dummy
3732 0 # dummy
3733 0 # dummy
3734 0 # dummy
3735 0 # dummy
3736 0 # dummy
3737 0 # dummy
3738 0 # dummy
3739 0 # dummy
3740 0 # dummy
3741 0 # dummy
3742 0 # dummy
3743 0 # dummy
3744 0 # dummy
3745 0 # dummy
3746 0 # dummy
3747 0 # dummy
3748 0 # dummy
3749 0 # dummy
3750 0 # dummy
3751 0 # dummy
3752 0 # dummy
3753 0 # dummy
3754 0 # dummy
3755 0 # dummy
3756 0 # dummy
3757 0 # dummy
3758 0 # dummy
3759 0 # dummy
3760 0 # dummy
3761 0 # dummy
3762 0 # dummy
3763 0 # dummy
3764 0 # dummy
3765 0 # dummy
3766 0 # dummy
3767 0 # dummy
3768 0 # dummy
3769 0 # dummy
3770 0 # dummy
3771 0 # dummy
3772 0 # dummy
3773 0 # dummy
3774 0 # dummy
3775 0 # dummy
3776 0 # dummy
3777 0 # dummy
3778 0 # dummy
3779 0 # dummy
3780 0 # dummy
3781 0 # dummy
3782 0 # dummy
3783 0 # dummy
3784 0 # dummy
3785 0 # dummy
3786 0 # dummy
3787 0 # dummy
3788 0 # dummy
3789 0 # dummy
3790 0 # dummy
3791 0 # dummy
3792 0 # dummy
3793 0 # dummy
3794 0 # dummy
3795 0 # dummy
3796 0 # dummy
3797 0 # dummy
3798 0 # dummy
3799 0 # dummy
3800 0 # dummy
3801 0 # dummy
3802 0 # dummy
3803 0 # dummy
3804 0 # dummy
3805 0 # dummy
3806 0 # dummy
3807 0 # dummy
3808 0 # dummy
3809 0 # dummy
3810 0 # dummy
3811 0 # dummy
3812 0 # dummy
3813 0 # dummy
3814 0 # dummy
3815 0 # dummy
3816 0 # dummy
3817 0 # dummy
3818 0 # dummy
3819 0 # dummy
3820 0 # dummy
3821 0 # dummy
3822 0 # dummy
3823 0 # dummy
3824 0 # dummy
3825 0 # dummy
3826 0 # dummy
3827 0 # dummy
3828 0 # dummy
3829 0 # dummy
3830 0 # dummy
3831 0 # dummy
3832 0 # dummy
3833 0 # dummy
3834 0 # dummy
3835 0 # dummy
3836 0 # dummy
3837 0 # dummy
3838 0 # dummy
3839 0 # dummy
3840 0 # dummy
3841 0 # dummy
3842 0 # dummy
3843 0 # dummy
3844 0 # dummy
3845 0 # dummy
3846 0 # dummy
3847 0 # dummy
3848 0 # dummy
3849 0 # dummy
3850 0 # dummy
3851 0 # dummy
3852 0 # dummy
3853 0 # dummy
3854 0 # dummy
3855 0 # dummy
3856 0 # dummy
3857 0 # dummy
3858 0 # dummy
3859 0 # dummy
3860 0 # dummy
3861 0 # dummy
3862 0 # dummy
3863 0 # dummy
3864 0 # dummy
3865 0 # dummy
3866 0 # dummy
3867 0 # dummy
3868 0 # dummy
3869 0 # dummy
3870 0 # dummy
3871 0 # dummy
3872 0 # dummy
3873 0 # dummy
3874 0 # dummy
3875 0 # dummy
3876 0 # dummy
3877 0 # dummy
3878 0 # dummy
3879 0 # dummy
3880 0 # dummy
3881 0 # dummy
3882 0 # dummy
3883 0 # dummy
3884 0 # dummy
3885 0 # dummy
3886 0 # dummy
3887 0 # dummy
3888 0 # dummy
3889 0 # dummy
3890 0 # dummy
3891 0 # dummy
3892 0 # dummy
3893 0 # dummy
3894 0 # dummy
3895 0 # dummy
3896 0 # dummy
3897 0 # dummy
3898 0 # dummy
3899 0 # dummy
3900 0 # dummy
3901 0 # dummy
3902 0 # dummy
3903 0 # dummy
3904 0 # dummy
3905 0 # dummy
3906 0 # dummy
3907 0 # dummy
3908 0 # dummy
3909 0 # dummy
3910 0 # dummy
3911 0 # dummy
3912 0 # dummy
3913 0 # dummy
3914 0 # dummy
3915 0 # dummy
3916 0 # dummy
3917 0 # dummy
3918 0 # dummy
3919 0 # dummy
3920 0 # dummy
3921 0 # dummy
3922 0 # dummy
3923 0 # dummy
3924 0 # dummy
3925 0 # dummy
3926 0 # dummy
3927 0 # dummy
3928 0 # dummy
3929 0 # dummy
3930 0 # dummy
3931 0 # dummy
3932 0 # dummy
3933 0 # dummy
3934 0 # dummy
3935 0 # dummy
3936 0 # dummy
3937 0 # dummy
3938 0 # dummy
3939 0 # dummy
3940 0 # dummy
3941 0 # dummy
3942 0 # dummy
3943 0 # dummy
3944 0 # dummy
3945 0 # dummy
3946 0 # dummy
3947 0 # dummy
3948 0 # dummy
3949 0 # dummy
3950 0 # dummy
3951 0 # dummy
3952 0 # dummy
3953 0 # dummy
3954 0 # dummy
3955 0 # dummy
3956 0 # dummy
3957 0 # dummy
3958 0 # dummy
3959 0 # dummy
3960 0 # dummy
3961 0 # dummy
3962 0 # dummy
3963 0 # dummy
3964 0 # dummy
3965 0 # dummy
3966 0 # dummy
3967 0 # dummy
3968 0 # dummy
3969 0 # dummy
3970 0 # dummy
3971 0 # dummy
3972 0 # dummy
3973 0 # dummy
3974 0 # dummy
3975 0 # dummy
3976 0 # dummy
3977 0 # dummy
3978 0 # dummy
3979 0 # dummy
3980 0 # dummy
3981 0 # dummy
3982 0 # dummy
3983 0 # dummy
3984 0 # dummy
3985 0 # dummy
3986 0 # dummy
3987 0 # dummy
3988 0 # dummy
3989 0 # dummy
3990 0 # dummy
3991 0 # dummy
3992 0 # dummy
3993 0 # dummy
3994 0 # dummy
3995 0 # dummy
3996 0 # dummy
3997 0 # dummy
3998 0 # dummy
3999 0 # dummy
4000 0 # dummy
4001 0 # dummy
4002 0 # dummy
4003 0 # dummy
4004 0 # dummy
4005 0 # dummy
4006 0 # dummy
4007 0 # dummy
4008 0 # dummy
4009 0 # dummy
4010 0 # dummy
4011 0 # dummy
4012 0 # dummy
4013 0 # dummy
4014 0 # dummy
4015 0 # dummy
4016 0 # dummy
4017 0 # dummy
4018 0 # dummy
4019 0 # dummy
4020 0 # dummy
4021 0 # dummy
4022 0 # dummy
4023 0 # dummy
4024 0 # dummy
4025 0 # dummy
4026 0 # dummy
4027 0 # dummy
4028 0 # dummy
4029 0 # dummy
4030 0 # dummy
4031 0 # dummy
4032 0 # dummy
4033 0 # dummy
4034 0 # dummy
4035 0 # dummy
4036 0 # dummy
4037 0 # dummy
4038 0 # dummy
4039 0 # dummy
4040 0 # dummy
4041 0 # dummy
4042 0 # dummy
4043 0 # dummy
4044 0 # dummy
4045 0 # dummy
4046 0 # dummy
4047 0 # dummy
4048 0 # dummy
4049 0 # dummy
4050 0 # dummy
4051 0 # dummy
4052 0 # dummy
4053 0 # dummy
4054 0 # dummy
4055 0 # dummy
4056 0 # dummy
4057 0 # dummy
4058 0 # dummy
4059 0 # dummy
4060 0 # dummy
4061 0 # dummy
4062 0 # dummy
4063 0 # dummy
4064 0 # dummy
4065 0 # dummy
4066 0 # dummy
4067 0 # dummy
4068 0 # dummy
4069 0 # dummy
4070 0 # dummy
4071 0 # dummy
4072 0 # dummy
4073 0 # dummy
4074 0 # dummy
4075 0 # dummy
4076 0 # dummy
4077 0 # dummy
4078 0 # dummy
4079 0 # dummy
4080 0 # dummy
4081 0 # dummy
4082 0 # dummy
4083 0 # dummy
4084 0 # dummy
4085 0 # dummy
4086 0 # dummy
4087 0 # dummy
4088 0 # dummy
4089 0 # dummy
4090 0 # dummy
4091 0 # dummy
4092 0 # dummy
4093 0 # dummy
4094 0 # dummy
4095 0 # dummy
