# columns 
# CaloToolMPEtaBin PtMin PtMax avgPt IEtaBin_forLUT_col1 PtBin_forLUT SF
0 0 0 0 0 0 1.000000   # ieta [1], pt 0
0 1 15 8 0 1 2.023666
0 16 16 16 0 2 2.031251
0 17 17 17 0 3 2.004182
0 18 18 18 0 4 1.994763
0 19 19 19 0 5 2.001355
0 20 20 20 0 6 1.995346
0 21 21 21 0 7 1.979209
0 22 22 22 0 8 1.983449
0 23 23 23 0 9 1.955494
0 24 24 24 0 10 1.947462
0 25 25 25 0 11 1.938979
0 26 26 26 0 12 1.929202
0 27 27 27 0 13 1.905873
0 28 28 28 0 14 1.897196
0 29 29 29 0 15 1.885776
0 30 30 30 0 16 1.882227
0 31 31 31 0 17 1.864497
0 32 33 33 0 18 1.852470
0 34 35 35 0 19 1.829583
0 36 37 37 0 20 1.796457
0 38 39 39 0 21 1.784388
0 40 41 41 0 22 1.773497
0 42 43 43 0 23 1.756120
0 44 45 45 0 24 1.727366
0 46 47 47 0 25 1.718721
0 48 49 49 0 26 1.703076
0 50 51 51 0 27 1.691936
0 52 53 53 0 28 1.681272
0 54 55 55 0 29 1.670002
0 56 57 57 0 30 1.644656
0 58 59 59 0 31 1.630457
0 60 61 61 0 32 1.628627
0 62 64 63 0 33 1.618034
0 65 67 66 0 34 1.599142
0 68 70 69 0 35 1.581256
0 71 73 72 0 36 1.579596
0 74 76 75 0 37 1.562983
0 77 79 78 0 38 1.554806
0 80 82 81 0 39 1.544787
0 83 85 84 0 40 1.536016
0 86 88 87 0 41 1.528063
0 89 91 90 0 42 1.524601
0 92 94 93 0 43 1.519163
0 95 97 96 0 44 1.510017
0 98 100 99 0 45 1.508720
0 101 103 102 0 46 1.495750
0 104 109 107 0 47 1.489529
0 110 115 113 0 48 1.471719
0 116 121 119 0 49 1.466751
0 122 127 125 0 50 1.461129
0 128 133 131 0 51 1.455414
0 134 139 137 0 52 1.444532
0 140 145 143 0 53 1.442641
0 146 151 149 0 54 1.430300
0 152 157 155 0 55 1.430126
0 158 163 161 0 56 1.426608
0 164 169 167 0 57 1.425320
0 170 175 173 0 58 1.414066
0 176 181 179 0 59 1.406039
0 182 187 185 0 60 1.391128
0 188 193 191 0 61 1.387454
0 194 254 224 0 62 1.371820
0 255 255 255 0 63 1.343715
1 0 0 0 1 0 1.000000   # ieta [2], pt 0
1 1 15 8 1 1 2.096004
1 16 16 16 1 2 2.079093
1 17 17 17 1 3 2.043068
1 18 18 18 1 4 2.033522
1 19 19 19 1 5 2.039404
1 20 20 20 1 6 2.012956
1 21 21 21 1 7 2.019671
1 22 22 22 1 8 2.025502
1 23 23 23 1 9 2.005276
1 24 24 24 1 10 1.989673
1 25 25 25 1 11 1.980256
1 26 26 26 1 12 1.970272
1 27 27 27 1 13 1.945744
1 28 28 28 1 14 1.935163
1 29 29 29 1 15 1.923120
1 30 30 30 1 16 1.919502
1 31 31 31 1 17 1.895881
1 32 33 33 1 18 1.880955
1 34 35 35 1 19 1.857464
1 36 37 37 1 20 1.825830
1 38 39 39 1 21 1.807268
1 40 41 41 1 22 1.791073
1 42 43 43 1 23 1.771844
1 44 45 45 1 24 1.744362
1 46 47 47 1 25 1.731239
1 48 49 49 1 26 1.715855
1 50 51 51 1 27 1.703222
1 52 53 53 1 28 1.692698
1 54 55 55 1 29 1.681683
1 56 57 57 1 30 1.662665
1 58 59 59 1 31 1.651412
1 60 61 61 1 32 1.646736
1 62 64 63 1 33 1.635667
1 65 67 66 1 34 1.615593
1 68 70 69 1 35 1.606009
1 71 73 72 1 36 1.594985
1 74 76 75 1 37 1.577938
1 77 79 78 1 38 1.569683
1 80 82 81 1 39 1.559567
1 83 85 84 1 40 1.550713
1 86 88 87 1 41 1.542366
1 89 91 90 1 42 1.538710
1 92 94 93 1 43 1.533787
1 95 97 96 1 44 1.521101
1 98 100 99 1 45 1.519418
1 101 103 102 1 46 1.506276
1 104 109 107 1 47 1.499352
1 110 115 113 1 48 1.481192
1 116 121 119 1 49 1.475581
1 122 127 125 1 50 1.469925
1 128 133 131 1 51 1.464176
1 134 139 137 1 52 1.452038
1 140 145 143 1 53 1.449833
1 146 151 149 1 54 1.437031
1 152 157 155 1 55 1.436820
1 158 163 161 1 56 1.433285
1 164 169 167 1 57 1.431991
1 170 175 173 1 58 1.420684
1 176 181 179 1 59 1.412619
1 182 187 185 1 60 1.397639
1 188 193 191 1 61 1.393827
1 194 254 224 1 62 1.377699
1 255 255 255 1 63 1.349474
2 0 0 0 2 0 1.000000   # ieta [3], pt 0
2 1 15 8 2 1 2.097362
2 16 16 16 2 2 2.080440
2 17 17 17 2 3 2.046348
2 18 18 18 2 4 2.037215
2 19 19 19 2 5 2.043109
2 20 20 20 2 6 2.016712
2 21 21 21 2 7 2.023439
2 22 22 22 2 8 2.029417
2 23 23 23 2 9 2.006907
2 24 24 24 2 10 1.993264
2 25 25 25 2 11 1.983830
2 26 26 26 2 12 1.973828
2 27 27 27 2 13 1.948309
2 28 28 28 2 14 1.936802
2 29 29 29 2 15 1.924748
2 30 30 30 2 16 1.921127
2 31 31 31 2 17 1.897099
2 32 33 33 2 18 1.882163
2 34 35 35 2 19 1.858656
2 36 37 37 2 20 1.827003
2 38 39 39 2 21 1.808288
2 40 41 41 2 22 1.791746
2 42 43 43 2 23 1.772403
2 44 45 45 2 24 1.744557
2 46 47 47 2 25 1.731190
2 48 49 49 2 26 1.715694
2 50 51 51 2 27 1.703062
2 52 53 53 2 28 1.692710
2 54 55 55 2 29 1.682122
2 56 57 57 2 30 1.663099
2 58 59 59 2 31 1.651844
2 60 61 61 2 32 1.647166
2 62 64 63 2 33 1.636095
2 65 67 66 2 34 1.616015
2 68 70 69 2 35 1.606339
2 71 73 72 2 36 1.595313
2 74 76 75 2 37 1.578263
2 77 79 78 2 38 1.570006
2 80 82 81 2 39 1.559889
2 83 85 84 2 40 1.551032
2 86 88 87 2 41 1.542418
2 89 91 90 2 42 1.538762
2 92 94 93 2 43 1.533839
2 95 97 96 2 44 1.521152
2 98 100 99 2 45 1.519469
2 101 103 102 2 46 1.506326
2 104 109 107 2 47 1.499402
2 110 115 113 2 48 1.483573
2 116 121 119 2 49 1.475631
2 122 127 125 2 50 1.469974
2 128 133 131 2 51 1.464225
2 134 139 137 2 52 1.452087
2 140 145 143 2 53 1.449882
2 146 151 149 2 54 1.437079
2 152 157 155 2 55 1.436868
2 158 163 161 2 56 1.433333
2 164 169 167 2 57 1.432039
2 170 175 173 2 58 1.420732
2 176 181 179 2 59 1.412666
2 182 187 185 2 60 1.397686
2 188 193 191 2 61 1.393873
2 194 254 224 2 62 1.377745
2 255 255 255 2 63 1.349519
3 0 0 0 3 0 1.000000   # ieta [4], pt 0
3 1 15 8 3 1 2.111119
3 16 16 16 3 2 2.094086
3 17 17 17 3 3 2.059993
3 18 18 18 3 4 2.050799
3 19 19 19 3 5 2.056731
3 20 20 20 3 6 2.029940
3 21 21 21 3 7 2.036711
3 22 22 22 3 8 2.040902
3 23 23 23 3 9 2.013443
3 24 24 24 3 10 1.995448
3 25 25 25 3 11 1.983830
3 26 26 26 3 12 1.973828
3 27 27 27 3 13 1.948309
3 28 28 28 3 14 1.936802
3 29 29 29 3 15 1.924748
3 30 30 30 3 16 1.921127
3 31 31 31 3 17 1.897099
3 32 33 33 3 18 1.883034
3 34 35 35 3 19 1.860396
3 36 37 37 3 20 1.830149
3 38 39 39 3 21 1.811958
3 40 41 41 3 22 1.795714
3 42 43 43 3 23 1.776328
3 44 45 45 3 24 1.748551
3 46 47 47 3 25 1.735284
3 48 49 49 3 26 1.719660
3 50 51 51 3 27 1.706908
3 52 53 53 3 28 1.696533
3 54 55 55 3 29 1.685921
3 56 57 57 3 30 1.666051
3 58 59 59 3 31 1.653881
3 60 61 61 3 32 1.649198
3 62 64 63 3 33 1.638112
3 65 67 66 3 34 1.618008
3 68 70 69 3 35 1.605577
3 71 73 72 3 36 1.596734
3 74 76 75 3 37 1.579288
3 77 79 78 3 38 1.570916
3 80 82 81 3 39 1.560792
3 83 85 84 3 40 1.551931
3 86 88 87 3 41 1.543311
3 89 91 90 3 42 1.539584
3 92 94 93 3 43 1.534624
3 95 97 96 3 44 1.522730
3 98 100 99 3 45 1.521046
3 101 103 102 3 46 1.507889
3 104 109 107 3 47 1.500958
3 110 115 113 3 48 1.485112
3 116 121 119 3 49 1.477162
3 122 127 125 3 50 1.471500
3 128 133 131 3 51 1.468927
3 134 139 137 3 52 1.453184
3 140 145 143 3 53 1.450895
3 146 151 149 3 54 1.438083
3 152 157 155 3 55 1.437832
3 158 163 161 3 56 1.434255
3 164 169 167 3 57 1.432960
3 170 175 173 3 58 1.421646
3 176 181 179 3 59 1.413575
3 182 187 185 3 60 1.398585
3 188 193 191 3 61 1.394770
3 194 254 224 3 62 1.378220
3 255 255 255 3 63 1.349678
4 0 0 0 4 0 1.000000   # ieta [5], pt 0
4 1 15 8 4 1 2.126961
4 16 16 16 4 2 2.106848
4 17 17 17 4 3 2.068208
4 18 18 18 4 4 2.059854
4 19 19 19 4 5 2.065813
4 20 20 20 4 6 2.042920
4 21 21 21 4 7 2.051420
4 22 22 22 4 8 2.056237
4 23 23 23 4 9 2.027713
4 24 24 24 4 10 2.008723
4 25 25 25 4 11 1.995819
4 26 26 26 4 12 1.983237
4 27 27 27 4 13 1.957596
4 28 28 28 4 14 1.946034
4 29 29 29 4 15 1.933923
4 30 30 30 4 16 1.930285
4 31 31 31 4 17 1.901676
4 32 33 33 4 18 1.889321
4 34 35 35 4 19 1.867180
4 36 37 37 4 20 1.836692
4 38 39 39 4 21 1.818843
4 40 41 41 4 22 1.803999
4 42 43 43 4 23 1.785248
4 44 45 45 4 24 1.758432
4 46 47 47 4 25 1.744893
4 48 49 49 4 26 1.729252
4 50 51 51 4 27 1.715948
4 52 53 53 4 28 1.705518
4 54 55 55 4 29 1.694560
4 56 57 57 4 30 1.676394
4 58 59 59 4 31 1.664354
4 60 61 61 4 32 1.659421
4 62 64 63 4 33 1.647789
4 65 67 66 4 34 1.627566
4 68 70 69 4 35 1.612893
4 71 73 72 4 36 1.600719
4 74 76 75 4 37 1.582375
4 77 79 78 4 38 1.573986
4 80 82 81 4 39 1.563843
4 83 85 84 4 40 1.554964
4 86 88 87 4 41 1.546902
4 89 91 90 4 42 1.542880
4 92 94 93 4 43 1.537869
4 95 97 96 4 44 1.525790
4 98 100 99 4 45 1.523956
4 101 103 102 4 46 1.512481
4 104 109 107 4 47 1.507153
4 110 115 113 4 48 1.493136
4 116 121 119 4 49 1.485143
4 122 127 125 4 50 1.479503
4 128 133 131 4 51 1.474031
4 134 139 137 4 52 1.461349
4 140 145 143 4 53 1.459047
4 146 151 149 4 54 1.446163
4 152 157 155 4 55 1.445791
4 158 163 161 4 56 1.441781
4 164 169 167 4 57 1.440479
4 170 175 173 4 58 1.429106
4 176 181 179 4 59 1.420992
4 182 187 185 4 60 1.405923
4 188 193 191 4 61 1.402088
4 194 254 224 4 62 1.387425
4 255 255 255 4 63 1.362187
5 0 0 0 5 0 1.000000   # ieta [6], pt 0
5 1 15 8 5 1 2.198355
5 16 16 16 5 2 2.182747
5 17 17 17 5 3 2.153611
5 18 18 18 5 4 2.145572
5 19 19 19 5 5 2.146469
5 20 20 20 5 6 2.114772
5 21 21 21 5 7 2.105763
5 22 22 22 5 8 2.107824
5 23 23 23 5 9 2.072425
5 24 24 24 5 10 2.051354
5 25 25 25 5 11 2.035561
5 26 26 26 5 12 2.026434
5 27 27 27 5 13 1.987650
5 28 28 28 5 14 1.975872
5 29 29 29 5 15 1.963575
5 30 30 30 5 16 1.959881
5 31 31 31 5 17 1.932956
5 32 33 33 5 18 1.920542
5 34 35 35 5 19 1.896279
5 36 37 37 5 20 1.862592
5 38 39 39 5 21 1.842742
5 40 41 41 5 22 1.825777
5 42 43 43 5 23 1.805874
5 44 45 45 5 24 1.780685
5 46 47 47 5 25 1.768035
5 48 49 49 5 26 1.753223
5 50 51 51 5 27 1.740592
5 52 53 53 5 28 1.728818
5 54 55 55 5 29 1.716287
5 56 57 57 5 30 1.704933
5 58 59 59 5 31 1.693588
5 60 61 61 5 32 1.689516
5 62 64 63 5 33 1.674999
5 65 67 66 5 34 1.649079
5 68 70 69 5 35 1.633130
5 71 73 72 5 36 1.623811
5 74 76 75 5 37 1.612326
5 77 79 78 5 38 1.602134
5 80 82 81 5 39 1.590703
5 83 85 84 5 40 1.580786
5 86 88 87 5 41 1.572196
5 89 91 90 5 42 1.566503
5 92 94 93 5 43 1.558958
5 95 97 96 5 44 1.543312
5 98 100 99 5 45 1.541443
5 101 103 102 5 46 1.529007
5 104 109 107 5 47 1.523144
5 110 115 113 5 48 1.508342
5 116 121 119 5 49 1.500267
5 122 127 125 5 50 1.494235
5 128 133 131 5 51 1.487359
5 134 139 137 5 52 1.474084
5 140 145 143 5 53 1.471411
5 146 151 149 5 54 1.457472
5 152 157 155 5 55 1.456423
5 158 163 161 5 56 1.449880
5 164 169 167 5 57 1.448274
5 170 175 173 5 58 1.436833
5 176 181 179 5 59 1.428615
5 182 187 185 5 60 1.412261
5 188 193 191 5 61 1.407932
5 194 254 224 5 62 1.394293
5 255 255 255 5 63 1.371024
6 0 0 0 6 0 1.000000   # ieta [7], pt 0
6 1 15 8 6 1 2.200332
6 16 16 16 6 2 2.184710
6 17 17 17 6 3 2.155548
6 18 18 18 6 4 2.148302
6 19 19 19 6 5 2.149201
6 20 20 20 6 6 2.134182
6 21 21 21 6 7 2.114112
6 22 22 22 6 8 2.116181
6 23 23 23 6 9 2.080642
6 24 24 24 6 10 2.060752
6 25 25 25 6 11 2.043926
6 26 26 26 6 12 2.034762
6 27 27 27 6 13 1.995819
6 28 28 28 6 14 1.983992
6 29 29 29 6 15 1.971513
6 30 30 30 6 16 1.967803
6 31 31 31 6 17 1.932640
6 32 33 33 6 18 1.919958
6 34 35 35 6 19 1.895391
6 36 37 37 6 20 1.861323
6 38 39 39 6 21 1.841179
6 40 41 41 6 22 1.824228
6 42 43 43 6 23 1.804342
6 44 45 45 6 24 1.779175
6 46 47 47 6 25 1.766535
6 48 49 49 6 26 1.751863
6 50 51 51 6 27 1.739242
6 52 53 53 6 28 1.727478
6 54 55 55 6 29 1.714956
6 56 57 57 6 30 1.703611
6 58 59 59 6 31 1.692274
6 60 61 61 6 32 1.688206
6 62 64 63 6 33 1.673700
6 65 67 66 6 34 1.647800
6 68 70 69 6 35 1.631863
6 71 73 72 6 36 1.622552
6 74 76 75 6 37 1.611075
6 77 79 78 6 38 1.600891
6 80 82 81 6 39 1.589538
6 83 85 84 6 40 1.579764
6 86 88 87 6 41 1.571180
6 89 91 90 6 42 1.565490
6 92 94 93 6 43 1.557950
6 95 97 96 6 44 1.542315
6 98 100 99 6 45 1.540447
6 101 103 102 6 46 1.528018
6 104 109 107 6 47 1.522160
6 110 115 113 6 48 1.507367
6 116 121 119 6 49 1.499298
6 122 127 125 6 50 1.493269
6 128 133 131 6 51 1.486397
6 134 139 137 6 52 1.473131
6 140 145 143 6 53 1.470459
6 146 151 149 6 54 1.456530
6 152 157 155 6 55 1.455482
6 158 163 161 6 56 1.448942
6 164 169 167 6 57 1.447337
6 170 175 173 6 58 1.435904
6 176 181 179 6 59 1.427691
6 182 187 185 6 60 1.411348
6 188 193 191 6 61 1.407022
6 194 254 224 6 62 1.393392
6 255 255 255 6 63 1.370138
7 0 0 0 7 0 1.000000   # ieta [8], pt 0
7 1 15 8 7 1 2.182877
7 16 16 16 7 2 2.167379
7 17 17 17 7 3 2.138448
7 18 18 18 7 4 2.131651
7 19 19 19 7 5 2.132543
7 20 20 20 7 6 2.121287
7 21 21 21 7 7 2.109260
7 22 22 22 7 8 2.111115
7 23 23 23 7 9 2.075662
7 24 24 24 7 10 2.056079
7 25 25 25 7 11 2.039292
7 26 26 26 7 12 2.030149
7 27 27 27 7 13 1.991293
7 28 28 28 7 14 1.979493
7 29 29 29 7 15 1.967042
7 30 30 30 7 16 1.963342
7 31 31 31 7 17 1.928259
7 32 33 33 7 18 1.915604
7 34 35 35 7 19 1.891093
7 36 37 37 7 20 1.857102
7 38 39 39 7 21 1.837457
7 40 41 41 7 22 1.820595
7 42 43 43 7 23 1.800748
7 44 45 45 7 24 1.775631
7 46 47 47 7 25 1.763017
7 48 49 49 7 26 1.748374
7 50 51 51 7 27 1.735778
7 52 53 53 7 28 1.724037
7 54 55 55 7 29 1.711539
7 56 57 57 7 30 1.700217
7 58 59 59 7 31 1.688903
7 60 61 61 7 32 1.684843
7 62 64 63 7 33 1.670366
7 65 67 66 7 34 1.644518
7 68 70 69 7 35 1.628708
7 71 73 72 7 36 1.619244
7 74 76 75 7 37 1.608039
7 77 79 78 7 38 1.597875
7 80 82 81 7 39 1.586543
7 83 85 84 7 40 1.576948
7 86 88 87 7 41 1.568379
7 89 91 90 7 42 1.562753
7 92 94 93 7 43 1.555331
7 95 97 96 7 44 1.539722
7 98 100 99 7 45 1.537857
7 101 103 102 7 46 1.525449
7 104 109 107 7 47 1.519601
7 110 115 113 7 48 1.504833
7 116 121 119 7 49 1.496777
7 122 127 125 7 50 1.490759
7 128 133 131 7 51 1.488802
7 134 139 137 7 52 1.470654
7 140 145 143 7 53 1.467988
7 146 151 149 7 54 1.454082
7 152 157 155 7 55 1.453035
7 158 163 161 7 56 1.446507
7 164 169 167 7 57 1.444907
7 170 175 173 7 58 1.433506
7 176 181 179 7 59 1.425308
7 182 187 185 7 60 1.408992
7 188 193 191 7 61 1.403610
7 194 254 224 7 62 1.390750
7 255 255 255 7 63 1.367562
8 0 0 0 8 0 1.000000   # ieta [9], pt 0
8 1 15 8 8 1 2.241051
8 16 16 16 8 2 2.231111
8 17 17 17 8 3 2.220932
8 18 18 18 8 4 2.211500
8 19 19 19 8 5 2.212424
8 20 20 20 8 6 2.184006
8 21 21 21 8 7 2.158595
8 22 22 22 8 8 2.146766
8 23 23 23 8 9 2.118157
8 24 24 24 8 10 2.099358
8 25 25 25 8 11 2.087545
8 26 26 26 8 12 2.072981
8 27 27 27 8 13 2.028802
8 28 28 28 8 14 2.012907
8 29 29 29 8 15 1.989105
8 30 30 30 8 16 1.981549
8 31 31 31 8 17 1.948209
8 32 33 33 8 18 1.936040
8 34 35 35 8 19 1.917346
8 36 37 37 8 20 1.891148
8 38 39 39 8 21 1.868057
8 40 41 41 8 22 1.846814
8 42 43 43 8 23 1.827975
8 44 45 45 8 24 1.808195
8 46 47 47 8 25 1.793779
8 48 49 49 8 26 1.771139
8 50 51 51 8 27 1.752713
8 52 53 53 8 28 1.736998
8 54 55 55 8 29 1.720977
8 56 57 57 8 30 1.709950
8 58 59 59 8 31 1.698793
8 60 61 61 8 32 1.693565
8 62 64 63 8 33 1.675864
8 65 67 66 8 34 1.647985
8 68 70 69 8 35 1.632222
8 71 73 72 8 36 1.622638
8 74 76 75 8 37 1.611827
8 77 79 78 8 38 1.601075
8 80 82 81 8 39 1.589599
8 83 85 84 8 40 1.580309
8 86 88 87 8 41 1.571721
8 89 91 90 8 42 1.565764
8 92 94 93 8 43 1.557619
8 95 97 96 8 44 1.541987
8 98 100 99 8 45 1.540189
8 101 103 102 8 46 1.527946
8 104 109 107 8 47 1.522182
8 110 115 113 8 48 1.507388
8 116 121 119 8 49 1.499319
8 122 127 125 8 50 1.493291
8 128 133 131 8 51 1.491310
8 134 139 137 8 52 1.473110
8 140 145 143 8 53 1.470394
8 146 151 149 8 54 1.456243
8 152 157 155 8 55 1.455195
8 158 163 161 8 56 1.448538
8 164 169 167 8 57 1.446877
8 170 175 173 8 58 1.435461
8 176 181 179 8 59 1.427251
8 182 187 185 8 60 1.410669
8 188 193 191 8 61 1.405106
8 194 254 224 8 62 1.392079
8 255 255 255 8 63 1.368869
9 0 0 0 9 0 1.000000   # ieta [10], pt 0
9 1 15 8 9 1 2.286037
9 16 16 16 9 2 2.279122
9 17 17 17 9 3 2.253322
9 18 18 18 9 4 2.239725
9 19 19 19 9 5 2.240661
9 20 20 20 9 6 2.211880
9 21 21 21 9 7 2.169463
9 22 22 22 9 8 2.157574
9 23 23 23 9 9 2.128062
9 24 24 24 9 10 2.109594
9 25 25 25 9 11 2.096386
9 26 26 26 9 12 2.080720
9 27 27 27 9 13 2.034297
9 28 28 28 9 14 2.017570
9 29 29 29 9 15 1.993712
9 30 30 30 9 16 1.986139
9 31 31 31 9 17 1.952722
9 32 33 33 9 18 1.940524
9 34 35 35 9 19 1.921580
9 36 37 37 9 20 1.894235
9 38 39 39 9 21 1.870725
9 40 41 41 9 22 1.848402
9 42 43 43 9 23 1.831014
9 44 45 45 9 24 1.812485
9 46 47 47 9 25 1.798409
9 48 49 49 9 26 1.778960
9 50 51 51 9 27 1.762324
9 52 53 53 9 28 1.748491
9 54 55 55 9 29 1.731397
9 56 57 57 9 30 1.720893
9 58 59 59 9 31 1.712334
9 60 61 61 9 32 1.706382
9 62 64 63 9 33 1.689889
9 65 67 66 9 34 1.666663
9 68 70 69 9 35 1.651489
9 71 73 72 9 36 1.641381
9 74 76 75 9 37 1.629916
9 77 79 78 9 38 1.615735
9 80 82 81 9 39 1.600740
9 83 85 84 9 40 1.591651
9 86 88 87 9 41 1.583349
9 89 91 90 9 42 1.577526
9 92 94 93 9 43 1.569441
9 95 97 96 9 44 1.555112
9 98 100 99 9 45 1.553857
9 101 103 102 9 46 1.540763
9 104 109 107 9 47 1.533093
9 110 115 113 9 48 1.516503
9 116 121 119 9 49 1.508983
9 122 127 125 9 50 1.502747
9 128 133 131 9 51 1.492849
9 134 139 137 9 52 1.482055
9 140 145 143 9 53 1.478940
9 146 151 149 9 54 1.461535
9 152 157 155 9 55 1.460483
9 158 163 161 9 56 1.450658
9 164 169 167 9 57 1.447794
9 170 175 173 9 58 1.436898
9 176 181 179 9 59 1.428944
9 182 187 185 9 60 1.412343
9 188 193 191 9 61 1.406773
9 194 254 224 9 62 1.393677
9 255 255 255 9 63 1.370354
10 0 0 0 10 0 1.000000   # ieta [11], pt 0
10 1 15 8 10 1 2.304310
10 16 16 16 10 2 2.292205
10 17 17 17 10 3 2.269719
10 18 18 18 10 4 2.254983
10 19 19 19 10 5 2.255926
10 20 20 20 10 6 2.224413
10 21 21 21 10 7 2.177170
10 22 22 22 10 8 2.165239
10 23 23 23 10 9 2.135948
10 24 24 24 10 10 2.121128
10 25 25 25 10 11 2.105930
10 26 26 26 10 12 2.089080
10 27 27 27 10 13 2.051010
10 28 28 28 10 14 2.040504
10 29 29 29 10 15 2.018865
10 30 30 30 10 16 2.011196
10 31 31 31 10 17 1.977357
10 32 33 33 10 18 1.964915
10 34 35 35 10 19 1.945008
10 36 37 37 10 20 1.911039
10 38 39 39 10 21 1.880615
10 40 41 41 10 22 1.860234
10 42 43 43 10 23 1.845731
10 44 45 45 10 24 1.827381
10 46 47 47 10 25 1.812863
10 48 49 49 10 26 1.796793
10 50 51 51 10 27 1.781172
10 52 53 53 10 28 1.767023
10 54 55 55 10 29 1.748729
10 56 57 57 10 30 1.735938
10 58 59 59 10 31 1.721157
10 60 61 61 10 32 1.715174
10 62 64 63 10 33 1.698347
10 65 67 66 10 34 1.673218
10 68 70 69 10 35 1.657984
10 71 73 72 10 36 1.647836
10 74 76 75 10 37 1.635130
10 77 79 78 10 38 1.618620
10 80 82 81 10 39 1.602277
10 83 85 84 10 40 1.593837
10 86 88 87 10 41 1.587213
10 89 91 90 10 42 1.583571
10 92 94 93 10 43 1.577092
10 95 97 96 10 44 1.563255
10 98 100 99 10 45 1.562127
10 101 103 102 10 46 1.551095
10 104 109 107 10 47 1.543654
10 110 115 113 10 48 1.528526
10 116 121 119 10 49 1.519952
10 122 127 125 10 50 1.512516
10 128 133 131 10 51 1.501860
10 134 139 137 10 52 1.489052
10 140 145 143 10 53 1.485505
10 146 151 149 10 54 1.465549
10 152 157 155 10 55 1.464494
10 158 163 161 10 56 1.454641
10 164 169 167 10 57 1.451770
10 170 175 173 10 58 1.442092
10 176 181 179 10 59 1.434733
10 182 187 185 10 60 1.418065
10 188 193 191 10 61 1.412428
10 194 254 224 10 62 1.399270
10 255 255 255 10 63 1.375854
11 0 0 0 11 0 1.000000   # ieta [12], pt 0
11 1 15 8 11 1 2.342099
11 16 16 16 11 2 2.337251
11 17 17 17 11 3 2.316236
11 18 18 18 11 4 2.304656
11 19 19 19 11 5 2.305620
11 20 20 20 11 6 2.276024
11 21 21 21 11 7 2.227047
11 22 22 22 11 8 2.215506
11 23 23 23 11 9 2.176974
11 24 24 24 11 10 2.158395
11 25 25 25 11 11 2.132810
11 26 26 26 11 12 2.113211
11 27 27 27 11 13 2.081713
11 28 28 28 11 14 2.066180
11 29 29 29 11 15 2.052050
11 30 30 30 11 16 2.046800
11 31 31 31 11 17 2.008080
11 32 33 33 11 18 1.995505
11 34 35 35 11 19 1.971007
11 36 37 37 11 20 1.929465
11 38 39 39 11 21 1.905484
11 40 41 41 11 22 1.885600
11 42 43 43 11 23 1.868844
11 44 45 45 11 24 1.844195
11 46 47 47 11 25 1.827722
11 48 49 49 11 26 1.810423
11 50 51 51 11 27 1.793271
11 52 53 53 11 28 1.779026
11 54 55 55 11 29 1.758481
11 56 57 57 11 30 1.740722
11 58 59 59 11 31 1.723566
11 60 61 61 11 32 1.716907
11 62 64 63 11 33 1.700027
11 65 67 66 11 34 1.675200
11 68 70 69 11 35 1.660210
11 71 73 72 11 36 1.650474
11 74 76 75 11 37 1.637959
11 77 79 78 11 38 1.621720
11 80 82 81 11 39 1.605496
11 83 85 84 11 40 1.597039
11 86 88 87 11 41 1.590428
11 89 91 90 11 42 1.586492
11 92 94 93 11 43 1.580430
11 95 97 96 11 44 1.568109
11 98 100 99 11 45 1.567179
11 101 103 102 11 46 1.555608
11 104 109 107 11 47 1.547894
11 110 115 113 11 48 1.532369
11 116 121 119 11 49 1.523703
11 122 127 125 11 50 1.516305
11 128 133 131 11 51 1.505906
11 134 139 137 11 52 1.492646
11 140 145 143 11 53 1.489179
11 146 151 149 11 54 1.469885
11 152 157 155 11 55 1.468827
11 158 163 161 11 56 1.458805
11 164 169 167 11 57 1.455854
11 170 175 173 11 58 1.446864
11 176 181 179 11 59 1.439838
11 182 187 185 11 60 1.422913
11 188 193 191 11 61 1.417257
11 194 254 224 11 62 1.404054
11 255 255 255 11 63 1.380558
12 0 0 0 12 0 1.000000   # ieta [13], pt 0
12 1 15 8 12 1 2.422241
12 16 16 16 12 2 2.399688
12 17 17 17 12 3 2.362822
12 18 18 18 12 4 2.335026
12 19 19 19 12 5 2.336002
12 20 20 20 12 6 2.313656
12 21 21 21 12 7 2.269166
12 22 22 22 12 8 2.256792
12 23 23 23 12 9 2.218649
12 24 24 24 12 10 2.198335
12 25 25 25 12 11 2.172957
12 26 26 26 12 12 2.150599
12 27 27 27 12 13 2.118296
12 28 28 28 12 14 2.101003
12 29 29 29 12 15 2.085546
12 30 30 30 12 16 2.078605
12 31 31 31 12 17 2.036386
12 32 33 33 12 18 2.018512
12 34 35 35 12 19 1.999031
12 36 37 37 12 20 1.969628
12 38 39 39 12 21 1.940367
12 40 41 41 12 22 1.918180
12 42 43 43 12 23 1.900002
12 44 45 45 12 24 1.872291
12 46 47 47 12 25 1.853910
12 48 49 49 12 26 1.832922
12 50 51 51 12 27 1.812697
12 52 53 53 12 28 1.798563
12 54 55 55 12 29 1.780853
12 56 57 57 12 30 1.764309
12 58 59 59 12 31 1.747799
12 60 61 61 12 32 1.742513
12 62 64 63 12 33 1.727717
12 65 67 66 12 34 1.702504
12 68 70 69 12 35 1.689721
12 71 73 72 12 36 1.683120
12 74 76 75 12 37 1.672963
12 77 79 78 12 38 1.659486
12 80 82 81 12 39 1.642445
12 83 85 84 12 40 1.633001
12 86 88 87 12 41 1.624326
12 89 91 90 12 42 1.615958
12 92 94 93 12 43 1.607451
12 95 97 96 12 44 1.594026
12 98 100 99 12 45 1.592480
12 101 103 102 12 46 1.575374
12 104 109 107 12 47 1.566452
12 110 115 113 12 48 1.546732
12 116 121 119 12 49 1.538094
12 122 127 125 12 50 1.529059
12 128 133 131 12 51 1.518240
12 134 139 137 12 52 1.503930
12 140 145 143 12 53 1.501051
12 146 151 149 12 54 1.485089
12 152 157 155 12 55 1.484020
12 158 163 161 12 56 1.473472
12 164 169 167 12 57 1.470491
12 170 175 173 12 58 1.461881
12 176 181 179 12 59 1.454655
12 182 187 185 12 60 1.437353
12 188 193 191 12 61 1.431640
12 194 254 224 12 62 1.418868
12 255 255 255 12 63 1.396402
13 0 0 0 13 0 1.000000   # ieta [14], pt 0
13 1 15 8 13 1 2.468283
13 16 16 16 13 2 2.446189
13 17 17 17 13 3 2.409042
13 18 18 18 13 4 2.385703
13 19 19 19 13 5 2.386700
13 20 20 20 13 6 2.361113
13 21 21 21 13 7 2.328915
13 22 22 22 13 8 2.313239
13 23 23 23 13 9 2.271817
13 24 24 24 13 10 2.255947
13 25 25 25 13 11 2.228640
13 26 26 26 13 12 2.205867
13 27 27 27 13 13 2.171872
13 28 28 28 13 14 2.153530
13 29 29 29 13 15 2.137686
13 30 30 30 13 16 2.130572
13 31 31 31 13 17 2.088979
13 32 33 33 13 18 2.061788
13 34 35 35 13 19 2.042105
13 36 37 37 13 20 2.005112
13 38 39 39 13 21 1.977111
13 40 41 41 13 22 1.953531
13 42 43 43 13 23 1.933363
13 44 45 45 13 24 1.898855
13 46 47 47 13 25 1.877523
13 48 49 49 13 26 1.856353
13 50 51 51 13 27 1.836752
13 52 53 53 13 28 1.822473
13 54 55 55 13 29 1.805145
13 56 57 57 13 30 1.788062
13 58 59 59 13 31 1.769510
13 60 61 61 13 32 1.764631
13 62 64 63 13 33 1.751797
13 65 67 66 13 34 1.727830
13 68 70 69 13 35 1.716589
13 71 73 72 13 36 1.707464
13 74 76 75 13 37 1.694008
13 77 79 78 13 38 1.678391
13 80 82 81 13 39 1.660788
13 83 85 84 13 40 1.651533
13 86 88 87 13 41 1.643117
13 89 91 90 13 42 1.634731
13 92 94 93 13 43 1.625981
13 95 97 96 13 44 1.611401
13 98 100 99 13 45 1.609163
13 101 103 102 13 46 1.592103
13 104 109 107 13 47 1.583573
13 110 115 113 13 48 1.562489
13 116 121 119 13 49 1.553117
13 122 127 125 13 50 1.543421
13 128 133 131 13 51 1.532491
13 134 139 137 13 52 1.518546
13 140 145 143 13 53 1.515743
13 146 151 149 13 54 1.499625
13 152 157 155 13 55 1.498546
13 158 163 161 13 56 1.487894
13 164 169 167 13 57 1.484875
13 170 175 173 13 58 1.476551
13 176 181 179 13 59 1.470159
13 182 187 185 13 60 1.452819
13 188 193 191 13 61 1.447354
13 194 254 224 13 62 1.435031
13 255 255 255 13 63 1.412632
14 0 0 0 14 0 1.000000   # ieta [15], pt 0
14 1 15 8 14 1 2.467133
14 16 16 16 14 2 2.445050
14 17 17 17 14 3 2.407920
14 18 18 18 14 4 2.384592
14 19 19 19 14 5 2.385589
14 20 20 20 14 6 2.360339
14 21 21 21 14 7 2.328915
14 22 22 22 14 8 2.313073
14 23 23 23 14 9 2.271654
14 24 24 24 14 10 2.256171
14 25 25 25 14 11 2.228408
14 26 26 26 14 12 2.206618
14 27 27 27 14 13 2.172698
14 28 28 28 14 14 2.154349
14 29 29 29 14 15 2.138500
14 30 30 30 14 16 2.131383
14 31 31 31 14 17 2.089774
14 32 33 33 14 18 2.072150
14 34 35 35 14 19 2.053349
14 36 37 37 14 20 2.017022
14 38 39 39 14 21 1.990636
14 40 41 41 14 22 1.968533
14 42 43 43 14 23 1.948241
14 44 45 45 14 24 1.916016
14 46 47 47 14 25 1.897552
14 48 49 49 14 26 1.878965
14 50 51 51 14 27 1.862054
14 52 53 53 14 28 1.849056
14 54 55 55 14 29 1.831360
14 56 57 57 14 30 1.815310
14 58 59 59 14 31 1.797877
14 60 61 61 14 32 1.789700
14 62 64 63 14 33 1.774536
14 65 67 66 14 34 1.750023
14 68 70 69 14 35 1.738699
14 71 73 72 14 36 1.729222
14 74 76 75 14 37 1.714176
14 77 79 78 14 38 1.697603
14 80 82 81 14 39 1.679118
14 83 85 84 14 40 1.669445
14 86 88 87 14 41 1.660565
14 89 91 90 14 42 1.652090
14 92 94 93 14 43 1.643860
14 95 97 96 14 44 1.630342
14 98 100 99 14 45 1.627936
14 101 103 102 14 46 1.610930
14 104 109 107 14 47 1.602665
14 110 115 113 14 48 1.581128
14 116 121 119 14 49 1.571643
14 122 127 125 14 50 1.561832
14 128 133 131 14 51 1.553490
14 134 139 137 14 52 1.537488
14 140 145 143 14 53 1.535029
14 146 151 149 14 54 1.518706
14 152 157 155 14 55 1.517667
14 158 163 161 14 56 1.506933
14 164 169 167 14 57 1.503876
14 170 175 173 14 58 1.495445
14 176 181 179 14 59 1.489115
14 182 187 185 14 60 1.471834
14 188 193 191 14 61 1.466297
14 194 254 224 14 62 1.455490
14 255 255 255 14 63 1.434016
15 0 0 0 15 0 1.000000   # ieta [16], pt 0
15 1 15 8 15 1 2.389842
15 16 16 16 15 2 2.388714
15 17 17 17 15 3 2.355082
15 18 18 18 15 4 2.345944
15 19 19 19 15 5 2.348530
15 20 20 20 15 6 2.328070
15 21 21 21 15 7 2.303959
15 22 22 22 15 8 2.289998
15 23 23 23 15 9 2.263549
15 24 24 24 15 10 2.245516
15 25 25 25 15 11 2.217963
15 26 26 26 15 12 2.196275
15 27 27 27 15 13 2.162515
15 28 28 28 15 14 2.157686
15 29 29 29 15 15 2.141812
15 30 30 30 15 16 2.130715
15 31 31 31 15 17 2.089120
15 32 33 33 15 18 2.074511
15 34 35 35 15 19 2.058987
15 36 37 37 15 20 2.030551
15 38 39 39 15 21 2.015941
15 40 41 41 15 22 1.995565
15 42 43 43 15 23 1.975179
15 44 45 45 15 24 1.944888
15 46 47 47 15 25 1.927992
15 48 49 49 15 26 1.909326
15 50 51 51 15 27 1.892142
15 52 53 53 15 28 1.878999
15 54 55 55 15 29 1.860116
15 56 57 57 15 30 1.844355
15 58 59 59 15 31 1.828755
15 60 61 61 15 32 1.822152
15 62 64 63 15 33 1.808782
15 65 67 66 15 34 1.784513
15 68 70 69 15 35 1.774796
15 71 73 72 15 36 1.765777
15 74 76 75 15 37 1.749979
15 77 79 78 15 38 1.733021
15 80 82 81 15 39 1.714150
15 83 85 84 15 40 1.704275
15 86 88 87 15 41 1.695210
15 89 91 90 15 42 1.686559
15 92 94 93 15 43 1.678883
15 95 97 96 15 44 1.668301
15 98 100 99 15 45 1.665429
15 101 103 102 15 46 1.647874
15 104 109 107 15 47 1.639419
15 110 115 113 15 48 1.617515
15 116 121 119 15 49 1.607876
15 122 127 125 15 50 1.597838
15 128 133 131 15 51 1.589304
15 134 139 137 15 52 1.574011
15 140 145 143 15 53 1.571605
15 146 151 149 15 54 1.555673
15 152 157 155 15 55 1.554999
15 158 163 161 15 56 1.544001
15 164 169 167 15 57 1.540869
15 170 175 173 15 58 1.532220
15 176 181 179 15 59 1.525655
15 182 187 185 15 60 1.507951
15 188 193 191 15 61 1.502600
15 194 254 224 15 62 1.494037
15 255 255 255 15 63 1.479683
16 0 0 0 16 0 1.000000   # ieta [17], pt 0
16 1 15 8 16 1 2.597315
16 16 16 16 16 2 2.549272
16 17 17 17 16 3 2.505392
16 18 18 18 16 4 2.460550
16 19 19 19 16 5 2.461131
16 20 20 20 16 6 2.438782
16 21 21 21 16 7 2.398903
16 22 22 22 16 8 2.391507
16 23 23 23 16 9 2.355425
16 24 24 24 16 10 2.337767
16 25 25 25 16 11 2.307029
16 26 26 26 16 12 2.278596
16 27 27 27 16 13 2.244070
16 28 28 28 16 14 2.225864
16 29 29 29 16 15 2.209489
16 30 30 30 16 16 2.202135
16 31 31 31 16 17 2.158553
16 32 33 33 16 18 2.146268
16 34 35 35 16 19 2.134235
16 36 37 37 16 20 2.109099
16 38 39 39 16 21 2.093313
16 40 41 41 16 22 2.069214
16 42 43 43 16 23 2.045362
16 44 45 45 16 24 2.012044
16 46 47 47 16 25 1.993650
16 48 49 49 16 26 1.975099
16 50 51 51 16 27 1.955790
16 52 53 53 16 28 1.942591
16 54 55 55 16 29 1.923069
16 56 57 57 16 30 1.909237
16 58 59 59 16 31 1.890574
16 60 61 61 16 32 1.881389
16 62 64 63 16 33 1.865582
16 65 67 66 16 34 1.841730
16 68 70 69 16 35 1.829115
16 71 73 72 16 36 1.817089
16 74 76 75 16 37 1.799674
16 77 79 78 16 38 1.781718
16 80 82 81 16 39 1.762317
16 83 85 84 16 40 1.752163
16 86 88 87 16 41 1.742844
16 89 91 90 16 42 1.733924
16 92 94 93 16 43 1.725883
16 95 97 96 16 44 1.715005
16 98 100 99 16 45 1.712052
16 101 103 102 16 46 1.694005
16 104 109 107 16 47 1.685313
16 110 115 113 16 48 1.662796
16 116 121 119 16 49 1.652887
16 122 127 125 16 50 1.642568
16 128 133 131 16 51 1.633796
16 134 139 137 16 52 1.618074
16 140 145 143 16 53 1.615602
16 146 151 149 16 54 1.599223
16 152 157 155 16 55 1.598530
16 158 163 161 16 56 1.587225
16 164 169 167 16 57 1.583995
16 170 175 173 16 58 1.575052
16 176 181 179 16 59 1.568304
16 182 187 185 16 60 1.550104
16 188 193 191 16 61 1.544605
16 194 254 224 16 62 1.535802
16 255 255 255 16 63 1.521047
17 0 0 0 17 0 1.000000   # ieta [18], pt 0
17 1 15 8 17 1 2.480976
17 16 16 16 17 2 2.459222
17 17 17 17 17 3 2.421908
17 18 18 18 17 4 2.393085
17 19 19 19 17 5 2.392274
17 20 20 20 17 6 2.375518
17 21 21 21 17 7 2.329491
17 22 22 22 17 8 2.310557
17 23 23 23 17 9 2.275509
17 24 24 24 17 10 2.254634
17 25 25 25 17 11 2.227492
17 26 26 26 17 12 2.204372
17 27 27 27 17 13 2.170226
17 28 28 28 17 14 2.150676
17 29 29 29 17 15 2.134564
17 30 30 30 17 16 2.127460
17 31 31 31 17 17 2.085355
17 32 33 33 17 18 2.065299
17 34 35 35 17 19 2.049115
17 36 37 37 17 20 2.015903
17 38 39 39 17 21 1.993922
17 40 41 41 17 22 1.968915
17 42 43 43 17 23 1.947027
17 44 45 45 17 24 1.914044
17 46 47 47 17 25 1.895034
17 48 49 49 17 26 1.876270
17 50 51 51 17 27 1.859483
17 52 53 53 17 28 1.846867
17 54 55 55 17 29 1.828307
17 56 57 57 17 30 1.815786
17 58 59 59 17 31 1.798731
17 60 61 61 17 32 1.792652
17 62 64 63 17 33 1.777049
17 65 67 66 17 34 1.749982
17 68 70 69 17 35 1.740317
17 71 73 72 17 36 1.731443
17 74 76 75 17 37 1.716156
17 77 79 78 17 38 1.699211
17 80 82 81 17 39 1.679482
17 83 85 84 17 40 1.669282
17 86 88 87 17 41 1.660403
17 89 91 90 17 42 1.651905
17 92 94 93 17 43 1.642354
17 95 97 96 17 44 1.631519
17 98 100 99 17 45 1.629032
17 101 103 102 17 46 1.611861
17 104 109 107 17 47 1.603017
17 110 115 113 17 48 1.579527
17 116 121 119 17 49 1.567964
17 122 127 125 17 50 1.556563
17 128 133 131 17 51 1.546106
17 134 139 137 17 52 1.531228
17 140 145 143 17 53 1.528888
17 146 151 149 17 54 1.513372
17 152 157 155 17 55 1.512633
17 158 163 161 17 56 1.502711
17 164 169 167 17 57 1.499671
17 170 175 173 17 58 1.491294
17 176 181 179 17 59 1.484966
17 182 187 185 17 60 1.467557
17 188 193 191 17 61 1.461792
17 194 254 224 17 62 1.453556
17 255 255 255 17 63 1.439504
18 0 0 0 18 0 1.000000   # ieta [19], pt 0
18 1 15 8 18 1 2.502307
18 16 16 16 18 2 2.480857
18 17 17 17 18 3 2.443214
18 18 18 18 18 4 2.413696
18 19 19 19 18 5 2.412879
18 20 20 20 18 6 2.394697
18 21 21 21 18 7 2.348298
18 22 22 22 18 8 2.297533
18 23 23 23 18 9 2.280241
18 24 24 24 18 10 2.258427
18 25 25 25 18 11 2.231239
18 26 26 26 18 12 2.208080
18 27 27 27 18 13 2.173877
18 28 28 28 18 14 2.154294
18 29 29 29 18 15 2.138154
18 30 30 30 18 16 2.131038
18 31 31 31 18 17 2.088863
18 32 33 33 18 18 2.068773
18 34 35 35 18 19 2.052562
18 36 37 37 18 20 2.019106
18 38 39 39 18 21 1.996906
18 40 41 41 18 22 1.969973
18 42 43 43 18 23 1.947931
18 44 45 45 18 24 1.914814
18 46 47 47 18 25 1.895820
18 48 49 49 18 26 1.877049
18 50 51 51 18 27 1.860255
18 52 53 53 18 28 1.847633
18 54 55 55 18 29 1.828986
18 56 57 57 18 30 1.816380
18 58 59 59 18 31 1.799100
18 60 61 61 18 32 1.792336
18 62 64 63 18 33 1.776154
18 65 67 66 18 34 1.749101
18 68 70 69 18 35 1.738202
18 71 73 72 18 36 1.728265
18 74 76 75 18 37 1.713006
18 77 79 78 18 38 1.696092
18 80 82 81 18 39 1.676398
18 83 85 84 18 40 1.666217
18 86 88 87 18 41 1.657355
18 89 91 90 18 42 1.648872
18 92 94 93 18 43 1.639339
18 95 97 96 18 44 1.628523
18 98 100 99 18 45 1.626212
18 101 103 102 18 46 1.609408
18 104 109 107 18 47 1.600578
18 110 115 113 18 48 1.577123
18 116 121 119 18 49 1.565577
18 122 127 125 18 50 1.554194
18 128 133 131 18 51 1.543753
18 134 139 137 18 52 1.528898
18 140 145 143 18 53 1.526561
18 146 151 149 18 54 1.511069
18 152 157 155 18 55 1.510331
18 158 163 161 18 56 1.500424
18 164 169 167 18 57 1.497390
18 170 175 173 18 58 1.489032
18 176 181 179 18 59 1.482714
18 182 187 185 18 60 1.462505
18 188 193 191 18 61 1.457228
18 194 254 224 18 62 1.449642
18 255 255 255 18 63 1.436157
19 0 0 0 19 0 1.000000   # ieta [20], pt 0
19 1 15 8 19 1 2.459087
19 16 16 16 19 2 2.439647
19 17 17 17 19 3 2.397600
19 18 18 18 19 4 2.356370
19 19 19 19 19 5 2.355572
19 20 20 20 19 6 2.314977
19 21 21 21 19 7 2.265760
19 22 22 22 19 8 2.247476
19 23 23 23 19 9 2.204143
19 24 24 24 19 10 2.186336
19 25 25 25 19 11 2.147318
19 26 26 26 19 12 2.125484
19 27 27 27 19 13 2.096135
19 28 28 28 19 14 2.077640
19 29 29 29 19 15 2.059100
19 30 30 30 19 16 2.052247
19 31 31 31 19 17 2.024450
19 32 33 33 19 18 2.008487
19 34 35 35 19 19 1.993267
19 36 37 37 19 20 1.958537
19 38 39 39 19 21 1.910462
19 40 41 41 19 22 1.905331
19 42 43 43 19 23 1.888291
19 44 45 45 19 24 1.855360
19 46 47 47 19 25 1.835350
19 48 49 49 19 26 1.811393
19 50 51 51 19 27 1.796233
19 52 53 53 19 28 1.781046
19 54 55 55 19 29 1.768166
19 56 57 57 19 30 1.756930
19 58 59 59 19 31 1.741175
19 60 61 61 19 32 1.735471
19 62 64 63 19 33 1.720983
19 65 67 66 19 34 1.696430
19 68 70 69 19 35 1.686677
19 71 73 72 19 36 1.680528
19 74 76 75 19 37 1.671980
19 77 79 78 19 38 1.659204
19 80 82 81 19 39 1.642238
19 83 85 84 19 40 1.633125
19 86 88 87 19 41 1.626935
19 89 91 90 19 42 1.619954
19 92 94 93 19 43 1.609895
19 95 97 96 19 44 1.599770
19 98 100 99 19 45 1.598504
19 101 103 102 19 46 1.586244
19 104 109 107 19 47 1.577587
19 110 115 113 19 48 1.556771
19 116 121 119 19 49 1.543327
19 122 127 125 19 50 1.532020
19 128 133 131 19 51 1.521727
19 134 139 137 19 52 1.507084
19 140 145 143 19 53 1.504781
19 146 151 149 19 54 1.489510
19 152 157 155 19 55 1.488783
19 158 163 161 19 56 1.479609
19 164 169 167 19 57 1.476689
19 170 175 173 19 58 1.468441
19 176 181 179 19 59 1.462211
19 182 187 185 19 60 1.442215
19 188 193 191 19 61 1.436686
19 194 254 224 19 62 1.429106
19 255 255 255 19 63 1.415766
20 0 0 0 20 0 1.000000   # ieta [21], pt 0
20 1 15 8 20 1 2.437834
20 16 16 16 20 2 2.414442
20 17 17 17 20 3 2.365108
20 18 18 18 20 4 2.316538
20 19 19 19 20 5 2.314771
20 20 20 20 20 6 2.275253
20 21 21 21 20 7 2.228781
20 22 22 22 20 8 2.211958
20 23 23 23 20 9 2.166966
20 24 24 24 20 10 2.146976
20 25 25 25 20 11 2.124117
20 26 26 26 20 12 2.094947
20 27 27 27 20 13 2.067528
20 28 28 28 20 14 2.050673
20 29 29 29 20 15 2.030379
20 30 30 30 20 16 2.023621
20 31 31 31 20 17 1.978862
20 32 33 33 20 18 1.957495
20 34 35 35 20 19 1.940198
20 36 37 37 20 20 1.900800
20 38 39 39 20 21 1.852571
20 40 41 41 20 22 1.850570
20 42 43 43 20 23 1.835826
20 44 45 45 20 24 1.810653
20 46 47 47 20 25 1.796154
20 48 49 49 20 26 1.783042
20 50 51 51 20 27 1.768940
20 52 53 53 20 28 1.756186
20 54 55 55 20 29 1.737018
20 56 57 57 20 30 1.723645
20 58 59 59 20 31 1.705931
20 60 61 61 20 32 1.699605
20 62 64 63 20 33 1.687727
20 65 67 66 20 34 1.668126
20 68 70 69 20 35 1.660006
20 71 73 72 20 36 1.655641
20 74 76 75 20 37 1.647220
20 77 79 78 20 38 1.635667
20 80 82 81 20 39 1.619267
20 83 85 84 20 40 1.610427
20 86 88 87 20 41 1.602211
20 89 91 90 20 42 1.598519
20 92 94 93 20 43 1.591947
20 95 97 96 20 44 1.581321
20 98 100 99 20 45 1.577077
20 101 103 102 20 46 1.560817
20 104 109 107 20 47 1.552154
20 110 115 113 20 48 1.526854
20 116 121 119 20 49 1.512979
20 122 127 125 20 50 1.504524
20 128 133 131 20 51 1.496488
20 134 139 137 20 52 1.482088
20 140 145 143 20 53 1.479823
20 146 151 149 20 54 1.464806
20 152 157 155 20 55 1.464090
20 158 163 161 20 56 1.455433
20 164 169 167 20 57 1.452579
20 170 175 173 20 58 1.444466
20 176 181 179 20 59 1.438338
20 182 187 185 20 60 1.418743
20 188 193 191 20 61 1.412625
20 194 254 224 20 62 1.405172
20 255 255 255 20 63 1.392055
21 0 0 0 21 0 1.000000   # ieta [22], pt 0
21 1 15 8 21 1 2.400316
21 16 16 16 21 2 2.371644
21 17 17 17 21 3 2.309923
21 18 18 18 21 4 2.251570
21 19 19 19 21 5 2.247525
21 20 20 20 21 6 2.197169
21 21 21 21 21 7 2.120909
21 22 22 22 21 8 2.107153
21 23 23 23 21 9 2.072531
21 24 24 24 21 10 2.060142
21 25 25 25 21 11 2.040147
21 26 26 26 21 12 2.016747
21 27 27 27 21 13 2.009994
21 28 28 28 21 14 2.002725
21 29 29 29 21 15 1.994837
21 30 30 30 21 16 1.985385
21 31 31 31 21 17 1.944277
21 32 33 33 21 18 1.926052
21 34 35 35 21 19 1.906799
21 36 37 37 21 20 1.861650
21 38 39 39 21 21 1.813571
21 40 41 41 21 22 1.813307
21 42 43 43 21 23 1.801448
21 44 45 45 21 24 1.784943
21 46 47 47 21 25 1.770354
21 48 49 49 21 26 1.755552
21 50 51 51 21 27 1.740601
21 52 53 53 21 28 1.730569
21 54 55 55 21 29 1.716197
21 56 57 57 21 30 1.704070
21 58 59 59 21 31 1.686447
21 60 61 61 21 32 1.680115
21 62 64 63 21 33 1.666691
21 65 67 66 21 34 1.643292
21 68 70 69 21 35 1.635293
21 71 73 72 21 36 1.630993
21 74 76 75 21 37 1.623238
21 77 79 78 21 38 1.617403
21 80 82 81 21 39 1.603268
21 83 85 84 21 40 1.594234
21 86 88 87 21 41 1.586228
21 89 91 90 21 42 1.582826
21 92 94 93 21 43 1.576319
21 95 97 96 21 44 1.566524
21 98 100 99 21 45 1.562105
21 101 103 102 21 46 1.547959
21 104 109 107 21 47 1.543240
21 110 115 113 21 48 1.514388
21 116 121 119 21 49 1.499789
21 122 127 125 21 50 1.491150
21 128 133 131 21 51 1.483186
21 134 139 137 21 52 1.468914
21 140 145 143 21 53 1.466582
21 146 151 149 21 54 1.448638
21 152 157 155 21 55 1.447931
21 158 163 161 21 56 1.436477
21 164 169 167 21 57 1.432573
21 170 175 173 21 58 1.424571
21 176 181 179 21 59 1.418527
21 182 187 185 21 60 1.401185
21 188 193 191 21 61 1.395143
21 194 254 224 21 62 1.388061
21 255 255 255 21 63 1.375284
22 0 0 0 22 0 1.000000   # ieta [23], pt 0
22 1 15 8 22 1 2.299285
22 16 16 16 22 2 2.277534
22 17 17 17 22 3 2.236412
22 18 18 18 22 4 2.200997
22 19 19 19 22 5 2.197043
22 20 20 20 22 6 2.173770
22 21 21 21 22 7 2.097496
22 22 22 22 22 8 2.082310
22 23 23 23 22 9 2.049317
22 24 24 24 22 10 2.037096
22 25 25 25 22 11 2.017325
22 26 26 26 22 12 1.993578
22 27 27 27 22 13 1.964819
22 28 28 28 22 14 1.962329
22 29 29 29 22 15 1.944388
22 30 30 30 22 16 1.935174
22 31 31 31 22 17 1.895106
22 32 33 33 22 18 1.889295
22 34 35 35 22 19 1.875739
22 36 37 37 22 20 1.833768
22 38 39 39 22 21 1.773554
22 40 41 41 22 22 1.766091
22 42 43 43 22 23 1.750838
22 44 45 45 22 24 1.733618
22 46 47 47 22 25 1.718284
22 48 49 49 22 26 1.703308
22 50 51 51 22 27 1.688732
22 52 53 53 22 28 1.681499
22 54 55 55 22 29 1.673009
22 56 57 57 22 30 1.667142
22 58 59 59 22 31 1.654105
22 60 61 61 22 32 1.647239
22 62 64 63 22 33 1.630510
22 65 67 66 22 34 1.602883
22 68 70 69 22 35 1.593158
22 71 73 72 22 36 1.593020
22 74 76 75 22 37 1.588099
22 77 79 78 22 38 1.578312
22 80 82 81 22 39 1.563546
22 83 85 84 22 40 1.555570
22 86 88 87 22 41 1.549062
22 89 91 90 22 42 1.546572
22 92 94 93 22 43 1.542810
22 95 97 96 22 44 1.533224
22 98 100 99 22 45 1.529128
22 101 103 102 22 46 1.519573
22 104 109 107 22 47 1.516786
22 110 115 113 22 48 1.498886
22 116 121 119 22 49 1.487131
22 122 127 125 22 50 1.480878
22 128 133 131 22 51 1.474820
22 134 139 137 22 52 1.461348
22 140 145 143 22 53 1.459092
22 146 151 149 22 54 1.441240
22 152 157 155 22 55 1.440536
22 158 163 161 22 56 1.427500
22 164 169 167 22 57 1.422819
22 170 175 173 22 58 1.415348
22 176 181 179 22 59 1.409565
22 182 187 185 22 60 1.389884
22 188 193 191 22 61 1.383985
22 194 254 224 22 62 1.376960
22 255 255 255 22 63 1.364285
23 0 0 0 23 0 1.000000   # ieta [24], pt 0
23 1 15 8 23 1 2.248844
23 16 16 16 23 2 2.220273
23 17 17 17 23 3 2.179095
23 18 18 18 23 4 2.133075
23 19 19 19 23 5 2.127584
23 20 20 20 23 6 2.095861
23 21 21 21 23 7 2.047501
23 22 22 22 23 8 2.033200
23 23 23 23 23 9 1.991425
23 24 24 24 23 10 1.969620
23 25 25 25 23 11 1.951823
23 26 26 26 23 12 1.927935
23 27 27 27 23 13 1.898520
23 28 28 28 23 14 1.890776
23 29 29 29 23 15 1.865425
23 30 30 30 23 16 1.856586
23 31 31 31 23 17 1.829301
23 32 33 33 23 18 1.822329
23 34 35 35 23 19 1.805326
23 36 37 37 23 20 1.772410
23 38 39 39 23 21 1.722241
23 40 41 41 23 22 1.719401
23 42 43 43 23 23 1.703538
23 44 45 45 23 24 1.685304
23 46 47 47 23 25 1.674967
23 48 49 49 23 26 1.664808
23 50 51 51 23 27 1.654765
23 52 53 53 23 28 1.649213
23 54 55 55 23 29 1.637850
23 56 57 57 23 30 1.632106
23 58 59 59 23 31 1.618859
23 60 61 61 23 32 1.612514
23 62 64 63 23 33 1.601267
23 65 67 66 23 34 1.573942
23 68 70 69 23 35 1.559564
23 71 73 72 23 36 1.557440
23 74 76 75 23 37 1.549794
23 77 79 78 23 38 1.538966
23 80 82 81 23 39 1.523772
23 83 85 84 23 40 1.515031
23 86 88 87 23 41 1.507891
23 89 91 90 23 42 1.505353
23 92 94 93 23 43 1.500763
23 95 97 96 23 44 1.492284
23 98 100 99 23 45 1.487383
23 101 103 102 23 46 1.473272
23 104 109 107 23 47 1.470098
23 110 115 113 23 48 1.451509
23 116 121 119 23 49 1.441081
23 122 127 125 23 50 1.434949
23 128 133 131 23 51 1.430057
23 134 139 137 23 52 1.419801
23 140 145 143 23 53 1.417957
23 146 151 149 23 54 1.400424
23 152 157 155 23 55 1.399981
23 158 163 161 23 56 1.390187
23 164 169 167 23 57 1.386647
23 170 175 173 23 58 1.379366
23 176 181 179 23 59 1.373730
23 182 187 185 23 60 1.354497
23 188 193 191 23 61 1.348486
23 194 254 224 23 62 1.341998
23 255 255 255 23 63 1.330933
24 0 0 0 24 0 1.000000   # ieta [25], pt 0
24 1 15 8 24 1 2.204937
24 16 16 16 24 2 2.174300
24 17 17 17 24 3 2.130341
24 18 18 18 24 4 2.078869
24 19 19 19 24 5 2.075599
24 20 20 20 24 6 2.046422
24 21 21 21 24 7 2.007558
24 22 22 22 24 8 1.997927
24 23 23 23 24 9 1.967582
24 24 24 24 24 10 1.944373
24 25 25 25 24 11 1.928979
24 26 26 26 24 12 1.910384
24 27 27 27 24 13 1.892081
24 28 28 28 24 14 1.885965
24 29 29 29 24 15 1.863144
24 30 30 30 24 16 1.854316
24 31 31 31 24 17 1.827693
24 32 33 33 24 18 1.819609
24 34 35 35 24 19 1.802420
24 36 37 37 24 20 1.770272
24 38 39 39 24 21 1.721081
24 40 41 41 24 22 1.718340
24 42 43 43 24 23 1.702487
24 44 45 45 24 24 1.682325
24 46 47 47 24 25 1.673933
24 48 49 49 24 26 1.663780
24 50 51 51 24 27 1.653743
24 52 53 53 24 28 1.648194
24 54 55 55 24 29 1.636839
24 56 57 57 24 30 1.631098
24 58 59 59 24 31 1.617859
24 60 61 61 24 32 1.611518
24 62 64 63 24 33 1.600278
24 65 67 66 24 34 1.572970
24 68 70 69 24 35 1.558459
24 71 73 72 24 36 1.556369
24 74 76 75 24 37 1.548933
24 77 79 78 24 38 1.538111
24 80 82 81 24 39 1.522316
24 83 85 84 24 40 1.513009
24 86 88 87 24 41 1.505340
24 89 91 90 24 42 1.502806
24 92 94 93 24 43 1.498224
24 95 97 96 24 44 1.489759
24 98 100 99 24 45 1.484790
24 101 103 102 24 46 1.470551
24 104 109 107 24 47 1.467382
24 110 115 113 24 48 1.448973
24 116 121 119 24 49 1.439285
24 122 127 125 24 50 1.433161
24 128 133 131 24 51 1.430156
24 134 139 137 24 52 1.421322
24 140 145 143 24 53 1.418308
24 146 151 149 24 54 1.400770
24 152 157 155 24 55 1.400464
24 158 163 161 24 56 1.391475
24 164 169 167 24 57 1.387931
24 170 175 173 24 58 1.380644
24 176 181 179 24 59 1.375003
24 182 187 185 24 60 1.355926
24 188 193 191 24 61 1.349909
24 194 254 224 24 62 1.343256
24 255 255 255 24 63 1.330965
25 0 0 0 25 0 1.000000   # ieta [26], pt 0
25 1 15 8 25 1 2.127652
25 16 16 16 25 2 2.101310
25 17 17 17 25 3 2.049515
25 18 18 18 25 4 1.980873
25 19 19 19 25 5 1.969880
25 20 20 20 25 6 1.925618
25 21 21 21 25 7 1.884635
25 22 22 22 25 8 1.870459
25 23 23 23 25 9 1.818404
25 24 24 24 25 10 1.795175
25 25 25 25 25 11 1.783882
25 26 26 26 25 12 1.780523
25 27 27 27 25 13 1.775694
25 28 28 28 25 14 1.777288
25 29 29 29 25 15 1.777513
25 30 30 30 25 16 1.781506
25 31 31 31 25 17 1.784727
25 32 33 33 25 18 1.764599
25 34 35 35 25 19 1.745246
25 36 37 37 25 20 1.716323
25 38 39 39 25 21 1.668184
25 40 41 41 25 22 1.665051
25 42 43 43 25 23 1.646781
25 44 45 45 25 24 1.632590
25 46 47 47 25 25 1.629707
25 48 49 49 25 26 1.626202
25 50 51 51 25 27 1.608327
25 52 53 53 25 28 1.605079
25 54 55 55 25 29 1.599974
25 56 57 57 25 30 1.597800
25 58 59 59 25 31 1.588402
25 60 61 61 25 32 1.586431
25 62 64 63 25 33 1.574058
25 65 67 66 25 34 1.543371
25 68 70 69 25 35 1.517393
25 71 73 72 25 36 1.515475
25 74 76 75 25 37 1.503593
25 77 79 78 25 38 1.482355
25 80 82 81 25 39 1.464254
25 83 85 84 25 40 1.454921
25 86 88 87 25 41 1.448338
25 89 91 90 25 42 1.446896
25 92 94 93 25 43 1.444852
25 95 97 96 25 44 1.439324
25 98 100 99 25 45 1.434125
25 101 103 102 25 46 1.424093
25 104 109 107 25 47 1.421787
25 110 115 113 25 48 1.408480
25 116 121 119 25 49 1.394168
25 122 127 125 25 50 1.388463
25 128 133 131 25 51 1.389582
25 134 139 137 25 52 1.381289
25 140 145 143 25 53 1.376897
25 146 151 149 25 54 1.362941
25 152 157 155 25 55 1.362410
25 158 163 161 25 56 1.355161
25 164 169 167 25 57 1.352125
25 170 175 173 25 58 1.345071
25 176 181 179 25 59 1.340050
25 182 187 185 25 60 1.326861
25 188 193 191 25 61 1.321645
25 194 254 224 25 62 1.316615
25 255 255 255 25 63 1.307736
26 0 0 0 26 0 1.000000   # ieta [27], pt 0
26 1 15 8 26 1 2.293366
26 16 16 16 26 2 2.240952
26 17 17 17 26 3 2.187716
26 18 18 18 26 4 2.096269
26 19 19 19 26 5 2.048262
26 20 20 20 26 6 1.981426
26 21 21 21 26 7 1.918278
26 22 22 22 26 8 1.899667
26 23 23 23 26 9 1.840700
26 24 24 24 26 10 1.817014
26 25 25 25 26 11 1.811375
26 26 26 26 26 12 1.807908
26 27 27 27 26 13 1.761844
26 28 28 28 26 14 1.784017
26 29 29 29 26 15 1.784243
26 30 30 30 26 16 1.788251
26 31 31 31 26 17 1.774303
26 32 33 33 26 18 1.753569
26 34 35 35 26 19 1.734638
26 36 37 37 26 20 1.697584
26 38 39 39 26 21 1.650774
26 40 41 41 26 22 1.640907
26 42 43 43 26 23 1.619144
26 44 45 45 26 24 1.609341
26 46 47 47 26 25 1.607608
26 48 49 49 26 26 1.599461
26 50 51 51 26 27 1.577271
26 52 53 53 26 28 1.558174
26 54 55 55 26 29 1.553242
26 56 57 57 26 30 1.551574
26 58 59 59 26 31 1.542865
26 60 61 61 26 32 1.540951
26 62 64 63 26 33 1.527081
26 65 67 66 26 34 1.505982
26 68 70 69 26 35 1.481077
26 71 73 72 26 36 1.481556
26 74 76 75 26 37 1.466557
26 77 79 78 26 38 1.446407
26 80 82 81 26 39 1.429613
26 83 85 84 26 40 1.421675
26 86 88 87 26 41 1.415366
26 89 91 90 26 42 1.413310
26 92 94 93 26 43 1.409652
26 95 97 96 26 44 1.403454
26 98 100 99 26 45 1.395575
26 101 103 102 26 46 1.386884
26 104 109 107 26 47 1.383272
26 110 115 113 26 48 1.374158
26 116 121 119 26 49 1.359949
26 122 127 125 26 50 1.354803
26 128 133 131 26 51 1.356209
26 134 139 137 26 52 1.327772
26 140 145 143 26 53 1.324357
26 146 151 149 26 54 1.318647
26 152 157 155 26 55 1.318073
26 158 163 161 26 56 1.315244
26 164 169 167 26 57 1.313490
26 170 175 173 26 58 1.290531
26 176 181 179 26 59 1.290137
26 182 187 185 26 60 1.273756
26 188 193 191 26 61 1.264633
26 194 254 224 26 62 1.248850
26 255 255 255 26 63 1.152862
27 0 0 0 27 0 1.000000   # ieta [28], pt 0
27 1 15 8 27 1 2.243903
27 16 16 16 27 2 2.193931
27 17 17 17 27 3 2.142179
27 18 18 18 27 4 2.047364
27 19 19 19 27 5 2.000477
27 20 20 20 27 6 1.939548
27 21 21 21 27 7 1.880622
27 22 22 22 27 8 1.854618
27 23 23 23 27 9 1.776108
27 24 24 24 27 10 1.740223
27 25 25 25 27 11 1.718397
27 26 26 26 27 12 1.710334
27 27 27 27 27 13 1.685110
27 28 28 28 27 14 1.689353
27 29 29 29 27 15 1.673597
27 30 30 30 27 16 1.673166
27 31 31 31 27 17 1.673381
27 32 33 33 27 18 1.643953
27 34 35 35 27 19 1.643070
27 36 37 37 27 20 1.623019
27 38 39 39 27 21 1.585803
27 40 41 41 27 22 1.561012
27 42 43 43 27 23 1.521735
27 44 45 45 27 24 1.510574
27 46 47 47 27 25 1.506717
27 48 49 49 27 26 1.496666
27 50 51 51 27 27 1.476823
27 52 53 53 27 28 1.462498
27 54 55 55 27 29 1.462191
27 56 57 57 27 30 1.463267
27 58 59 59 27 31 1.460772
27 60 61 61 27 32 1.458959
27 62 64 63 27 33 1.441934
27 65 67 66 27 34 1.431238
27 68 70 69 27 35 1.406323
27 71 73 72 27 36 1.409498
27 74 76 75 27 37 1.390699
27 77 79 78 27 38 1.379416
27 80 82 81 27 39 1.374252
27 83 85 84 27 40 1.370388
27 86 88 87 27 41 1.362567
27 89 91 90 27 42 1.360694
27 92 94 93 27 43 1.357263
27 95 97 96 27 44 1.351244
27 98 100 99 27 45 1.336857
27 101 103 102 27 46 1.332982
27 104 109 107 27 47 1.329645
27 110 115 113 27 48 1.325426
27 116 121 119 27 49 1.311038
27 122 127 125 27 50 1.308180
27 128 133 131 27 51 1.311262
27 134 139 137 27 52 1.278198
27 140 145 143 27 53 1.273736
27 146 151 149 27 54 1.273006
27 152 157 155 27 55 1.272247
27 158 163 161 27 56 1.270739
27 164 169 167 27 57 1.269731
27 170 175 173 27 58 1.252371
27 176 181 179 27 59 1.255935
27 182 187 185 27 60 1.237742
27 188 193 191 27 61 1.229108
27 194 254 224 27 62 1.212341
27 255 255 255 27 63 1.106021
28 0 0 0 28 0 1.000000   # ieta [29], pt 0
28 1 15 8 28 1 2.395512
28 16 16 16 28 2 2.320168
28 17 17 17 28 3 2.202891
28 18 18 18 28 4 2.058711
28 19 19 19 28 5 2.032493
28 20 20 20 28 6 1.973763
28 21 21 21 28 7 1.913704
28 22 22 22 28 8 1.842341
28 23 23 23 28 9 1.757955
28 24 24 24 28 10 1.734238
28 25 25 25 28 11 1.701738
28 26 26 26 28 12 1.673917
28 27 27 27 28 13 1.628788
28 28 28 28 28 14 1.602383
28 29 29 29 28 15 1.577734
28 30 30 30 28 16 1.562450
28 31 31 31 28 17 1.537671
28 32 33 33 28 18 1.504294
28 34 35 35 28 19 1.485856
28 36 37 37 28 20 1.473683
28 38 39 39 28 21 1.456116
28 40 41 41 28 22 1.439773
28 42 43 43 28 23 1.431099
28 44 45 45 28 24 1.428701
28 46 47 47 28 25 1.428250
28 48 49 49 28 26 1.422875
28 50 51 51 28 27 1.413483
28 52 53 53 28 28 1.406903
28 54 55 55 28 29 1.399650
28 56 57 57 28 30 1.389405
28 58 59 59 28 31 1.385546
28 60 61 61 28 32 1.383748
28 62 64 63 28 33 1.380008
28 65 67 66 28 34 1.375297
28 68 70 69 28 35 1.362516
28 71 73 72 28 36 1.363133
28 74 76 75 28 37 1.350234
28 77 79 78 28 38 1.342249
28 80 82 81 28 39 1.336238
28 83 85 84 28 40 1.331645
28 86 88 87 28 41 1.322833
28 89 91 90 28 42 1.320210
28 92 94 93 28 43 1.311634
28 95 97 96 28 44 1.308201
28 98 100 99 28 45 1.302317
28 101 103 102 28 46 1.300619
28 104 109 107 28 47 1.296099
28 110 115 113 28 48 1.288485
28 116 121 119 28 49 1.281024
28 122 127 125 28 50 1.274093
28 128 133 131 28 51 1.271962
28 134 139 137 28 52 1.249074
28 140 145 143 28 53 1.246691
28 146 151 149 28 54 1.230244
28 152 157 155 28 55 1.221439
28 158 163 161 28 56 1.219578
28 164 169 167 28 57 1.218818
28 170 175 173 28 58 1.207457
28 176 181 179 28 59 1.206429
28 182 187 185 28 60 1.190432
28 188 193 191 28 61 1.182171
28 194 254 224 28 62 1.160278
28 255 255 255 28 63 1.107367
29 0 0 0 29 0 1.000000   # ieta [30], pt 0
29 1 15 8 29 1 2.541797
29 16 16 16 29 2 2.405981
29 17 17 17 29 3 2.262504
29 18 18 18 29 4 2.114206
29 19 19 19 29 5 2.083581
29 20 20 20 29 6 2.011313
29 21 21 21 29 7 1.939510
29 22 22 22 29 8 1.867027
29 23 23 23 29 9 1.781656
29 24 24 24 29 10 1.754973
29 25 25 25 29 11 1.714854
29 26 26 26 29 12 1.683577
29 27 27 27 29 13 1.637801
29 28 28 28 29 14 1.608748
29 29 29 29 29 15 1.582371
29 30 30 30 29 16 1.562064
29 31 31 31 29 17 1.536332
29 32 33 33 29 18 1.500886
29 34 35 35 29 19 1.477745
29 36 37 37 29 20 1.458291
29 38 39 39 29 21 1.431839
29 40 41 41 29 22 1.407014
29 42 43 43 29 23 1.395299
29 44 45 45 29 24 1.371230
29 46 47 47 29 25 1.359486
29 48 49 49 29 26 1.349923
29 50 51 51 29 27 1.336396
29 52 53 53 29 28 1.327596
29 54 55 55 29 29 1.320343
29 56 57 57 29 30 1.310032
29 58 59 59 29 31 1.307365
29 60 61 61 29 32 1.305811
29 62 64 63 29 33 1.302509
29 65 67 66 29 34 1.293995
29 68 70 69 29 35 1.283353
29 71 73 72 29 36 1.280904
29 74 76 75 29 37 1.272310
29 77 79 78 29 38 1.257867
29 80 82 81 29 39 1.257600
29 83 85 84 29 40 1.257348
29 86 88 87 29 41 1.256017
29 89 91 90 29 42 1.248258
29 92 94 93 29 43 1.237668
29 95 97 96 29 44 1.234529
29 98 100 99 29 45 1.232880
29 101 103 102 29 46 1.228035
29 104 109 107 29 47 1.225589
29 110 115 113 29 48 1.216795
29 116 121 119 29 49 1.210646
29 122 127 125 29 50 1.209613
29 128 133 131 29 51 1.207499
29 134 139 137 29 52 1.192344
29 140 145 143 29 53 1.191505
29 146 151 149 29 54 1.175013
29 152 157 155 29 55 1.165978
29 158 163 161 29 56 1.164117
29 164 169 167 29 57 1.163357
29 170 175 173 29 58 1.153419
29 176 181 179 29 59 1.150969
29 182 187 185 29 60 1.137296
29 188 193 191 29 61 1.130777
29 194 254 224 29 62 1.110940
29 255 255 255 29 63 1.059431
30 0 0 0 30 0 1.000000   # ieta [31], pt 0
30 1 15 8 30 1 2.522571
30 16 16 16 30 2 2.389951
30 17 17 17 30 3 2.251704
30 18 18 18 30 4 2.106218
30 19 19 19 30 5 2.078948
30 20 20 20 30 6 2.002907
30 21 21 21 30 7 1.922982
30 22 22 22 30 8 1.847595
30 23 23 23 30 9 1.758094
30 24 24 24 30 10 1.731069
30 25 25 25 30 11 1.688794
30 26 26 26 30 12 1.656225
30 27 27 27 30 13 1.598939
30 28 28 28 30 14 1.560780
30 29 29 29 30 15 1.536755
30 30 30 30 30 16 1.507935
30 31 31 31 30 17 1.487822
30 32 33 33 30 18 1.459026
30 34 35 35 30 19 1.413473
30 36 37 37 30 20 1.397445
30 38 39 39 30 21 1.371314
30 40 41 41 30 22 1.344029
30 42 43 43 30 23 1.331712
30 44 45 45 30 24 1.312714
30 46 47 47 30 25 1.304857
30 48 49 49 30 26 1.299472
30 50 51 51 30 27 1.292183
30 52 53 53 30 28 1.289444
30 54 55 55 30 29 1.287428
30 56 57 57 30 30 1.287214
30 58 59 59 30 31 1.286264
30 60 61 61 30 32 1.285711
30 62 64 63 30 33 1.285178
30 65 67 66 30 34 1.278047
30 68 70 69 30 35 1.267072
30 71 73 72 30 36 1.264053
30 74 76 75 30 37 1.255714
30 77 79 78 30 38 1.241780
30 80 82 81 30 39 1.241870
30 83 85 84 30 40 1.241796
30 86 88 87 30 41 1.240388
30 89 91 90 30 42 1.232823
30 92 94 93 30 43 1.222233
30 95 97 96 30 44 1.219953
30 98 100 99 30 45 1.218794
30 101 103 102 30 46 1.214069
30 104 109 107 30 47 1.213610
30 110 115 113 30 48 1.206010
30 116 121 119 30 49 1.199901
30 122 127 125 30 50 1.198867
30 128 133 131 30 51 1.196753
30 134 139 137 30 52 1.184598
30 140 145 143 30 53 1.184358
30 146 151 149 30 54 1.167866
30 152 157 155 30 55 1.158831
30 158 163 161 30 56 1.156970
30 164 169 167 30 57 1.156210
30 170 175 173 30 58 1.146273
30 176 181 179 30 59 1.143822
30 182 187 185 30 60 1.130333
30 188 193 191 30 61 1.123749
30 194 254 224 30 62 1.103911
30 255 255 255 30 63 1.052403
31 0 0 0 31 0 1.000000   # ieta [32], pt 0
31 1 15 8 31 1 2.412913
31 16 16 16 31 2 2.292431
31 17 17 17 31 3 2.172105
31 18 18 18 31 4 1.992105
31 19 19 19 31 5 1.961219
31 20 20 20 31 6 1.878914
31 21 21 21 31 7 1.780302
31 22 22 22 31 8 1.708456
31 23 23 23 31 9 1.667724
31 24 24 24 31 10 1.641455
31 25 25 25 31 11 1.580475
31 26 26 26 31 12 1.549613
31 27 27 27 31 13 1.505870
31 28 28 28 31 14 1.460976
31 29 29 29 31 15 1.437077
31 30 30 30 31 16 1.383116
31 31 31 31 31 17 1.368542
31 32 33 33 31 18 1.352649
31 34 35 35 31 19 1.308753
31 36 37 37 31 20 1.282095
31 38 39 39 31 21 1.264884
31 40 41 41 31 22 1.249627
31 42 43 43 31 23 1.243166
31 44 45 45 31 24 1.232543
31 46 47 47 31 25 1.224941
31 48 49 49 31 26 1.219368
31 50 51 51 31 27 1.209053
31 52 53 53 31 28 1.195281
31 54 55 55 31 29 1.187999
31 56 57 57 31 30 1.186235
31 58 59 59 31 31 1.184497
31 60 61 61 31 32 1.183944
31 62 64 63 31 33 1.182388
31 65 67 66 31 34 1.178248
31 68 70 69 31 35 1.172263
31 71 73 72 31 36 1.165960
31 74 76 75 31 37 1.163880
31 77 79 78 31 38 1.159201
31 80 82 81 31 39 1.157577
31 83 85 84 31 40 1.157334
31 86 88 87 31 41 1.151814
31 89 91 90 31 42 1.147750
31 92 94 93 31 43 1.142865
31 95 97 96 31 44 1.141495
31 98 100 99 31 45 1.140692
31 101 103 102 31 46 1.137986
31 104 109 107 31 47 1.139097
31 110 115 113 31 48 1.137612
31 116 121 119 31 49 1.134084
31 122 127 125 31 50 1.133413
31 128 133 131 31 51 1.133437
31 134 139 137 31 52 1.127390
31 140 145 143 31 53 1.128239
31 146 151 149 31 54 1.122613
31 152 157 155 31 55 1.119012
31 158 163 161 31 56 1.117480
31 164 169 167 31 57 1.116885
31 170 175 173 31 58 1.107792
31 176 181 179 31 59 1.105695
31 182 187 185 31 60 1.092523
31 188 193 191 31 61 1.086597
31 194 254 224 31 62 1.067473
31 255 255 255 31 63 1.016292
32 0 0 0 32 0 1.000000   # ieta [33], pt 0
32 1 15 8 32 1 2.347517
32 16 16 16 32 2 2.223287
32 17 17 17 32 3 2.078339
32 18 18 18 32 4 1.901062
32 19 19 19 32 5 1.869823
32 20 20 20 32 6 1.804975
32 21 21 21 32 7 1.711786
32 22 22 22 32 8 1.650545
32 23 23 23 32 9 1.585300
32 24 24 24 32 10 1.551144
32 25 25 25 32 11 1.501089
32 26 26 26 32 12 1.464267
32 27 27 27 32 13 1.415502
32 28 28 28 32 14 1.385425
32 29 29 29 32 15 1.366588
32 30 30 30 32 16 1.313276
32 31 31 31 32 17 1.299162
32 32 33 33 32 18 1.281046
32 34 35 35 32 19 1.238089
32 36 37 37 32 20 1.215530
32 38 39 39 32 21 1.191415
32 40 41 41 32 22 1.164639
32 42 43 43 32 23 1.152039
32 44 45 45 32 24 1.137529
32 46 47 47 32 25 1.132359
32 48 49 49 32 26 1.130927
32 50 51 51 32 27 1.127695
32 52 53 53 32 28 1.127548
32 54 55 55 32 29 1.126852
32 56 57 57 32 30 1.125670
32 58 59 59 32 31 1.122901
32 60 61 61 32 32 1.122348
32 62 64 63 32 33 1.120289
32 65 67 66 32 34 1.116699
32 68 70 69 32 35 1.115146
32 71 73 72 32 36 1.105621
32 74 76 75 32 37 1.100469
32 77 79 78 32 38 1.096395
32 80 82 81 32 39 1.094772
32 83 85 84 32 40 1.094528
32 86 88 87 32 41 1.089846
32 89 91 90 32 42 1.085057
32 92 94 93 32 43 1.077773
32 95 97 96 32 44 1.074432
32 98 100 99 32 45 1.072636
32 101 103 102 32 46 1.069930
32 104 109 107 32 47 1.071041
32 110 115 113 32 48 1.069557
32 116 121 119 32 49 1.066029
32 122 127 125 32 50 1.065357
32 128 133 131 32 51 1.065381
32 134 139 137 32 52 1.063279
32 140 145 143 32 53 1.064793
32 146 151 149 32 54 1.061177
32 152 157 155 32 55 1.058351
32 158 163 161 32 56 1.057204
32 164 169 167 32 57 1.056753
32 170 175 173 32 58 1.047661
32 176 181 179 32 59 1.045564
32 182 187 185 32 60 1.032606
32 188 193 191 32 61 1.027755
32 194 254 224 32 62 1.009669
32 255 255 255 32 63 0.959034
33 0 0 0 33 0 1.000000   # ieta [34], pt 0
33 1 15 8 33 1 2.347517
33 16 16 16 33 2 2.223287
33 17 17 17 33 3 2.078339
33 18 18 18 33 4 1.898465
33 19 19 19 33 5 1.867227
33 20 20 20 33 6 1.800242
33 21 21 21 33 7 1.706876
33 22 22 22 33 8 1.645636
33 23 23 23 33 9 1.580226
33 24 24 24 33 10 1.546070
33 25 25 25 33 11 1.495404
33 26 26 26 33 12 1.458434
33 27 27 27 33 13 1.409316
33 28 28 28 33 14 1.378683
33 29 29 29 33 15 1.359845
33 30 30 30 33 16 1.305716
33 31 31 31 33 17 1.291434
33 32 33 33 33 18 1.270877
33 34 35 35 33 19 1.226161
33 36 37 37 33 20 1.201584
33 38 39 39 33 21 1.172989
33 40 41 41 33 22 1.143835
33 42 43 43 33 23 1.128947
33 44 45 45 33 24 1.113175
33 46 47 47 33 25 1.108734
33 48 49 49 33 26 1.106630
33 50 51 51 33 27 1.103013
33 52 53 53 33 28 1.102264
33 54 55 55 33 29 1.101967
33 56 57 57 33 30 1.101349
33 58 59 59 33 31 1.098920
33 60 61 61 33 32 1.098368
33 62 64 63 33 33 1.096584
33 65 67 66 33 34 1.093248
33 68 70 69 33 35 1.092057
33 71 73 72 33 36 1.083708
33 74 76 75 33 37 1.079486
33 77 79 78 33 38 1.075412
33 80 82 81 33 39 1.074178
33 83 85 84 33 40 1.074128
33 86 88 87 33 41 1.069447
33 89 91 90 33 42 1.065877
33 92 94 93 33 43 1.061017
33 95 97 96 33 44 1.057676
33 98 100 99 33 45 1.055880
33 101 103 102 33 46 1.053226
33 104 109 107 33 47 1.054531
33 110 115 113 33 48 1.053642
33 116 121 119 33 49 1.050144
33 122 127 125 33 50 1.049472
33 128 133 131 33 51 1.049532
33 134 139 137 33 52 1.048981
33 140 145 143 33 53 1.050172
33 146 151 149 33 54 1.046556
33 152 157 155 33 55 1.043730
33 158 163 161 33 56 1.042583
33 164 169 167 33 57 1.042133
33 170 175 173 33 58 1.033041
33 176 181 179 33 59 1.030943
33 182 187 185 33 60 1.017986
33 188 193 191 33 61 1.013135
33 194 254 224 33 62 0.995049
33 255 255 255 33 63 0.944413
34 0 0 0 34 0 1.000000   # ieta [35], pt 0
34 1 15 8 34 1 2.363841
34 16 16 16 34 2 2.223952
34 17 17 17 34 3 2.079004
34 18 18 18 34 4 1.899130
34 19 19 19 34 5 1.867891
34 20 20 20 34 6 1.800242
34 21 21 21 34 7 1.706876
34 22 22 22 34 8 1.645636
34 23 23 23 34 9 1.580226
34 24 24 24 34 10 1.546070
34 25 25 25 34 11 1.495404
34 26 26 26 34 12 1.458434
34 27 27 27 34 13 1.409316
34 28 28 28 34 14 1.378683
34 29 29 29 34 15 1.359845
34 30 30 30 34 16 1.305716
34 31 31 31 34 17 1.291285
34 32 33 33 34 18 1.270728
34 34 35 35 34 19 1.226012
34 36 37 37 34 20 1.201434
34 38 39 39 34 21 1.172840
34 40 41 41 34 22 1.143686
34 42 43 43 34 23 1.128798
34 44 45 45 34 24 1.113026
34 46 47 47 34 25 1.108584
34 48 49 49 34 26 1.106481
34 50 51 51 34 27 1.102863
34 52 53 53 34 28 1.102114
34 54 55 55 34 29 1.101817
34 56 57 57 34 30 1.101199
34 58 59 59 34 31 1.098771
34 60 61 61 34 32 1.098218
34 62 64 63 34 33 1.096435
34 65 67 66 34 34 1.093248
34 68 70 69 34 35 1.092057
34 71 73 72 34 36 1.083708
34 74 76 75 34 37 1.079486
34 77 79 78 34 38 1.075412
34 80 82 81 34 39 1.074178
34 83 85 84 34 40 1.074128
34 86 88 87 34 41 1.069447
34 89 91 90 34 42 1.065877
34 92 94 93 34 43 1.061017
34 95 97 96 34 44 1.057676
34 98 100 99 34 45 1.055880
34 101 103 102 34 46 1.053226
34 104 109 107 34 47 1.054531
34 110 115 113 34 48 1.053642
34 116 121 119 34 49 1.050144
34 122 127 125 34 50 1.049472
34 128 133 131 34 51 1.049532
34 134 139 137 34 52 1.048981
34 140 145 143 34 53 1.050172
34 146 151 149 34 54 1.046556
34 152 157 155 34 55 1.043730
34 158 163 161 34 56 1.042583
34 164 169 167 34 57 1.042133
34 170 175 173 34 58 1.033041
34 176 181 179 34 59 1.030943
34 182 187 185 34 60 1.017986
34 188 193 191 34 61 1.013135
34 194 254 224 34 62 0.995049
34 255 255 255 34 63 0.944413
35 0 0 0 35 0 1.000000   # ieta [36], pt 0
35 1 15 8 35 1 2.364531
35 16 16 16 35 2 2.224641
35 17 17 17 35 3 2.079693
35 18 18 18 35 4 1.899819
35 19 19 19 35 5 1.868581
35 20 20 20 35 6 1.802262
35 21 21 21 35 7 1.708897
35 22 22 22 35 8 1.647656
35 23 23 23 35 9 1.582246
35 24 24 24 35 10 1.547401
35 25 25 25 35 11 1.495404
35 26 26 26 35 12 1.458434
35 27 27 27 35 13 1.409316
35 28 28 28 35 14 1.378683
35 29 29 29 35 15 1.359845
35 30 30 30 35 16 1.305716
35 31 31 31 35 17 1.291285
35 32 33 33 35 18 1.270728
35 34 35 35 35 19 1.226012
35 36 37 37 35 20 1.201434
35 38 39 39 35 21 1.172840
35 40 41 41 35 22 1.143686
35 42 43 43 35 23 1.128798
35 44 45 45 35 24 1.113026
35 46 47 47 35 25 1.108584
35 48 49 49 35 26 1.106481
35 50 51 51 35 27 1.102863
35 52 53 53 35 28 1.102114
35 54 55 55 35 29 1.101817
35 56 57 57 35 30 1.101199
35 58 59 59 35 31 1.098771
35 60 61 61 35 32 1.098218
35 62 64 63 35 33 1.096435
35 65 67 66 35 34 1.093248
35 68 70 69 35 35 1.092057
35 71 73 72 35 36 1.083708
35 74 76 75 35 37 1.079486
35 77 79 78 35 38 1.075412
35 80 82 81 35 39 1.074178
35 83 85 84 35 40 1.074128
35 86 88 87 35 41 1.069447
35 89 91 90 35 42 1.065877
35 92 94 93 35 43 1.061017
35 95 97 96 35 44 1.057676
35 98 100 99 35 45 1.055880
35 101 103 102 35 46 1.053226
35 104 109 107 35 47 1.054531
35 110 115 113 35 48 1.053642
35 116 121 119 35 49 1.050144
35 122 127 125 35 50 1.049472
35 128 133 131 35 51 1.049532
35 134 139 137 35 52 1.048981
35 140 145 143 35 53 1.050172
35 146 151 149 35 54 1.046556
35 152 157 155 35 55 1.043730
35 158 163 161 35 56 1.042583
35 164 169 167 35 57 1.042133
35 170 175 173 35 58 1.033041
35 176 181 179 35 59 1.030943
35 182 187 185 35 60 1.017986
35 188 193 191 35 61 1.013135
35 194 254 224 35 62 0.995049
35 255 255 255 35 63 0.944413
36 0 0 0 36 0 1.000000   # ieta [37], pt 0
36 1 15 8 36 1 2.364531
36 16 16 16 36 2 2.224641
36 17 17 17 36 3 2.080990
36 18 18 18 36 4 1.915448
36 19 19 19 36 5 1.886146
36 20 20 20 36 6 1.836632
36 21 21 21 36 7 1.743753
36 22 22 22 36 8 1.683319
36 23 23 23 36 9 1.618764
36 24 24 24 36 10 1.583919
36 25 25 25 36 11 1.532249
36 26 26 26 36 12 1.495279
36 27 27 27 36 13 1.446162
36 28 28 28 36 14 1.416008
36 29 29 29 36 15 1.397171
36 30 30 30 36 16 1.343041
36 31 31 31 36 17 1.328610
36 32 33 33 36 18 1.306178
36 34 35 35 36 19 1.259910
36 36 37 37 36 20 1.234689
36 38 39 39 36 21 1.203815
36 40 41 41 36 22 1.174086
36 42 43 43 36 23 1.159198
36 44 45 45 36 24 1.142934
36 46 47 47 36 25 1.133353
36 48 49 49 36 26 1.110452
36 50 51 51 36 27 1.100944
36 52 53 53 36 28 1.099292
36 54 55 55 36 29 1.098312
36 56 57 57 36 30 1.097065
36 58 59 59 36 31 1.094204
36 60 61 61 36 32 1.093652
36 62 64 63 36 33 1.088160
36 65 67 66 36 34 1.083119
36 68 70 69 36 35 1.085076
36 71 73 72 36 36 1.078724
36 74 76 75 36 37 1.074955
36 77 79 78 36 38 1.070881
36 80 82 81 36 39 1.069646
36 83 85 84 36 40 1.069597
36 86 88 87 36 41 1.064915
36 89 91 90 36 42 1.061908
36 92 94 93 36 43 1.058288
36 95 97 96 36 44 1.055167
36 98 100 99 36 45 1.053371
36 101 103 102 36 46 1.050717
36 104 109 107 36 47 1.052023
36 110 115 113 36 48 1.051134
36 116 121 119 36 49 1.047635
36 122 127 125 36 50 1.046963
36 128 133 131 36 51 1.047024
36 134 139 137 36 52 1.044211
36 140 145 143 36 53 1.044272
36 146 151 149 36 54 1.040656
36 152 157 155 36 55 1.037830
36 158 163 161 36 56 1.036683
36 164 169 167 36 57 1.036232
36 170 175 173 36 58 1.027140
36 176 181 179 36 59 1.025043
36 182 187 185 36 60 1.012085
36 188 193 191 36 61 1.007234
36 194 254 224 36 62 0.989148
36 255 255 255 36 63 0.938513
37 0 0 0 37 0 1.000000   # ieta [38], pt 0
37 1 15 8 37 1 2.364531
37 16 16 16 37 2 2.224641
37 17 17 17 37 3 2.080990
37 18 18 18 37 4 1.914322
37 19 19 19 37 5 1.885020
37 20 20 20 37 6 1.835506
37 21 21 21 37 7 1.742628
37 22 22 22 37 8 1.682193
37 23 23 23 37 9 1.617638
37 24 24 24 37 10 1.582793
37 25 25 25 37 11 1.531124
37 26 26 26 37 12 1.494153
37 27 27 27 37 13 1.445036
37 28 28 28 37 14 1.414882
37 29 29 29 37 15 1.396045
37 30 30 30 37 16 1.341916
37 31 31 31 37 17 1.327484
37 32 33 33 37 18 1.305053
37 34 35 35 37 19 1.258784
37 36 37 37 37 20 1.233563
37 38 39 39 37 21 1.202689
37 40 41 41 37 22 1.172960
37 42 43 43 37 23 1.158072
37 44 45 45 37 24 1.141809
37 46 47 47 37 25 1.132790
37 48 49 49 37 26 1.110452
37 50 51 51 37 27 1.100944
37 52 53 53 37 28 1.099292
37 54 55 55 37 29 1.098312
37 56 57 57 37 30 1.097065
37 58 59 59 37 31 1.094204
37 60 61 61 37 32 1.093652
37 62 64 63 37 33 1.088160
37 65 67 66 37 34 1.083119
37 68 70 69 37 35 1.085076
37 71 73 72 37 36 1.078724
37 74 76 75 37 37 1.074955
37 77 79 78 37 38 1.070881
37 80 82 81 37 39 1.069646
37 83 85 84 37 40 1.069597
37 86 88 87 37 41 1.064915
37 89 91 90 37 42 1.061908
37 92 94 93 37 43 1.058288
37 95 97 96 37 44 1.055167
37 98 100 99 37 45 1.053371
37 101 103 102 37 46 1.050717
37 104 109 107 37 47 1.052023
37 110 115 113 37 48 1.051134
37 116 121 119 37 49 1.047635
37 122 127 125 37 50 1.046963
37 128 133 131 37 51 1.047024
37 134 139 137 37 52 1.044211
37 140 145 143 37 53 1.044272
37 146 151 149 37 54 1.040656
37 152 157 155 37 55 1.037830
37 158 163 161 37 56 1.036683
37 164 169 167 37 57 1.036232
37 170 175 173 37 58 1.027140
37 176 181 179 37 59 1.025043
37 182 187 185 37 60 1.012085
37 188 193 191 37 61 1.007234
37 194 254 224 37 62 0.989148
37 255 255 255 37 63 0.938513
38 0 0 0 38 0 1.000000   # ieta [39], pt 0
38 1 15 8 38 1 2.364531
38 16 16 16 38 2 2.224641
38 17 17 17 38 3 2.080990
38 18 18 18 38 4 1.938756
38 19 19 19 38 5 1.909454
38 20 20 20 38 6 1.899630
38 21 21 21 38 7 1.806752
38 22 22 22 38 8 1.746318
38 23 23 23 38 9 1.681763
38 24 24 24 38 10 1.646230
38 25 25 25 38 11 1.602131
38 26 26 26 38 12 1.565161
38 27 27 27 38 13 1.516044
38 28 28 28 38 14 1.485890
38 29 29 29 38 15 1.467053
38 30 30 30 38 16 1.412923
38 31 31 31 38 17 1.398492
38 32 33 33 38 18 1.381889
38 34 35 35 38 19 1.341449
38 36 37 37 38 20 1.316228
38 38 39 39 38 21 1.283611
38 40 41 41 38 22 1.253882
38 42 43 43 38 23 1.238937
38 44 45 45 38 24 1.222673
38 46 47 47 38 25 1.204045
38 48 49 49 38 26 1.159457
38 50 51 51 38 27 1.138666
38 52 53 53 38 28 1.137014
38 54 55 55 38 29 1.136033
38 56 57 57 38 30 1.134787
38 58 59 59 38 31 1.131926
38 60 61 61 38 32 1.131373
38 62 64 63 38 33 1.125881
38 65 67 66 38 34 1.120840
38 68 70 69 38 35 1.122798
38 71 73 72 38 36 1.116445
38 74 76 75 38 37 1.112676
38 77 79 78 38 38 1.108602
38 80 82 81 38 39 1.103639
38 83 85 84 38 40 1.101726
38 86 88 87 38 41 1.097045
38 89 91 90 38 42 1.094038
38 92 94 93 38 43 1.090417
38 95 97 96 38 44 1.087297
38 98 100 99 38 45 1.085501
38 101 103 102 38 46 1.081107
38 104 109 107 38 47 1.078933
38 110 115 113 38 48 1.078044
38 116 121 119 38 49 1.074545
38 122 127 125 38 50 1.073873
38 128 133 131 38 51 1.073067
38 134 139 137 38 52 1.069387
38 140 145 143 38 53 1.069448
38 146 151 149 38 54 1.065832
38 152 157 155 38 55 1.063006
38 158 163 161 38 56 1.061859
38 164 169 167 38 57 1.061408
38 170 175 173 38 58 1.052316
38 176 181 179 38 59 1.050219
38 182 187 185 38 60 1.037261
38 188 193 191 38 61 1.032410
38 194 254 224 38 62 1.014324
38 255 255 255 38 63 0.963689
39 0 0 0 39 0 1.000000   # ieta [40], pt 0
39 1 15 8 39 1 2.364531
39 16 16 16 39 2 2.224641
39 17 17 17 39 3 2.080990
39 18 18 18 39 4 1.938756
39 19 19 19 39 5 1.909454
39 20 20 20 39 6 1.899630
39 21 21 21 39 7 1.806752
39 22 22 22 39 8 1.746318
39 23 23 23 39 9 1.681763
39 24 24 24 39 10 1.646230
39 25 25 25 39 11 1.602131
39 26 26 26 39 12 1.565161
39 27 27 27 39 13 1.516044
39 28 28 28 39 14 1.485890
39 29 29 29 39 15 1.467053
39 30 30 30 39 16 1.412923
39 31 31 31 39 17 1.398492
39 32 33 33 39 18 1.381889
39 34 35 35 39 19 1.341449
39 36 37 37 39 20 1.316228
39 38 39 39 39 21 1.283611
39 40 41 41 39 22 1.253882
39 42 43 43 39 23 1.238937
39 44 45 45 39 24 1.222673
39 46 47 47 39 25 1.204045
39 48 49 49 39 26 1.159457
39 50 51 51 39 27 1.138666
39 52 53 53 39 28 1.137014
39 54 55 55 39 29 1.136033
39 56 57 57 39 30 1.134787
39 58 59 59 39 31 1.131926
39 60 61 61 39 32 1.131373
39 62 64 63 39 33 1.125881
39 65 67 66 39 34 1.120840
39 68 70 69 39 35 1.122798
39 71 73 72 39 36 1.116445
39 74 76 75 39 37 1.112676
39 77 79 78 39 38 1.108602
39 80 82 81 39 39 1.103639
39 83 85 84 39 40 1.101726
39 86 88 87 39 41 1.097045
39 89 91 90 39 42 1.094038
39 92 94 93 39 43 1.090417
39 95 97 96 39 44 1.087297
39 98 100 99 39 45 1.085501
39 101 103 102 39 46 1.081107
39 104 109 107 39 47 1.078933
39 110 115 113 39 48 1.078044
39 116 121 119 39 49 1.074545
39 122 127 125 39 50 1.073873
39 128 133 131 39 51 1.073067
39 134 139 137 39 52 1.069387
39 140 145 143 39 53 1.069448
39 146 151 149 39 54 1.065832
39 152 157 155 39 55 1.063006
39 158 163 161 39 56 1.061859
39 164 169 167 39 57 1.061408
39 170 175 173 39 58 1.052316
39 176 181 179 39 59 1.050219
39 182 187 185 39 60 1.037261
39 188 193 191 39 61 1.032410
39 194 254 224 39 62 1.014324
39 255 255 255 39 63 0.963689
