# address to addend+multiplicative factor LUT
# maps 11 bits to 18 bits
# 18 bits = (addend<<10) + multiplier)
# addend is signed 8 bits, multiplier is 10 bits
# anything after # is ignored with the exception of the header
# the header is first valid line starting with #<header> versionStr nrBitsAddress nrBitsData </header>
#<header> v1 12 18 </header>
0 512  # compresses ieta bin 0, pt 0
1 13311
2 22527
3 22527
4 22527
5 21503
6 21503
7 20479
8 20479
9 19455
10 18431
11 18431
12 17407
13 17407
14 15359
15 15359
16 15359
17 14335
18 13311
19 11263
20 9215
21 7167
22 5119
23 3071
24 1022
25 1011
26 996
27 991
28 983
29 975
30 964
31 957
32 947
33 941
34 929
35 919
36 912
37 903
38 898
39 893
40 882
41 878
42 872
43 866
44 863
45 857
46 852
47 844
48 835
49 828
50 819
51 814
52 809
53 802
54 797
55 792
56 788
57 783
58 779
59 775
60 772
61 767
62 754
63 742
16 512  # compresses ieta bin 1, pt 0
17 13311
18 22527
19 22527
20 22527
21 21503
22 21503
23 20479
24 20479
25 19455
26 18431
27 18431
28 17407
29 17407
30 15359
31 15359
16 15359
17 14335
18 13311
19 11263
20 9215
21 7167
22 5119
23 3071
24 1022
25 1011
26 996
27 991
28 983
29 975
30 964
31 957
48 951
49 941
50 929
51 919
52 912
53 906
54 898
55 893
56 885
57 878
58 872
59 869
60 863
61 857
62 852
63 844
48 835
49 828
50 821
51 816
52 810
53 803
54 798
55 794
56 790
57 786
58 781
59 778
60 774
61 770
62 756
63 746
32 512  # compresses ieta bin 2, pt 0
33 13311
34 22527
35 22527
36 22527
37 22527
38 21503
39 21503
40 20479
41 20479
42 19455
43 19455
44 18431
45 18431
46 16383
47 16383
48 16383
49 15359
50 14335
51 12287
52 10239
53 8191
54 6143
55 4095
56 2047
57 1016
58 1001
59 996
60 988
61 980
62 968
63 961
32 955
33 945
34 933
35 926
36 916
37 910
38 901
39 896
40 888
41 881
42 875
43 869
44 865
45 860
46 855
47 846
48 838
49 830
50 823
51 818
52 812
53 805
54 800
55 796
56 791
57 787
58 784
59 780
60 777
61 773
62 757
63 746
48 512  # compresses ieta bin 3, pt 0
49 13311
50 23551
51 23551
52 23551
53 22527
54 22527
55 22527
56 21503
57 21503
58 21503
59 20479
60 19455
61 19455
62 18431
63 17407
48 17407
49 16383
50 15359
51 13311
52 11263
53 9215
54 7167
55 5119
56 3071
57 1021
58 1011
59 1001
60 993
61 985
62 973
63 966
48 959
49 949
50 937
51 930
52 919
53 913
54 905
55 899
56 891
57 884
58 878
59 874
60 868
61 863
62 857
63 848
48 842
49 834
50 827
51 820
52 814
53 809
54 802
55 797
56 793
57 790
58 785
59 782
60 779
61 773
62 758
63 747
64 512  # compresses ieta bin 4, pt 0
65 14335
66 23551
67 23551
68 23551
69 23551
70 23551
71 22527
72 22527
73 21503
74 21503
75 20479
76 20479
77 19455
78 18431
79 17407
80 17407
81 17407
82 16383
83 14335
84 12287
85 10239
86 8191
87 6143
88 4095
89 2047
90 1016
91 1006
92 998
93 989
94 977
95 970
96 960
97 953
98 941
99 930
100 923
101 917
102 908
103 902
104 892
105 887
106 880
107 877
108 871
109 865
110 860
111 853
112 844
113 836
114 829
115 824
116 818
117 810
118 805
119 801
120 796
121 792
122 788
123 785
124 783
125 777
126 762
127 751
80 512  # compresses ieta bin 5, pt 0
81 14335
82 24575
83 24575
84 24575
85 23551
86 23551
87 23551
88 22527
89 22527
90 21503
91 21503
92 20479
93 19455
94 18431
95 17407
80 17407
81 17407
82 16383
83 14335
84 12287
85 11263
86 9215
87 6143
88 5119
89 3071
90 1021
91 1011
92 1002
93 990
94 982
95 974
112 964
113 957
114 945
115 933
116 926
117 917
118 911
119 906
120 894
121 890
122 883
123 880
124 873
125 868
126 862
127 856
112 847
113 838
114 831
115 826
116 820
117 812
118 807
119 802
120 798
121 794
122 788
123 785
124 783
125 778
126 763
127 752
96 512  # compresses ieta bin 6, pt 0
97 14335
98 24575
99 24575
100 24575
101 23551
102 23551
103 23551
104 22527
105 22527
106 21503
107 21503
108 20479
109 19455
110 18431
111 17407
112 17407
113 17407
114 16383
115 14335
116 12287
117 11263
118 9215
119 6143
120 5119
121 3071
122 1021
123 1011
124 1002
125 990
126 982
127 974
96 964
97 957
98 945
99 933
100 926
101 917
102 911
103 906
104 894
105 890
106 883
107 880
108 873
109 868
110 862
111 856
112 847
113 838
114 831
115 826
116 820
117 812
118 807
119 802
120 798
121 794
122 788
123 785
124 783
125 778
126 763
127 752
112 512  # compresses ieta bin 7, pt 0
113 14335
114 24575
115 24575
116 24575
117 24575
118 24575
119 23551
120 23551
121 22527
122 22527
123 21503
124 20479
125 20479
126 19455
127 18431
112 18431
113 17407
114 16383
115 14335
116 13311
117 11263
118 9215
119 7167
120 5119
121 3071
122 1021
123 1011
124 1002
125 994
126 982
127 975
112 968
113 957
114 945
115 933
116 926
117 920
118 911
119 906
120 898
121 890
122 886
123 880
124 874
125 870
126 865
127 856
112 847
113 838
114 831
115 826
116 820
117 814
118 809
119 804
120 799
121 794
122 790
123 786
124 783
125 778
126 764
127 752
128 512  # compresses ieta bin 8, pt 0
129 14335
130 24575
131 24575
132 24575
133 24575
134 24575
135 23551
136 23551
137 22527
138 22527
139 21503
140 20479
141 20479
142 19455
143 18431
144 18431
145 18431
146 16383
147 15359
148 13311
149 11263
150 10239
151 7167
152 6143
153 3071
154 2045
155 1016
156 1007
157 999
158 986
159 979
160 972
161 961
162 949
163 941
164 930
165 924
166 914
167 909
168 901
169 893
170 889
171 882
172 876
173 873
174 865
175 858
176 849
177 840
178 833
179 826
180 822
181 814
182 809
183 804
184 799
185 795
186 791
187 788
188 784
189 780
190 765
191 753
144 512  # compresses ieta bin 9, pt 0
145 14335
146 25599
147 25599
148 25599
149 24575
150 24575
151 24575
152 24575
153 23551
154 22527
155 22527
156 21503
157 21503
158 20479
159 19455
144 19455
145 18431
146 18431
147 16383
148 15359
149 13311
150 11263
151 8191
152 7167
153 5119
154 3071
155 1021
156 1012
157 1003
158 991
159 983
176 976
177 966
178 957
179 945
180 937
181 930
182 921
183 915
184 904
185 899
186 895
187 888
188 881
189 876
190 870
191 860
176 851
177 845
178 837
179 830
180 824
181 818
182 810
183 805
184 802
185 797
186 793
187 789
188 785
189 781
190 766
191 754
160 512  # compresses ieta bin 10, pt 0
161 15359
162 26623
163 26623
164 26623
165 25599
166 25599
167 25599
168 25599
169 24575
170 24575
171 24575
172 23551
173 23551
174 22527
175 21503
176 21503
177 21503
178 19455
179 18431
180 16383
181 14335
182 13311
183 10239
184 8191
185 7167
186 5119
187 3071
188 1022
189 1013
190 1000
191 992
160 985
161 974
162 964
163 956
164 944
165 937
166 927
167 921
168 913
169 908
170 901
171 896
172 890
173 883
174 877
175 870
176 862
177 851
178 845
179 838
180 833
181 827
182 819
183 814
184 807
185 803
186 799
187 793
188 791
189 785
190 770
191 758
176 512  # compresses ieta bin 11, pt 0
177 16383
178 27647
179 28671
180 28671
181 28671
182 28671
183 27647
184 27647
185 27647
186 26623
187 26623
188 25599
189 24575
190 24575
191 23551
176 23551
177 22527
178 22527
179 20479
180 18431
181 16383
182 15359
183 13311
184 11263
185 9215
186 7167
187 6143
188 4095
189 1022
190 1013
191 1005
176 997
177 990
178 976
179 967
180 951
181 944
182 934
183 928
184 919
185 914
186 906
187 904
188 897
189 891
190 885
191 877
176 869
177 860
178 851
179 846
180 839
181 832
182 826
183 820
184 814
185 810
186 806
187 800
188 798
189 793
190 778
191 766
192 512  # compresses ieta bin 12, pt 0
193 17407
194 29695
195 29695
196 29695
197 29695
198 29695
199 29695
200 29695
201 29695
202 29695
203 27647
204 27647
205 27647
206 27647
207 26623
208 26623
209 25599
210 25599
211 24575
212 22527
213 20479
214 18431
215 16383
216 15359
217 13311
218 11263
219 9215
220 8191
221 5119
222 3071
223 1022
224 1014
225 1006
226 995
227 982
228 969
229 961
230 954
231 947
232 934
233 928
234 923
235 915
236 911
237 904
238 897
239 889
240 883
241 871
242 862
243 855
244 850
245 841
246 836
247 829
248 823
249 818
250 813
251 808
252 805
253 800
254 785
255 775
208 512  # compresses ieta bin 13, pt 0
209 18431
210 31743
211 32767
212 32767
213 32767
214 32767
215 32767
216 32767
217 32767
218 32767
219 30719
220 30719
221 30719
222 29695
223 28671
208 28671
209 28671
210 27647
211 26623
212 24575
213 22527
214 21503
215 19455
216 18431
217 16383
218 15359
219 13311
220 11263
221 9215
222 7167
223 6143
240 3071
241 1022
242 1007
243 993
244 983
245 975
246 967
247 962
248 950
249 943
250 935
251 929
252 924
253 917
254 910
255 903
240 894
241 884
242 876
243 867
244 861
245 853
246 847
247 840
248 834
249 827
250 824
251 818
252 815
253 810
254 795
255 785
224 512  # compresses ieta bin 14, pt 0
225 18431
226 32767
227 33791
228 33791
229 33791
230 34815
231 34815
232 34815
233 35839
234 34815
235 33791
236 33791
237 34815
238 32767
239 32767
240 32767
241 31743
242 30719
243 29695
244 27647
245 26623
246 25599
247 23551
248 22527
249 21503
250 19455
251 17407
252 16383
253 15359
254 12287
255 10239
224 8191
225 6143
226 2047
227 1011
228 1001
229 992
230 983
231 978
232 965
233 958
234 949
235 940
236 935
237 930
238 925
239 915
240 908
241 896
242 888
243 881
244 872
245 866
246 859
247 852
248 845
249 841
250 837
251 830
252 826
253 821
254 804
255 794
240 512  # compresses ieta bin 15, pt 0
241 20479
242 36863
243 37887
244 37887
245 38911
246 39935
247 39935
248 39935
249 39935
250 38911
251 38911
252 38911
253 39935
254 38911
255 38911
240 38911
241 38911
242 37887
243 37887
244 35839
245 34815
246 33791
247 32767
248 32767
249 30719
250 29695
251 27647
252 26623
253 25599
254 23551
255 22527
240 21503
241 19455
242 16383
243 12287
244 10239
245 8191
246 6143
247 4095
248 1019
249 1011
250 1006
251 998
252 993
253 987
254 980
255 970
240 960
241 948
242 937
243 932
244 923
245 914
246 907
247 903
248 899
249 895
250 889
251 883
252 880
253 875
254 857
255 846
256 512  # compresses ieta bin 16, pt 0
257 21503
258 36863
259 37887
260 38911
261 39935
262 39935
263 39935
264 40959
265 40959
266 39935
267 38911
268 39935
269 39935
270 38911
271 38911
272 38911
273 38911
274 37887
275 37887
276 36863
277 34815
278 34815
279 33791
280 32767
281 31743
282 29695
283 28671
284 27647
285 26623
286 23551
287 22527
288 21503
289 19455
290 16383
291 12287
292 10239
293 8191
294 6143
295 4095
296 1019
297 1011
298 1006
299 998
300 991
301 987
302 980
303 968
304 960
305 948
306 937
307 932
308 921
309 914
310 907
311 903
312 899
313 893
314 889
315 883
316 880
317 873
318 857
319 845
272 512  # compresses ieta bin 17, pt 0
273 18431
274 32767
275 32767
276 31743
277 31743
278 31743
279 31743
280 31743
281 30719
282 30719
283 29695
284 29695
285 29695
286 28671
287 28671
272 28671
273 28671
274 27647
275 26623
276 25599
277 25599
278 23551
279 20479
280 19455
281 18431
282 15359
283 13311
284 11263
285 9215
286 7167
287 5119
304 3071
305 1018
306 1007
307 997
308 983
309 975
310 967
311 962
312 949
313 943
314 932
315 924
316 916
317 912
318 905
319 894
304 885
305 875
306 864
307 857
308 852
309 844
310 836
311 829
312 825
313 820
314 815
315 810
316 808
317 802
318 786
319 773
288 512  # compresses ieta bin 18, pt 0
289 18431
290 31743
291 31743
292 31743
293 31743
294 30719
295 30719
296 30719
297 29695
298 28671
299 28671
300 28671
301 28671
302 27647
303 27647
304 26623
305 26623
306 25599
307 24575
308 23551
309 22527
310 20479
311 17407
312 15359
313 14335
314 12287
315 10239
316 8191
317 6143
318 3071
319 2047
288 1014
289 1002
290 984
291 974
292 966
293 958
294 947
295 940
296 928
297 923
298 915
299 907
300 900
301 894
302 887
303 880
304 869
305 856
306 847
307 840
308 831
309 825
310 817
311 812
312 806
313 801
314 796
315 790
316 787
317 782
318 764
319 751
304 512  # compresses ieta bin 19, pt 0
305 18431
306 31743
307 30719
308 30719
309 30719
310 29695
311 29695
312 29695
313 28671
314 27647
315 26623
316 26623
317 27647
318 26623
319 25599
304 25599
305 24575
306 23551
307 22527
308 22527
309 20479
310 18431
311 15359
312 13311
313 11263
314 10239
315 8191
316 6143
317 3071
318 1022
319 1013
304 1006
305 994
306 980
307 971
308 959
309 951
310 940
311 934
312 925
313 917
314 912
315 904
316 897
317 891
318 885
319 877
304 867
305 853
306 845
307 838
308 833
309 825
310 817
311 812
312 807
313 801
314 796
315 792
316 787
317 782
318 764
319 751
320 512  # compresses ieta bin 20, pt 0
321 17407
322 30719
323 30719
324 30719
325 30719
326 29695
327 28671
328 28671
329 28671
330 27647
331 26623
332 26623
333 26623
334 24575
335 24575
336 23551
337 22527
338 21503
339 20479
340 19455
341 16383
342 14335
343 11263
344 9215
345 7167
346 5119
347 3071
348 1022
349 1013
350 1000
351 996
352 985
353 978
354 964
355 956
356 944
357 937
358 924
359 918
360 907
361 899
362 895
363 888
364 881
365 876
366 870
367 860
368 851
369 843
370 835
371 828
372 822
373 814
374 807
375 802
376 798
377 792
378 787
379 782
380 777
381 773
382 755
383 742
336 512  # compresses ieta bin 21, pt 0
337 17407
338 28671
339 28671
340 28671
341 28671
342 27647
343 27647
344 26623
345 25599
346 24575
347 23551
348 22527
349 22527
350 20479
351 20479
336 19455
337 19455
338 18431
339 16383
340 14335
341 13311
342 10239
343 8191
344 6143
345 4095
346 2045
347 1012
348 1003
349 994
350 978
351 974
368 964
369 957
370 945
371 933
372 923
373 917
374 908
375 902
376 888
377 884
378 878
379 871
380 868
381 860
382 855
383 846
368 840
369 830
370 821
371 814
372 809
373 803
374 797
375 794
376 788
377 783
378 776
379 770
380 766
381 762
382 745
383 731
352 512  # compresses ieta bin 22, pt 0
353 14335
354 25599
355 25599
356 25599
357 24575
358 24575
359 23551
360 23551
361 21503
362 19455
363 19455
364 17407
365 17407
366 16383
367 14335
368 14335
369 13311
370 12287
371 10239
372 9215
373 7167
374 5119
375 3071
376 1021
377 1000
378 990
379 986
380 978
381 966
382 955
383 949
352 943
353 933
354 918
355 911
356 898
357 893
358 885
359 874
360 870
361 867
362 861
363 855
364 850
365 844
366 838
367 829
368 822
369 813
370 804
371 797
372 792
373 784
374 778
375 776
376 769
377 764
378 760
379 756
380 751
381 747
382 731
383 718
368 512  # compresses ieta bin 23, pt 0
369 13311
370 21503
371 21503
372 20479
373 20479
374 19455
375 18431
376 18431
377 16383
378 15359
379 14335
380 12287
381 11263
382 11263
383 10239
368 9215
369 8191
370 7167
371 5119
372 3071
373 2047
374 1015
375 998
376 987
377 978
378 964
379 951
380 944
381 934
382 924
383 922
368 913
369 909
370 898
371 885
372 880
373 876
374 865
375 858
376 846
377 840
378 835
379 828
380 825
381 819
382 817
383 810
368 806
369 797
370 788
371 781
372 775
373 769
374 764
375 759
376 753
377 749
378 747
379 742
380 738
381 735
382 719
383 708
384 512  # compresses ieta bin 24, pt 0
385 12287
386 20479
387 19455
388 19455
389 18431
390 17407
391 16383
392 16383
393 15359
394 14335
395 13311
396 11263
397 10239
398 9215
399 8191
400 8191
401 7167
402 5119
403 3071
404 1021
405 1009
406 996
407 980
408 970
409 962
410 948
411 936
412 930
413 924
414 914
415 909
416 901
417 896
418 883
419 874
420 866
421 862
422 852
423 846
424 834
425 828
426 824
427 819
428 812
429 808
430 805
431 801
432 794
433 785
434 778
435 769
436 764
437 759
438 754
439 749
440 745
441 740
442 736
443 732
444 729
445 726
446 711
447 700
400 512  # compresses ieta bin 25, pt 0
401 13311
402 21503
403 20479
404 20479
405 19455
406 18431
407 17407
408 17407
409 15359
410 14335
411 13311
412 11263
413 10239
414 9215
415 8191
400 8191
401 7167
402 5119
403 3071
404 1021
405 1008
406 996
407 974
408 965
409 956
410 943
411 931
412 921
413 915
414 901
415 896
432 888
433 884
434 871
435 859
436 852
437 848
438 839
439 833
440 821
441 817
442 812
443 805
444 801
445 795
446 792
447 784
432 779
433 767
434 761
435 756
436 749
437 744
438 738
439 734
440 728
441 725
442 720
443 717
444 712
445 710
446 694
447 684
416 512  # compresses ieta bin 26, pt 0
417 16383
418 25599
419 25599
420 25599
421 23551
422 23551
423 21503
424 21503
425 20479
426 16383
427 15359
428 13311
429 13311
430 10239
431 9215
432 8191
433 7167
434 6143
435 3071
436 1021
437 1008
438 991
439 974
440 960
441 951
442 938
443 922
444 915
445 905
446 892
447 883
416 875
417 868
418 856
419 848
420 838
421 828
422 819
423 811
424 800
425 793
426 787
427 781
428 777
429 772
430 767
431 758
432 754
433 744
434 735
435 728
436 719
437 712
438 709
439 705
440 701
441 699
442 694
443 690
444 687
445 684
446 669
447 661
432 512  # compresses ieta bin 27, pt 0
433 9215
434 15359
435 14335
436 13311
437 12287
438 11263
439 9215
440 8191
441 6143
442 5119
443 4095
444 3071
445 2047
446 1019
447 1004
432 1003
433 995
434 982
435 962
436 951
437 936
438 922
439 908
440 902
441 891
442 880
443 871
444 863
445 859
446 843
447 840
432 833
433 827
434 809
435 800
436 791
437 787
438 780
439 773
440 763
441 758
442 752
443 747
444 740
445 736
446 727
447 722
432 715
433 707
434 698
435 691
436 685
437 680
438 676
439 673
440 667
441 663
442 659
443 655
444 651
445 648
446 634
447 626
448 512  # compresses ieta bin 28, pt 0
449 5119
450 4095
451 2043
452 1003
453 977
454 956
455 933
456 937
457 919
458 902
459 896
460 882
461 878
462 866
463 861
464 858
465 848
466 835
467 823
468 820
469 817
470 809
471 801
472 800
473 787
474 781
475 776
476 775
477 766
478 762
479 758
480 758
481 754
482 747
483 744
484 742
485 732
486 727
487 725
488 721
489 714
490 710
491 709
492 703
493 697
494 689
495 686
496 683
497 677
498 675
499 670
500 667
501 662
502 659
503 655
504 651
505 649
506 646
507 643
508 640
509 639
510 625
511 618
464 512  # compresses ieta bin 29, pt 0
465 979
466 923
467 896
468 876
469 844
470 838
471 812
472 809
473 796
474 784
475 775
476 763
477 763
478 754
479 746
464 740
465 740
466 733
467 721
468 717
469 719
470 709
471 706
472 703
473 695
474 692
475 690
476 688
477 683
478 672
479 667
496 666
497 661
498 654
499 651
500 649
501 647
502 642
503 637
504 632
505 629
506 630
507 624
508 623
509 622
510 616
511 614
496 611
497 608
498 600
499 596
500 594
501 590
502 587
503 587
504 586
505 584
506 584
507 582
508 581
509 580
510 577
511 573
480 512  # compresses ieta bin 30, pt 0
481 976
482 907
483 881
484 864
485 842
486 826
487 811
488 797
489 785
490 773
491 763
492 754
493 745
494 736
495 729
496 730
497 723
498 718
499 706
500 702
501 699
502 691
503 688
504 686
505 678
506 672
507 670
508 670
509 668
510 663
511 658
480 657
481 653
482 650
483 648
484 642
485 644
486 638
487 634
488 629
489 628
490 627
491 624
492 620
493 620
494 616
495 612
496 611
497 606
498 600
499 594
500 592
501 588
502 584
503 584
504 583
505 580
506 580
507 580
508 579
509 577
510 574
511 571
496 512  # compresses ieta bin 31, pt 0
497 912
498 856
499 836
500 804
501 788
502 762
503 750
504 739
505 729
506 710
507 702
508 685
509 688
510 682
511 676
496 679
497 673
498 664
499 655
500 647
501 647
502 640
503 635
504 629
505 629
506 624
507 621
508 621
509 622
510 613
511 610
496 607
497 604
498 600
499 600
500 596
501 596
502 590
503 586
504 587
505 584
506 585
507 582
508 580
509 578
510 576
511 573
496 572
497 569
498 565
499 560
500 556
501 554
502 553
503 553
504 551
505 551
506 550
507 549
508 547
509 545
510 541
511 540
512 512  # compresses ieta bin 32, pt 0
513 848
514 792
515 776
516 747
517 735
518 713
519 701
520 693
521 685
522 669
523 661
524 655
525 650
526 645
527 640
528 636
529 632
530 625
531 618
532 612
533 608
534 603
535 599
536 595
537 592
538 593
539 590
540 592
541 589
542 582
543 584
544 582
545 580
546 576
547 574
548 571
549 569
550 566
551 564
552 562
553 561
554 559
555 560
556 556
557 555
558 554
559 549
560 547
561 546
562 544
563 541
564 536
565 535
566 534
567 533
568 532
569 533
570 531
571 529
572 528
573 525
574 523
575 521
528 512  # compresses ieta bin 33, pt 0
529 823
530 792
531 760
532 747
533 722
534 710
535 691
536 682
537 676
538 667
539 661
540 646
541 641
542 636
543 631
528 627
529 625
530 618
531 611
532 605
533 601
534 597
535 593
536 589
537 586
538 588
539 585
540 583
541 584
542 577
543 575
560 573
561 571
562 569
563 566
564 564
565 562
566 560
567 558
568 556
569 555
570 553
571 552
572 551
573 550
574 549
575 545
560 543
561 541
562 540
563 537
564 532
565 531
566 529
567 528
568 527
569 527
570 526
571 524
572 524
573 521
574 516
575 516
544 512  # compresses ieta bin 34, pt 0
545 821
546 779
547 760
548 735
549 721
550 710
551 690
552 682
553 675
554 667
555 661
556 646
557 641
558 635
559 631
560 627
561 624
562 617
563 611
564 605
565 601
566 597
567 593
568 589
569 586
570 583
571 580
572 582
573 580
574 573
575 571
544 569
545 567
546 565
547 562
548 560
549 558
550 556
551 552
552 553
553 549
554 548
555 547
556 545
557 545
558 541
559 540
560 538
561 535
562 534
563 531
564 526
565 526
566 524
567 525
568 524
569 524
570 523
571 522
572 520
573 518
574 514
575 513
560 512  # compresses ieta bin 35, pt 0
561 821
562 779
563 760
564 735
565 722
566 710
567 690
568 682
569 675
570 667
571 661
572 646
573 641
574 635
575 631
560 627
561 624
562 617
563 611
564 605
565 601
566 597
567 588
568 583
569 586
570 583
571 580
572 578
573 576
574 568
575 567
560 565
561 563
562 561
563 562
564 557
565 555
566 553
567 548
568 550
569 546
570 545
571 544
572 543
573 539
574 539
575 537
560 536
561 533
562 534
563 531
564 526
565 526
566 524
567 523
568 523
569 522
570 520
571 519
572 517
573 516
574 511
575 513
576 512  # compresses ieta bin 36, pt 0
577 821
578 779
579 760
580 735
581 722
582 710
583 690
584 682
585 675
586 667
587 661
588 646
589 641
590 635
591 631
592 627
593 624
594 617
595 611
596 605
597 601
598 597
599 588
600 583
601 586
602 583
603 580
604 578
605 576
606 568
607 567
608 565
609 563
610 561
611 559
612 553
613 551
614 550
615 548
616 547
617 543
618 542
619 541
620 540
621 537
622 536
623 535
624 532
625 531
626 530
627 527
628 523
629 522
630 520
631 520
632 519
633 519
634 517
635 516
636 514
637 513
638 509
639 510
592 512  # compresses ieta bin 37, pt 0
593 820
594 778
595 760
596 734
597 721
598 710
599 690
600 682
601 685
602 667
603 661
604 655
605 650
606 637
607 632
592 629
593 632
594 625
595 611
596 606
597 607
598 597
599 593
600 589
601 586
602 583
603 580
604 582
605 580
606 573
607 571
624 565
625 563
626 561
627 562
628 553
629 555
630 550
631 548
632 547
633 546
634 539
635 538
636 537
637 534
638 531
639 530
624 529
625 526
626 526
627 521
628 519
629 517
630 515
631 515
632 515
633 515
634 513
635 510
636 510
637 507
638 505
639 505
608 512  # compresses ieta bin 38, pt 0
609 945
610 875
611 866
612 833
613 829
614 813
615 777
616 764
617 774
618 741
619 722
620 714
621 699
622 690
623 684
624 679
625 666
626 648
627 627
628 626
629 615
630 609
631 605
632 601
633 597
634 593
635 590
636 587
637 584
638 573
639 571
608 569
609 567
610 561
611 562
612 553
613 551
614 550
615 546
616 547
617 543
618 539
619 536
620 535
621 534
622 531
623 530
624 529
625 526
626 524
627 521
628 517
629 517
630 515
631 515
632 515
633 515
634 511
635 510
636 509
637 507
638 503
639 504
624 512  # compresses ieta bin 39, pt 0
625 2047
626 984
627 957
628 919
629 870
630 853
631 823
632 809
633 807
634 784
635 763
636 744
637 735
638 719
639 711
624 704
625 698
626 671
627 655
628 648
629 641
630 634
631 629
632 623
633 618
634 609
635 605
636 602
637 598
638 586
639 580
624 577
625 575
626 569
627 570
628 560
629 562
630 556
631 555
632 553
633 552
634 545
635 541
636 540
637 539
638 536
639 535
624 534
625 531
626 530
627 527
628 523
629 522
630 520
631 520
632 519
633 519
634 517
635 514
636 514
637 513
638 508
639 509
640 0 # dummy
641 0 # dummy
642 0 # dummy
643 0 # dummy
644 0 # dummy
645 0 # dummy
646 0 # dummy
647 0 # dummy
648 0 # dummy
649 0 # dummy
650 0 # dummy
651 0 # dummy
652 0 # dummy
653 0 # dummy
654 0 # dummy
655 0 # dummy
656 0 # dummy
657 0 # dummy
658 0 # dummy
659 0 # dummy
660 0 # dummy
661 0 # dummy
662 0 # dummy
663 0 # dummy
664 0 # dummy
665 0 # dummy
666 0 # dummy
667 0 # dummy
668 0 # dummy
669 0 # dummy
670 0 # dummy
671 0 # dummy
672 0 # dummy
673 0 # dummy
674 0 # dummy
675 0 # dummy
676 0 # dummy
677 0 # dummy
678 0 # dummy
679 0 # dummy
680 0 # dummy
681 0 # dummy
682 0 # dummy
683 0 # dummy
684 0 # dummy
685 0 # dummy
686 0 # dummy
687 0 # dummy
688 0 # dummy
689 0 # dummy
690 0 # dummy
691 0 # dummy
692 0 # dummy
693 0 # dummy
694 0 # dummy
695 0 # dummy
696 0 # dummy
697 0 # dummy
698 0 # dummy
699 0 # dummy
700 0 # dummy
701 0 # dummy
702 0 # dummy
703 0 # dummy
704 0 # dummy
705 0 # dummy
706 0 # dummy
707 0 # dummy
708 0 # dummy
709 0 # dummy
710 0 # dummy
711 0 # dummy
712 0 # dummy
713 0 # dummy
714 0 # dummy
715 0 # dummy
716 0 # dummy
717 0 # dummy
718 0 # dummy
719 0 # dummy
720 0 # dummy
721 0 # dummy
722 0 # dummy
723 0 # dummy
724 0 # dummy
725 0 # dummy
726 0 # dummy
727 0 # dummy
728 0 # dummy
729 0 # dummy
730 0 # dummy
731 0 # dummy
732 0 # dummy
733 0 # dummy
734 0 # dummy
735 0 # dummy
736 0 # dummy
737 0 # dummy
738 0 # dummy
739 0 # dummy
740 0 # dummy
741 0 # dummy
742 0 # dummy
743 0 # dummy
744 0 # dummy
745 0 # dummy
746 0 # dummy
747 0 # dummy
748 0 # dummy
749 0 # dummy
750 0 # dummy
751 0 # dummy
752 0 # dummy
753 0 # dummy
754 0 # dummy
755 0 # dummy
756 0 # dummy
757 0 # dummy
758 0 # dummy
759 0 # dummy
760 0 # dummy
761 0 # dummy
762 0 # dummy
763 0 # dummy
764 0 # dummy
765 0 # dummy
766 0 # dummy
767 0 # dummy
768 0 # dummy
769 0 # dummy
770 0 # dummy
771 0 # dummy
772 0 # dummy
773 0 # dummy
774 0 # dummy
775 0 # dummy
776 0 # dummy
777 0 # dummy
778 0 # dummy
779 0 # dummy
780 0 # dummy
781 0 # dummy
782 0 # dummy
783 0 # dummy
784 0 # dummy
785 0 # dummy
786 0 # dummy
787 0 # dummy
788 0 # dummy
789 0 # dummy
790 0 # dummy
791 0 # dummy
792 0 # dummy
793 0 # dummy
794 0 # dummy
795 0 # dummy
796 0 # dummy
797 0 # dummy
798 0 # dummy
799 0 # dummy
800 0 # dummy
801 0 # dummy
802 0 # dummy
803 0 # dummy
804 0 # dummy
805 0 # dummy
806 0 # dummy
807 0 # dummy
808 0 # dummy
809 0 # dummy
810 0 # dummy
811 0 # dummy
812 0 # dummy
813 0 # dummy
814 0 # dummy
815 0 # dummy
816 0 # dummy
817 0 # dummy
818 0 # dummy
819 0 # dummy
820 0 # dummy
821 0 # dummy
822 0 # dummy
823 0 # dummy
824 0 # dummy
825 0 # dummy
826 0 # dummy
827 0 # dummy
828 0 # dummy
829 0 # dummy
830 0 # dummy
831 0 # dummy
832 0 # dummy
833 0 # dummy
834 0 # dummy
835 0 # dummy
836 0 # dummy
837 0 # dummy
838 0 # dummy
839 0 # dummy
840 0 # dummy
841 0 # dummy
842 0 # dummy
843 0 # dummy
844 0 # dummy
845 0 # dummy
846 0 # dummy
847 0 # dummy
848 0 # dummy
849 0 # dummy
850 0 # dummy
851 0 # dummy
852 0 # dummy
853 0 # dummy
854 0 # dummy
855 0 # dummy
856 0 # dummy
857 0 # dummy
858 0 # dummy
859 0 # dummy
860 0 # dummy
861 0 # dummy
862 0 # dummy
863 0 # dummy
864 0 # dummy
865 0 # dummy
866 0 # dummy
867 0 # dummy
868 0 # dummy
869 0 # dummy
870 0 # dummy
871 0 # dummy
872 0 # dummy
873 0 # dummy
874 0 # dummy
875 0 # dummy
876 0 # dummy
877 0 # dummy
878 0 # dummy
879 0 # dummy
880 0 # dummy
881 0 # dummy
882 0 # dummy
883 0 # dummy
884 0 # dummy
885 0 # dummy
886 0 # dummy
887 0 # dummy
888 0 # dummy
889 0 # dummy
890 0 # dummy
891 0 # dummy
892 0 # dummy
893 0 # dummy
894 0 # dummy
895 0 # dummy
896 0 # dummy
897 0 # dummy
898 0 # dummy
899 0 # dummy
900 0 # dummy
901 0 # dummy
902 0 # dummy
903 0 # dummy
904 0 # dummy
905 0 # dummy
906 0 # dummy
907 0 # dummy
908 0 # dummy
909 0 # dummy
910 0 # dummy
911 0 # dummy
912 0 # dummy
913 0 # dummy
914 0 # dummy
915 0 # dummy
916 0 # dummy
917 0 # dummy
918 0 # dummy
919 0 # dummy
920 0 # dummy
921 0 # dummy
922 0 # dummy
923 0 # dummy
924 0 # dummy
925 0 # dummy
926 0 # dummy
927 0 # dummy
928 0 # dummy
929 0 # dummy
930 0 # dummy
931 0 # dummy
932 0 # dummy
933 0 # dummy
934 0 # dummy
935 0 # dummy
936 0 # dummy
937 0 # dummy
938 0 # dummy
939 0 # dummy
940 0 # dummy
941 0 # dummy
942 0 # dummy
943 0 # dummy
944 0 # dummy
945 0 # dummy
946 0 # dummy
947 0 # dummy
948 0 # dummy
949 0 # dummy
950 0 # dummy
951 0 # dummy
952 0 # dummy
953 0 # dummy
954 0 # dummy
955 0 # dummy
956 0 # dummy
957 0 # dummy
958 0 # dummy
959 0 # dummy
960 0 # dummy
961 0 # dummy
962 0 # dummy
963 0 # dummy
964 0 # dummy
965 0 # dummy
966 0 # dummy
967 0 # dummy
968 0 # dummy
969 0 # dummy
970 0 # dummy
971 0 # dummy
972 0 # dummy
973 0 # dummy
974 0 # dummy
975 0 # dummy
976 0 # dummy
977 0 # dummy
978 0 # dummy
979 0 # dummy
980 0 # dummy
981 0 # dummy
982 0 # dummy
983 0 # dummy
984 0 # dummy
985 0 # dummy
986 0 # dummy
987 0 # dummy
988 0 # dummy
989 0 # dummy
990 0 # dummy
991 0 # dummy
992 0 # dummy
993 0 # dummy
994 0 # dummy
995 0 # dummy
996 0 # dummy
997 0 # dummy
998 0 # dummy
999 0 # dummy
1000 0 # dummy
1001 0 # dummy
1002 0 # dummy
1003 0 # dummy
1004 0 # dummy
1005 0 # dummy
1006 0 # dummy
1007 0 # dummy
1008 0 # dummy
1009 0 # dummy
1010 0 # dummy
1011 0 # dummy
1012 0 # dummy
1013 0 # dummy
1014 0 # dummy
1015 0 # dummy
1016 0 # dummy
1017 0 # dummy
1018 0 # dummy
1019 0 # dummy
1020 0 # dummy
1021 0 # dummy
1022 0 # dummy
1023 0 # dummy
1024 0 # dummy
1025 0 # dummy
1026 0 # dummy
1027 0 # dummy
1028 0 # dummy
1029 0 # dummy
1030 0 # dummy
1031 0 # dummy
1032 0 # dummy
1033 0 # dummy
1034 0 # dummy
1035 0 # dummy
1036 0 # dummy
1037 0 # dummy
1038 0 # dummy
1039 0 # dummy
1040 0 # dummy
1041 0 # dummy
1042 0 # dummy
1043 0 # dummy
1044 0 # dummy
1045 0 # dummy
1046 0 # dummy
1047 0 # dummy
1048 0 # dummy
1049 0 # dummy
1050 0 # dummy
1051 0 # dummy
1052 0 # dummy
1053 0 # dummy
1054 0 # dummy
1055 0 # dummy
1056 0 # dummy
1057 0 # dummy
1058 0 # dummy
1059 0 # dummy
1060 0 # dummy
1061 0 # dummy
1062 0 # dummy
1063 0 # dummy
1064 0 # dummy
1065 0 # dummy
1066 0 # dummy
1067 0 # dummy
1068 0 # dummy
1069 0 # dummy
1070 0 # dummy
1071 0 # dummy
1072 0 # dummy
1073 0 # dummy
1074 0 # dummy
1075 0 # dummy
1076 0 # dummy
1077 0 # dummy
1078 0 # dummy
1079 0 # dummy
1080 0 # dummy
1081 0 # dummy
1082 0 # dummy
1083 0 # dummy
1084 0 # dummy
1085 0 # dummy
1086 0 # dummy
1087 0 # dummy
1088 0 # dummy
1089 0 # dummy
1090 0 # dummy
1091 0 # dummy
1092 0 # dummy
1093 0 # dummy
1094 0 # dummy
1095 0 # dummy
1096 0 # dummy
1097 0 # dummy
1098 0 # dummy
1099 0 # dummy
1100 0 # dummy
1101 0 # dummy
1102 0 # dummy
1103 0 # dummy
1104 0 # dummy
1105 0 # dummy
1106 0 # dummy
1107 0 # dummy
1108 0 # dummy
1109 0 # dummy
1110 0 # dummy
1111 0 # dummy
1112 0 # dummy
1113 0 # dummy
1114 0 # dummy
1115 0 # dummy
1116 0 # dummy
1117 0 # dummy
1118 0 # dummy
1119 0 # dummy
1120 0 # dummy
1121 0 # dummy
1122 0 # dummy
1123 0 # dummy
1124 0 # dummy
1125 0 # dummy
1126 0 # dummy
1127 0 # dummy
1128 0 # dummy
1129 0 # dummy
1130 0 # dummy
1131 0 # dummy
1132 0 # dummy
1133 0 # dummy
1134 0 # dummy
1135 0 # dummy
1136 0 # dummy
1137 0 # dummy
1138 0 # dummy
1139 0 # dummy
1140 0 # dummy
1141 0 # dummy
1142 0 # dummy
1143 0 # dummy
1144 0 # dummy
1145 0 # dummy
1146 0 # dummy
1147 0 # dummy
1148 0 # dummy
1149 0 # dummy
1150 0 # dummy
1151 0 # dummy
1152 0 # dummy
1153 0 # dummy
1154 0 # dummy
1155 0 # dummy
1156 0 # dummy
1157 0 # dummy
1158 0 # dummy
1159 0 # dummy
1160 0 # dummy
1161 0 # dummy
1162 0 # dummy
1163 0 # dummy
1164 0 # dummy
1165 0 # dummy
1166 0 # dummy
1167 0 # dummy
1168 0 # dummy
1169 0 # dummy
1170 0 # dummy
1171 0 # dummy
1172 0 # dummy
1173 0 # dummy
1174 0 # dummy
1175 0 # dummy
1176 0 # dummy
1177 0 # dummy
1178 0 # dummy
1179 0 # dummy
1180 0 # dummy
1181 0 # dummy
1182 0 # dummy
1183 0 # dummy
1184 0 # dummy
1185 0 # dummy
1186 0 # dummy
1187 0 # dummy
1188 0 # dummy
1189 0 # dummy
1190 0 # dummy
1191 0 # dummy
1192 0 # dummy
1193 0 # dummy
1194 0 # dummy
1195 0 # dummy
1196 0 # dummy
1197 0 # dummy
1198 0 # dummy
1199 0 # dummy
1200 0 # dummy
1201 0 # dummy
1202 0 # dummy
1203 0 # dummy
1204 0 # dummy
1205 0 # dummy
1206 0 # dummy
1207 0 # dummy
1208 0 # dummy
1209 0 # dummy
1210 0 # dummy
1211 0 # dummy
1212 0 # dummy
1213 0 # dummy
1214 0 # dummy
1215 0 # dummy
1216 0 # dummy
1217 0 # dummy
1218 0 # dummy
1219 0 # dummy
1220 0 # dummy
1221 0 # dummy
1222 0 # dummy
1223 0 # dummy
1224 0 # dummy
1225 0 # dummy
1226 0 # dummy
1227 0 # dummy
1228 0 # dummy
1229 0 # dummy
1230 0 # dummy
1231 0 # dummy
1232 0 # dummy
1233 0 # dummy
1234 0 # dummy
1235 0 # dummy
1236 0 # dummy
1237 0 # dummy
1238 0 # dummy
1239 0 # dummy
1240 0 # dummy
1241 0 # dummy
1242 0 # dummy
1243 0 # dummy
1244 0 # dummy
1245 0 # dummy
1246 0 # dummy
1247 0 # dummy
1248 0 # dummy
1249 0 # dummy
1250 0 # dummy
1251 0 # dummy
1252 0 # dummy
1253 0 # dummy
1254 0 # dummy
1255 0 # dummy
1256 0 # dummy
1257 0 # dummy
1258 0 # dummy
1259 0 # dummy
1260 0 # dummy
1261 0 # dummy
1262 0 # dummy
1263 0 # dummy
1264 0 # dummy
1265 0 # dummy
1266 0 # dummy
1267 0 # dummy
1268 0 # dummy
1269 0 # dummy
1270 0 # dummy
1271 0 # dummy
1272 0 # dummy
1273 0 # dummy
1274 0 # dummy
1275 0 # dummy
1276 0 # dummy
1277 0 # dummy
1278 0 # dummy
1279 0 # dummy
1280 0 # dummy
1281 0 # dummy
1282 0 # dummy
1283 0 # dummy
1284 0 # dummy
1285 0 # dummy
1286 0 # dummy
1287 0 # dummy
1288 0 # dummy
1289 0 # dummy
1290 0 # dummy
1291 0 # dummy
1292 0 # dummy
1293 0 # dummy
1294 0 # dummy
1295 0 # dummy
1296 0 # dummy
1297 0 # dummy
1298 0 # dummy
1299 0 # dummy
1300 0 # dummy
1301 0 # dummy
1302 0 # dummy
1303 0 # dummy
1304 0 # dummy
1305 0 # dummy
1306 0 # dummy
1307 0 # dummy
1308 0 # dummy
1309 0 # dummy
1310 0 # dummy
1311 0 # dummy
1312 0 # dummy
1313 0 # dummy
1314 0 # dummy
1315 0 # dummy
1316 0 # dummy
1317 0 # dummy
1318 0 # dummy
1319 0 # dummy
1320 0 # dummy
1321 0 # dummy
1322 0 # dummy
1323 0 # dummy
1324 0 # dummy
1325 0 # dummy
1326 0 # dummy
1327 0 # dummy
1328 0 # dummy
1329 0 # dummy
1330 0 # dummy
1331 0 # dummy
1332 0 # dummy
1333 0 # dummy
1334 0 # dummy
1335 0 # dummy
1336 0 # dummy
1337 0 # dummy
1338 0 # dummy
1339 0 # dummy
1340 0 # dummy
1341 0 # dummy
1342 0 # dummy
1343 0 # dummy
1344 0 # dummy
1345 0 # dummy
1346 0 # dummy
1347 0 # dummy
1348 0 # dummy
1349 0 # dummy
1350 0 # dummy
1351 0 # dummy
1352 0 # dummy
1353 0 # dummy
1354 0 # dummy
1355 0 # dummy
1356 0 # dummy
1357 0 # dummy
1358 0 # dummy
1359 0 # dummy
1360 0 # dummy
1361 0 # dummy
1362 0 # dummy
1363 0 # dummy
1364 0 # dummy
1365 0 # dummy
1366 0 # dummy
1367 0 # dummy
1368 0 # dummy
1369 0 # dummy
1370 0 # dummy
1371 0 # dummy
1372 0 # dummy
1373 0 # dummy
1374 0 # dummy
1375 0 # dummy
1376 0 # dummy
1377 0 # dummy
1378 0 # dummy
1379 0 # dummy
1380 0 # dummy
1381 0 # dummy
1382 0 # dummy
1383 0 # dummy
1384 0 # dummy
1385 0 # dummy
1386 0 # dummy
1387 0 # dummy
1388 0 # dummy
1389 0 # dummy
1390 0 # dummy
1391 0 # dummy
1392 0 # dummy
1393 0 # dummy
1394 0 # dummy
1395 0 # dummy
1396 0 # dummy
1397 0 # dummy
1398 0 # dummy
1399 0 # dummy
1400 0 # dummy
1401 0 # dummy
1402 0 # dummy
1403 0 # dummy
1404 0 # dummy
1405 0 # dummy
1406 0 # dummy
1407 0 # dummy
1408 0 # dummy
1409 0 # dummy
1410 0 # dummy
1411 0 # dummy
1412 0 # dummy
1413 0 # dummy
1414 0 # dummy
1415 0 # dummy
1416 0 # dummy
1417 0 # dummy
1418 0 # dummy
1419 0 # dummy
1420 0 # dummy
1421 0 # dummy
1422 0 # dummy
1423 0 # dummy
1424 0 # dummy
1425 0 # dummy
1426 0 # dummy
1427 0 # dummy
1428 0 # dummy
1429 0 # dummy
1430 0 # dummy
1431 0 # dummy
1432 0 # dummy
1433 0 # dummy
1434 0 # dummy
1435 0 # dummy
1436 0 # dummy
1437 0 # dummy
1438 0 # dummy
1439 0 # dummy
1440 0 # dummy
1441 0 # dummy
1442 0 # dummy
1443 0 # dummy
1444 0 # dummy
1445 0 # dummy
1446 0 # dummy
1447 0 # dummy
1448 0 # dummy
1449 0 # dummy
1450 0 # dummy
1451 0 # dummy
1452 0 # dummy
1453 0 # dummy
1454 0 # dummy
1455 0 # dummy
1456 0 # dummy
1457 0 # dummy
1458 0 # dummy
1459 0 # dummy
1460 0 # dummy
1461 0 # dummy
1462 0 # dummy
1463 0 # dummy
1464 0 # dummy
1465 0 # dummy
1466 0 # dummy
1467 0 # dummy
1468 0 # dummy
1469 0 # dummy
1470 0 # dummy
1471 0 # dummy
1472 0 # dummy
1473 0 # dummy
1474 0 # dummy
1475 0 # dummy
1476 0 # dummy
1477 0 # dummy
1478 0 # dummy
1479 0 # dummy
1480 0 # dummy
1481 0 # dummy
1482 0 # dummy
1483 0 # dummy
1484 0 # dummy
1485 0 # dummy
1486 0 # dummy
1487 0 # dummy
1488 0 # dummy
1489 0 # dummy
1490 0 # dummy
1491 0 # dummy
1492 0 # dummy
1493 0 # dummy
1494 0 # dummy
1495 0 # dummy
1496 0 # dummy
1497 0 # dummy
1498 0 # dummy
1499 0 # dummy
1500 0 # dummy
1501 0 # dummy
1502 0 # dummy
1503 0 # dummy
1504 0 # dummy
1505 0 # dummy
1506 0 # dummy
1507 0 # dummy
1508 0 # dummy
1509 0 # dummy
1510 0 # dummy
1511 0 # dummy
1512 0 # dummy
1513 0 # dummy
1514 0 # dummy
1515 0 # dummy
1516 0 # dummy
1517 0 # dummy
1518 0 # dummy
1519 0 # dummy
1520 0 # dummy
1521 0 # dummy
1522 0 # dummy
1523 0 # dummy
1524 0 # dummy
1525 0 # dummy
1526 0 # dummy
1527 0 # dummy
1528 0 # dummy
1529 0 # dummy
1530 0 # dummy
1531 0 # dummy
1532 0 # dummy
1533 0 # dummy
1534 0 # dummy
1535 0 # dummy
1536 0 # dummy
1537 0 # dummy
1538 0 # dummy
1539 0 # dummy
1540 0 # dummy
1541 0 # dummy
1542 0 # dummy
1543 0 # dummy
1544 0 # dummy
1545 0 # dummy
1546 0 # dummy
1547 0 # dummy
1548 0 # dummy
1549 0 # dummy
1550 0 # dummy
1551 0 # dummy
1552 0 # dummy
1553 0 # dummy
1554 0 # dummy
1555 0 # dummy
1556 0 # dummy
1557 0 # dummy
1558 0 # dummy
1559 0 # dummy
1560 0 # dummy
1561 0 # dummy
1562 0 # dummy
1563 0 # dummy
1564 0 # dummy
1565 0 # dummy
1566 0 # dummy
1567 0 # dummy
1568 0 # dummy
1569 0 # dummy
1570 0 # dummy
1571 0 # dummy
1572 0 # dummy
1573 0 # dummy
1574 0 # dummy
1575 0 # dummy
1576 0 # dummy
1577 0 # dummy
1578 0 # dummy
1579 0 # dummy
1580 0 # dummy
1581 0 # dummy
1582 0 # dummy
1583 0 # dummy
1584 0 # dummy
1585 0 # dummy
1586 0 # dummy
1587 0 # dummy
1588 0 # dummy
1589 0 # dummy
1590 0 # dummy
1591 0 # dummy
1592 0 # dummy
1593 0 # dummy
1594 0 # dummy
1595 0 # dummy
1596 0 # dummy
1597 0 # dummy
1598 0 # dummy
1599 0 # dummy
1600 0 # dummy
1601 0 # dummy
1602 0 # dummy
1603 0 # dummy
1604 0 # dummy
1605 0 # dummy
1606 0 # dummy
1607 0 # dummy
1608 0 # dummy
1609 0 # dummy
1610 0 # dummy
1611 0 # dummy
1612 0 # dummy
1613 0 # dummy
1614 0 # dummy
1615 0 # dummy
1616 0 # dummy
1617 0 # dummy
1618 0 # dummy
1619 0 # dummy
1620 0 # dummy
1621 0 # dummy
1622 0 # dummy
1623 0 # dummy
1624 0 # dummy
1625 0 # dummy
1626 0 # dummy
1627 0 # dummy
1628 0 # dummy
1629 0 # dummy
1630 0 # dummy
1631 0 # dummy
1632 0 # dummy
1633 0 # dummy
1634 0 # dummy
1635 0 # dummy
1636 0 # dummy
1637 0 # dummy
1638 0 # dummy
1639 0 # dummy
1640 0 # dummy
1641 0 # dummy
1642 0 # dummy
1643 0 # dummy
1644 0 # dummy
1645 0 # dummy
1646 0 # dummy
1647 0 # dummy
1648 0 # dummy
1649 0 # dummy
1650 0 # dummy
1651 0 # dummy
1652 0 # dummy
1653 0 # dummy
1654 0 # dummy
1655 0 # dummy
1656 0 # dummy
1657 0 # dummy
1658 0 # dummy
1659 0 # dummy
1660 0 # dummy
1661 0 # dummy
1662 0 # dummy
1663 0 # dummy
1664 0 # dummy
1665 0 # dummy
1666 0 # dummy
1667 0 # dummy
1668 0 # dummy
1669 0 # dummy
1670 0 # dummy
1671 0 # dummy
1672 0 # dummy
1673 0 # dummy
1674 0 # dummy
1675 0 # dummy
1676 0 # dummy
1677 0 # dummy
1678 0 # dummy
1679 0 # dummy
1680 0 # dummy
1681 0 # dummy
1682 0 # dummy
1683 0 # dummy
1684 0 # dummy
1685 0 # dummy
1686 0 # dummy
1687 0 # dummy
1688 0 # dummy
1689 0 # dummy
1690 0 # dummy
1691 0 # dummy
1692 0 # dummy
1693 0 # dummy
1694 0 # dummy
1695 0 # dummy
1696 0 # dummy
1697 0 # dummy
1698 0 # dummy
1699 0 # dummy
1700 0 # dummy
1701 0 # dummy
1702 0 # dummy
1703 0 # dummy
1704 0 # dummy
1705 0 # dummy
1706 0 # dummy
1707 0 # dummy
1708 0 # dummy
1709 0 # dummy
1710 0 # dummy
1711 0 # dummy
1712 0 # dummy
1713 0 # dummy
1714 0 # dummy
1715 0 # dummy
1716 0 # dummy
1717 0 # dummy
1718 0 # dummy
1719 0 # dummy
1720 0 # dummy
1721 0 # dummy
1722 0 # dummy
1723 0 # dummy
1724 0 # dummy
1725 0 # dummy
1726 0 # dummy
1727 0 # dummy
1728 0 # dummy
1729 0 # dummy
1730 0 # dummy
1731 0 # dummy
1732 0 # dummy
1733 0 # dummy
1734 0 # dummy
1735 0 # dummy
1736 0 # dummy
1737 0 # dummy
1738 0 # dummy
1739 0 # dummy
1740 0 # dummy
1741 0 # dummy
1742 0 # dummy
1743 0 # dummy
1744 0 # dummy
1745 0 # dummy
1746 0 # dummy
1747 0 # dummy
1748 0 # dummy
1749 0 # dummy
1750 0 # dummy
1751 0 # dummy
1752 0 # dummy
1753 0 # dummy
1754 0 # dummy
1755 0 # dummy
1756 0 # dummy
1757 0 # dummy
1758 0 # dummy
1759 0 # dummy
1760 0 # dummy
1761 0 # dummy
1762 0 # dummy
1763 0 # dummy
1764 0 # dummy
1765 0 # dummy
1766 0 # dummy
1767 0 # dummy
1768 0 # dummy
1769 0 # dummy
1770 0 # dummy
1771 0 # dummy
1772 0 # dummy
1773 0 # dummy
1774 0 # dummy
1775 0 # dummy
1776 0 # dummy
1777 0 # dummy
1778 0 # dummy
1779 0 # dummy
1780 0 # dummy
1781 0 # dummy
1782 0 # dummy
1783 0 # dummy
1784 0 # dummy
1785 0 # dummy
1786 0 # dummy
1787 0 # dummy
1788 0 # dummy
1789 0 # dummy
1790 0 # dummy
1791 0 # dummy
1792 0 # dummy
1793 0 # dummy
1794 0 # dummy
1795 0 # dummy
1796 0 # dummy
1797 0 # dummy
1798 0 # dummy
1799 0 # dummy
1800 0 # dummy
1801 0 # dummy
1802 0 # dummy
1803 0 # dummy
1804 0 # dummy
1805 0 # dummy
1806 0 # dummy
1807 0 # dummy
1808 0 # dummy
1809 0 # dummy
1810 0 # dummy
1811 0 # dummy
1812 0 # dummy
1813 0 # dummy
1814 0 # dummy
1815 0 # dummy
1816 0 # dummy
1817 0 # dummy
1818 0 # dummy
1819 0 # dummy
1820 0 # dummy
1821 0 # dummy
1822 0 # dummy
1823 0 # dummy
1824 0 # dummy
1825 0 # dummy
1826 0 # dummy
1827 0 # dummy
1828 0 # dummy
1829 0 # dummy
1830 0 # dummy
1831 0 # dummy
1832 0 # dummy
1833 0 # dummy
1834 0 # dummy
1835 0 # dummy
1836 0 # dummy
1837 0 # dummy
1838 0 # dummy
1839 0 # dummy
1840 0 # dummy
1841 0 # dummy
1842 0 # dummy
1843 0 # dummy
1844 0 # dummy
1845 0 # dummy
1846 0 # dummy
1847 0 # dummy
1848 0 # dummy
1849 0 # dummy
1850 0 # dummy
1851 0 # dummy
1852 0 # dummy
1853 0 # dummy
1854 0 # dummy
1855 0 # dummy
1856 0 # dummy
1857 0 # dummy
1858 0 # dummy
1859 0 # dummy
1860 0 # dummy
1861 0 # dummy
1862 0 # dummy
1863 0 # dummy
1864 0 # dummy
1865 0 # dummy
1866 0 # dummy
1867 0 # dummy
1868 0 # dummy
1869 0 # dummy
1870 0 # dummy
1871 0 # dummy
1872 0 # dummy
1873 0 # dummy
1874 0 # dummy
1875 0 # dummy
1876 0 # dummy
1877 0 # dummy
1878 0 # dummy
1879 0 # dummy
1880 0 # dummy
1881 0 # dummy
1882 0 # dummy
1883 0 # dummy
1884 0 # dummy
1885 0 # dummy
1886 0 # dummy
1887 0 # dummy
1888 0 # dummy
1889 0 # dummy
1890 0 # dummy
1891 0 # dummy
1892 0 # dummy
1893 0 # dummy
1894 0 # dummy
1895 0 # dummy
1896 0 # dummy
1897 0 # dummy
1898 0 # dummy
1899 0 # dummy
1900 0 # dummy
1901 0 # dummy
1902 0 # dummy
1903 0 # dummy
1904 0 # dummy
1905 0 # dummy
1906 0 # dummy
1907 0 # dummy
1908 0 # dummy
1909 0 # dummy
1910 0 # dummy
1911 0 # dummy
1912 0 # dummy
1913 0 # dummy
1914 0 # dummy
1915 0 # dummy
1916 0 # dummy
1917 0 # dummy
1918 0 # dummy
1919 0 # dummy
1920 0 # dummy
1921 0 # dummy
1922 0 # dummy
1923 0 # dummy
1924 0 # dummy
1925 0 # dummy
1926 0 # dummy
1927 0 # dummy
1928 0 # dummy
1929 0 # dummy
1930 0 # dummy
1931 0 # dummy
1932 0 # dummy
1933 0 # dummy
1934 0 # dummy
1935 0 # dummy
1936 0 # dummy
1937 0 # dummy
1938 0 # dummy
1939 0 # dummy
1940 0 # dummy
1941 0 # dummy
1942 0 # dummy
1943 0 # dummy
1944 0 # dummy
1945 0 # dummy
1946 0 # dummy
1947 0 # dummy
1948 0 # dummy
1949 0 # dummy
1950 0 # dummy
1951 0 # dummy
1952 0 # dummy
1953 0 # dummy
1954 0 # dummy
1955 0 # dummy
1956 0 # dummy
1957 0 # dummy
1958 0 # dummy
1959 0 # dummy
1960 0 # dummy
1961 0 # dummy
1962 0 # dummy
1963 0 # dummy
1964 0 # dummy
1965 0 # dummy
1966 0 # dummy
1967 0 # dummy
1968 0 # dummy
1969 0 # dummy
1970 0 # dummy
1971 0 # dummy
1972 0 # dummy
1973 0 # dummy
1974 0 # dummy
1975 0 # dummy
1976 0 # dummy
1977 0 # dummy
1978 0 # dummy
1979 0 # dummy
1980 0 # dummy
1981 0 # dummy
1982 0 # dummy
1983 0 # dummy
1984 0 # dummy
1985 0 # dummy
1986 0 # dummy
1987 0 # dummy
1988 0 # dummy
1989 0 # dummy
1990 0 # dummy
1991 0 # dummy
1992 0 # dummy
1993 0 # dummy
1994 0 # dummy
1995 0 # dummy
1996 0 # dummy
1997 0 # dummy
1998 0 # dummy
1999 0 # dummy
2000 0 # dummy
2001 0 # dummy
2002 0 # dummy
2003 0 # dummy
2004 0 # dummy
2005 0 # dummy
2006 0 # dummy
2007 0 # dummy
2008 0 # dummy
2009 0 # dummy
2010 0 # dummy
2011 0 # dummy
2012 0 # dummy
2013 0 # dummy
2014 0 # dummy
2015 0 # dummy
2016 0 # dummy
2017 0 # dummy
2018 0 # dummy
2019 0 # dummy
2020 0 # dummy
2021 0 # dummy
2022 0 # dummy
2023 0 # dummy
2024 0 # dummy
2025 0 # dummy
2026 0 # dummy
2027 0 # dummy
2028 0 # dummy
2029 0 # dummy
2030 0 # dummy
2031 0 # dummy
2032 0 # dummy
2033 0 # dummy
2034 0 # dummy
2035 0 # dummy
2036 0 # dummy
2037 0 # dummy
2038 0 # dummy
2039 0 # dummy
2040 0 # dummy
2041 0 # dummy
2042 0 # dummy
2043 0 # dummy
2044 0 # dummy
2045 0 # dummy
2046 0 # dummy
2047 0 # dummy
2048 0 # dummy
2049 0 # dummy
2050 0 # dummy
2051 0 # dummy
2052 0 # dummy
2053 0 # dummy
2054 0 # dummy
2055 0 # dummy
2056 0 # dummy
2057 0 # dummy
2058 0 # dummy
2059 0 # dummy
2060 0 # dummy
2061 0 # dummy
2062 0 # dummy
2063 0 # dummy
2064 0 # dummy
2065 0 # dummy
2066 0 # dummy
2067 0 # dummy
2068 0 # dummy
2069 0 # dummy
2070 0 # dummy
2071 0 # dummy
2072 0 # dummy
2073 0 # dummy
2074 0 # dummy
2075 0 # dummy
2076 0 # dummy
2077 0 # dummy
2078 0 # dummy
2079 0 # dummy
2080 0 # dummy
2081 0 # dummy
2082 0 # dummy
2083 0 # dummy
2084 0 # dummy
2085 0 # dummy
2086 0 # dummy
2087 0 # dummy
2088 0 # dummy
2089 0 # dummy
2090 0 # dummy
2091 0 # dummy
2092 0 # dummy
2093 0 # dummy
2094 0 # dummy
2095 0 # dummy
2096 0 # dummy
2097 0 # dummy
2098 0 # dummy
2099 0 # dummy
2100 0 # dummy
2101 0 # dummy
2102 0 # dummy
2103 0 # dummy
2104 0 # dummy
2105 0 # dummy
2106 0 # dummy
2107 0 # dummy
2108 0 # dummy
2109 0 # dummy
2110 0 # dummy
2111 0 # dummy
2112 0 # dummy
2113 0 # dummy
2114 0 # dummy
2115 0 # dummy
2116 0 # dummy
2117 0 # dummy
2118 0 # dummy
2119 0 # dummy
2120 0 # dummy
2121 0 # dummy
2122 0 # dummy
2123 0 # dummy
2124 0 # dummy
2125 0 # dummy
2126 0 # dummy
2127 0 # dummy
2128 0 # dummy
2129 0 # dummy
2130 0 # dummy
2131 0 # dummy
2132 0 # dummy
2133 0 # dummy
2134 0 # dummy
2135 0 # dummy
2136 0 # dummy
2137 0 # dummy
2138 0 # dummy
2139 0 # dummy
2140 0 # dummy
2141 0 # dummy
2142 0 # dummy
2143 0 # dummy
2144 0 # dummy
2145 0 # dummy
2146 0 # dummy
2147 0 # dummy
2148 0 # dummy
2149 0 # dummy
2150 0 # dummy
2151 0 # dummy
2152 0 # dummy
2153 0 # dummy
2154 0 # dummy
2155 0 # dummy
2156 0 # dummy
2157 0 # dummy
2158 0 # dummy
2159 0 # dummy
2160 0 # dummy
2161 0 # dummy
2162 0 # dummy
2163 0 # dummy
2164 0 # dummy
2165 0 # dummy
2166 0 # dummy
2167 0 # dummy
2168 0 # dummy
2169 0 # dummy
2170 0 # dummy
2171 0 # dummy
2172 0 # dummy
2173 0 # dummy
2174 0 # dummy
2175 0 # dummy
2176 0 # dummy
2177 0 # dummy
2178 0 # dummy
2179 0 # dummy
2180 0 # dummy
2181 0 # dummy
2182 0 # dummy
2183 0 # dummy
2184 0 # dummy
2185 0 # dummy
2186 0 # dummy
2187 0 # dummy
2188 0 # dummy
2189 0 # dummy
2190 0 # dummy
2191 0 # dummy
2192 0 # dummy
2193 0 # dummy
2194 0 # dummy
2195 0 # dummy
2196 0 # dummy
2197 0 # dummy
2198 0 # dummy
2199 0 # dummy
2200 0 # dummy
2201 0 # dummy
2202 0 # dummy
2203 0 # dummy
2204 0 # dummy
2205 0 # dummy
2206 0 # dummy
2207 0 # dummy
2208 0 # dummy
2209 0 # dummy
2210 0 # dummy
2211 0 # dummy
2212 0 # dummy
2213 0 # dummy
2214 0 # dummy
2215 0 # dummy
2216 0 # dummy
2217 0 # dummy
2218 0 # dummy
2219 0 # dummy
2220 0 # dummy
2221 0 # dummy
2222 0 # dummy
2223 0 # dummy
2224 0 # dummy
2225 0 # dummy
2226 0 # dummy
2227 0 # dummy
2228 0 # dummy
2229 0 # dummy
2230 0 # dummy
2231 0 # dummy
2232 0 # dummy
2233 0 # dummy
2234 0 # dummy
2235 0 # dummy
2236 0 # dummy
2237 0 # dummy
2238 0 # dummy
2239 0 # dummy
2240 0 # dummy
2241 0 # dummy
2242 0 # dummy
2243 0 # dummy
2244 0 # dummy
2245 0 # dummy
2246 0 # dummy
2247 0 # dummy
2248 0 # dummy
2249 0 # dummy
2250 0 # dummy
2251 0 # dummy
2252 0 # dummy
2253 0 # dummy
2254 0 # dummy
2255 0 # dummy
2256 0 # dummy
2257 0 # dummy
2258 0 # dummy
2259 0 # dummy
2260 0 # dummy
2261 0 # dummy
2262 0 # dummy
2263 0 # dummy
2264 0 # dummy
2265 0 # dummy
2266 0 # dummy
2267 0 # dummy
2268 0 # dummy
2269 0 # dummy
2270 0 # dummy
2271 0 # dummy
2272 0 # dummy
2273 0 # dummy
2274 0 # dummy
2275 0 # dummy
2276 0 # dummy
2277 0 # dummy
2278 0 # dummy
2279 0 # dummy
2280 0 # dummy
2281 0 # dummy
2282 0 # dummy
2283 0 # dummy
2284 0 # dummy
2285 0 # dummy
2286 0 # dummy
2287 0 # dummy
2288 0 # dummy
2289 0 # dummy
2290 0 # dummy
2291 0 # dummy
2292 0 # dummy
2293 0 # dummy
2294 0 # dummy
2295 0 # dummy
2296 0 # dummy
2297 0 # dummy
2298 0 # dummy
2299 0 # dummy
2300 0 # dummy
2301 0 # dummy
2302 0 # dummy
2303 0 # dummy
2304 0 # dummy
2305 0 # dummy
2306 0 # dummy
2307 0 # dummy
2308 0 # dummy
2309 0 # dummy
2310 0 # dummy
2311 0 # dummy
2312 0 # dummy
2313 0 # dummy
2314 0 # dummy
2315 0 # dummy
2316 0 # dummy
2317 0 # dummy
2318 0 # dummy
2319 0 # dummy
2320 0 # dummy
2321 0 # dummy
2322 0 # dummy
2323 0 # dummy
2324 0 # dummy
2325 0 # dummy
2326 0 # dummy
2327 0 # dummy
2328 0 # dummy
2329 0 # dummy
2330 0 # dummy
2331 0 # dummy
2332 0 # dummy
2333 0 # dummy
2334 0 # dummy
2335 0 # dummy
2336 0 # dummy
2337 0 # dummy
2338 0 # dummy
2339 0 # dummy
2340 0 # dummy
2341 0 # dummy
2342 0 # dummy
2343 0 # dummy
2344 0 # dummy
2345 0 # dummy
2346 0 # dummy
2347 0 # dummy
2348 0 # dummy
2349 0 # dummy
2350 0 # dummy
2351 0 # dummy
2352 0 # dummy
2353 0 # dummy
2354 0 # dummy
2355 0 # dummy
2356 0 # dummy
2357 0 # dummy
2358 0 # dummy
2359 0 # dummy
2360 0 # dummy
2361 0 # dummy
2362 0 # dummy
2363 0 # dummy
2364 0 # dummy
2365 0 # dummy
2366 0 # dummy
2367 0 # dummy
2368 0 # dummy
2369 0 # dummy
2370 0 # dummy
2371 0 # dummy
2372 0 # dummy
2373 0 # dummy
2374 0 # dummy
2375 0 # dummy
2376 0 # dummy
2377 0 # dummy
2378 0 # dummy
2379 0 # dummy
2380 0 # dummy
2381 0 # dummy
2382 0 # dummy
2383 0 # dummy
2384 0 # dummy
2385 0 # dummy
2386 0 # dummy
2387 0 # dummy
2388 0 # dummy
2389 0 # dummy
2390 0 # dummy
2391 0 # dummy
2392 0 # dummy
2393 0 # dummy
2394 0 # dummy
2395 0 # dummy
2396 0 # dummy
2397 0 # dummy
2398 0 # dummy
2399 0 # dummy
2400 0 # dummy
2401 0 # dummy
2402 0 # dummy
2403 0 # dummy
2404 0 # dummy
2405 0 # dummy
2406 0 # dummy
2407 0 # dummy
2408 0 # dummy
2409 0 # dummy
2410 0 # dummy
2411 0 # dummy
2412 0 # dummy
2413 0 # dummy
2414 0 # dummy
2415 0 # dummy
2416 0 # dummy
2417 0 # dummy
2418 0 # dummy
2419 0 # dummy
2420 0 # dummy
2421 0 # dummy
2422 0 # dummy
2423 0 # dummy
2424 0 # dummy
2425 0 # dummy
2426 0 # dummy
2427 0 # dummy
2428 0 # dummy
2429 0 # dummy
2430 0 # dummy
2431 0 # dummy
2432 0 # dummy
2433 0 # dummy
2434 0 # dummy
2435 0 # dummy
2436 0 # dummy
2437 0 # dummy
2438 0 # dummy
2439 0 # dummy
2440 0 # dummy
2441 0 # dummy
2442 0 # dummy
2443 0 # dummy
2444 0 # dummy
2445 0 # dummy
2446 0 # dummy
2447 0 # dummy
2448 0 # dummy
2449 0 # dummy
2450 0 # dummy
2451 0 # dummy
2452 0 # dummy
2453 0 # dummy
2454 0 # dummy
2455 0 # dummy
2456 0 # dummy
2457 0 # dummy
2458 0 # dummy
2459 0 # dummy
2460 0 # dummy
2461 0 # dummy
2462 0 # dummy
2463 0 # dummy
2464 0 # dummy
2465 0 # dummy
2466 0 # dummy
2467 0 # dummy
2468 0 # dummy
2469 0 # dummy
2470 0 # dummy
2471 0 # dummy
2472 0 # dummy
2473 0 # dummy
2474 0 # dummy
2475 0 # dummy
2476 0 # dummy
2477 0 # dummy
2478 0 # dummy
2479 0 # dummy
2480 0 # dummy
2481 0 # dummy
2482 0 # dummy
2483 0 # dummy
2484 0 # dummy
2485 0 # dummy
2486 0 # dummy
2487 0 # dummy
2488 0 # dummy
2489 0 # dummy
2490 0 # dummy
2491 0 # dummy
2492 0 # dummy
2493 0 # dummy
2494 0 # dummy
2495 0 # dummy
2496 0 # dummy
2497 0 # dummy
2498 0 # dummy
2499 0 # dummy
2500 0 # dummy
2501 0 # dummy
2502 0 # dummy
2503 0 # dummy
2504 0 # dummy
2505 0 # dummy
2506 0 # dummy
2507 0 # dummy
2508 0 # dummy
2509 0 # dummy
2510 0 # dummy
2511 0 # dummy
2512 0 # dummy
2513 0 # dummy
2514 0 # dummy
2515 0 # dummy
2516 0 # dummy
2517 0 # dummy
2518 0 # dummy
2519 0 # dummy
2520 0 # dummy
2521 0 # dummy
2522 0 # dummy
2523 0 # dummy
2524 0 # dummy
2525 0 # dummy
2526 0 # dummy
2527 0 # dummy
2528 0 # dummy
2529 0 # dummy
2530 0 # dummy
2531 0 # dummy
2532 0 # dummy
2533 0 # dummy
2534 0 # dummy
2535 0 # dummy
2536 0 # dummy
2537 0 # dummy
2538 0 # dummy
2539 0 # dummy
2540 0 # dummy
2541 0 # dummy
2542 0 # dummy
2543 0 # dummy
2544 0 # dummy
2545 0 # dummy
2546 0 # dummy
2547 0 # dummy
2548 0 # dummy
2549 0 # dummy
2550 0 # dummy
2551 0 # dummy
2552 0 # dummy
2553 0 # dummy
2554 0 # dummy
2555 0 # dummy
2556 0 # dummy
2557 0 # dummy
2558 0 # dummy
2559 0 # dummy
2560 0 # dummy
2561 0 # dummy
2562 0 # dummy
2563 0 # dummy
2564 0 # dummy
2565 0 # dummy
2566 0 # dummy
2567 0 # dummy
2568 0 # dummy
2569 0 # dummy
2570 0 # dummy
2571 0 # dummy
2572 0 # dummy
2573 0 # dummy
2574 0 # dummy
2575 0 # dummy
2576 0 # dummy
2577 0 # dummy
2578 0 # dummy
2579 0 # dummy
2580 0 # dummy
2581 0 # dummy
2582 0 # dummy
2583 0 # dummy
2584 0 # dummy
2585 0 # dummy
2586 0 # dummy
2587 0 # dummy
2588 0 # dummy
2589 0 # dummy
2590 0 # dummy
2591 0 # dummy
2592 0 # dummy
2593 0 # dummy
2594 0 # dummy
2595 0 # dummy
2596 0 # dummy
2597 0 # dummy
2598 0 # dummy
2599 0 # dummy
2600 0 # dummy
2601 0 # dummy
2602 0 # dummy
2603 0 # dummy
2604 0 # dummy
2605 0 # dummy
2606 0 # dummy
2607 0 # dummy
2608 0 # dummy
2609 0 # dummy
2610 0 # dummy
2611 0 # dummy
2612 0 # dummy
2613 0 # dummy
2614 0 # dummy
2615 0 # dummy
2616 0 # dummy
2617 0 # dummy
2618 0 # dummy
2619 0 # dummy
2620 0 # dummy
2621 0 # dummy
2622 0 # dummy
2623 0 # dummy
2624 0 # dummy
2625 0 # dummy
2626 0 # dummy
2627 0 # dummy
2628 0 # dummy
2629 0 # dummy
2630 0 # dummy
2631 0 # dummy
2632 0 # dummy
2633 0 # dummy
2634 0 # dummy
2635 0 # dummy
2636 0 # dummy
2637 0 # dummy
2638 0 # dummy
2639 0 # dummy
2640 0 # dummy
2641 0 # dummy
2642 0 # dummy
2643 0 # dummy
2644 0 # dummy
2645 0 # dummy
2646 0 # dummy
2647 0 # dummy
2648 0 # dummy
2649 0 # dummy
2650 0 # dummy
2651 0 # dummy
2652 0 # dummy
2653 0 # dummy
2654 0 # dummy
2655 0 # dummy
2656 0 # dummy
2657 0 # dummy
2658 0 # dummy
2659 0 # dummy
2660 0 # dummy
2661 0 # dummy
2662 0 # dummy
2663 0 # dummy
2664 0 # dummy
2665 0 # dummy
2666 0 # dummy
2667 0 # dummy
2668 0 # dummy
2669 0 # dummy
2670 0 # dummy
2671 0 # dummy
2672 0 # dummy
2673 0 # dummy
2674 0 # dummy
2675 0 # dummy
2676 0 # dummy
2677 0 # dummy
2678 0 # dummy
2679 0 # dummy
2680 0 # dummy
2681 0 # dummy
2682 0 # dummy
2683 0 # dummy
2684 0 # dummy
2685 0 # dummy
2686 0 # dummy
2687 0 # dummy
2688 0 # dummy
2689 0 # dummy
2690 0 # dummy
2691 0 # dummy
2692 0 # dummy
2693 0 # dummy
2694 0 # dummy
2695 0 # dummy
2696 0 # dummy
2697 0 # dummy
2698 0 # dummy
2699 0 # dummy
2700 0 # dummy
2701 0 # dummy
2702 0 # dummy
2703 0 # dummy
2704 0 # dummy
2705 0 # dummy
2706 0 # dummy
2707 0 # dummy
2708 0 # dummy
2709 0 # dummy
2710 0 # dummy
2711 0 # dummy
2712 0 # dummy
2713 0 # dummy
2714 0 # dummy
2715 0 # dummy
2716 0 # dummy
2717 0 # dummy
2718 0 # dummy
2719 0 # dummy
2720 0 # dummy
2721 0 # dummy
2722 0 # dummy
2723 0 # dummy
2724 0 # dummy
2725 0 # dummy
2726 0 # dummy
2727 0 # dummy
2728 0 # dummy
2729 0 # dummy
2730 0 # dummy
2731 0 # dummy
2732 0 # dummy
2733 0 # dummy
2734 0 # dummy
2735 0 # dummy
2736 0 # dummy
2737 0 # dummy
2738 0 # dummy
2739 0 # dummy
2740 0 # dummy
2741 0 # dummy
2742 0 # dummy
2743 0 # dummy
2744 0 # dummy
2745 0 # dummy
2746 0 # dummy
2747 0 # dummy
2748 0 # dummy
2749 0 # dummy
2750 0 # dummy
2751 0 # dummy
2752 0 # dummy
2753 0 # dummy
2754 0 # dummy
2755 0 # dummy
2756 0 # dummy
2757 0 # dummy
2758 0 # dummy
2759 0 # dummy
2760 0 # dummy
2761 0 # dummy
2762 0 # dummy
2763 0 # dummy
2764 0 # dummy
2765 0 # dummy
2766 0 # dummy
2767 0 # dummy
2768 0 # dummy
2769 0 # dummy
2770 0 # dummy
2771 0 # dummy
2772 0 # dummy
2773 0 # dummy
2774 0 # dummy
2775 0 # dummy
2776 0 # dummy
2777 0 # dummy
2778 0 # dummy
2779 0 # dummy
2780 0 # dummy
2781 0 # dummy
2782 0 # dummy
2783 0 # dummy
2784 0 # dummy
2785 0 # dummy
2786 0 # dummy
2787 0 # dummy
2788 0 # dummy
2789 0 # dummy
2790 0 # dummy
2791 0 # dummy
2792 0 # dummy
2793 0 # dummy
2794 0 # dummy
2795 0 # dummy
2796 0 # dummy
2797 0 # dummy
2798 0 # dummy
2799 0 # dummy
2800 0 # dummy
2801 0 # dummy
2802 0 # dummy
2803 0 # dummy
2804 0 # dummy
2805 0 # dummy
2806 0 # dummy
2807 0 # dummy
2808 0 # dummy
2809 0 # dummy
2810 0 # dummy
2811 0 # dummy
2812 0 # dummy
2813 0 # dummy
2814 0 # dummy
2815 0 # dummy
2816 0 # dummy
2817 0 # dummy
2818 0 # dummy
2819 0 # dummy
2820 0 # dummy
2821 0 # dummy
2822 0 # dummy
2823 0 # dummy
2824 0 # dummy
2825 0 # dummy
2826 0 # dummy
2827 0 # dummy
2828 0 # dummy
2829 0 # dummy
2830 0 # dummy
2831 0 # dummy
2832 0 # dummy
2833 0 # dummy
2834 0 # dummy
2835 0 # dummy
2836 0 # dummy
2837 0 # dummy
2838 0 # dummy
2839 0 # dummy
2840 0 # dummy
2841 0 # dummy
2842 0 # dummy
2843 0 # dummy
2844 0 # dummy
2845 0 # dummy
2846 0 # dummy
2847 0 # dummy
2848 0 # dummy
2849 0 # dummy
2850 0 # dummy
2851 0 # dummy
2852 0 # dummy
2853 0 # dummy
2854 0 # dummy
2855 0 # dummy
2856 0 # dummy
2857 0 # dummy
2858 0 # dummy
2859 0 # dummy
2860 0 # dummy
2861 0 # dummy
2862 0 # dummy
2863 0 # dummy
2864 0 # dummy
2865 0 # dummy
2866 0 # dummy
2867 0 # dummy
2868 0 # dummy
2869 0 # dummy
2870 0 # dummy
2871 0 # dummy
2872 0 # dummy
2873 0 # dummy
2874 0 # dummy
2875 0 # dummy
2876 0 # dummy
2877 0 # dummy
2878 0 # dummy
2879 0 # dummy
2880 0 # dummy
2881 0 # dummy
2882 0 # dummy
2883 0 # dummy
2884 0 # dummy
2885 0 # dummy
2886 0 # dummy
2887 0 # dummy
2888 0 # dummy
2889 0 # dummy
2890 0 # dummy
2891 0 # dummy
2892 0 # dummy
2893 0 # dummy
2894 0 # dummy
2895 0 # dummy
2896 0 # dummy
2897 0 # dummy
2898 0 # dummy
2899 0 # dummy
2900 0 # dummy
2901 0 # dummy
2902 0 # dummy
2903 0 # dummy
2904 0 # dummy
2905 0 # dummy
2906 0 # dummy
2907 0 # dummy
2908 0 # dummy
2909 0 # dummy
2910 0 # dummy
2911 0 # dummy
2912 0 # dummy
2913 0 # dummy
2914 0 # dummy
2915 0 # dummy
2916 0 # dummy
2917 0 # dummy
2918 0 # dummy
2919 0 # dummy
2920 0 # dummy
2921 0 # dummy
2922 0 # dummy
2923 0 # dummy
2924 0 # dummy
2925 0 # dummy
2926 0 # dummy
2927 0 # dummy
2928 0 # dummy
2929 0 # dummy
2930 0 # dummy
2931 0 # dummy
2932 0 # dummy
2933 0 # dummy
2934 0 # dummy
2935 0 # dummy
2936 0 # dummy
2937 0 # dummy
2938 0 # dummy
2939 0 # dummy
2940 0 # dummy
2941 0 # dummy
2942 0 # dummy
2943 0 # dummy
2944 0 # dummy
2945 0 # dummy
2946 0 # dummy
2947 0 # dummy
2948 0 # dummy
2949 0 # dummy
2950 0 # dummy
2951 0 # dummy
2952 0 # dummy
2953 0 # dummy
2954 0 # dummy
2955 0 # dummy
2956 0 # dummy
2957 0 # dummy
2958 0 # dummy
2959 0 # dummy
2960 0 # dummy
2961 0 # dummy
2962 0 # dummy
2963 0 # dummy
2964 0 # dummy
2965 0 # dummy
2966 0 # dummy
2967 0 # dummy
2968 0 # dummy
2969 0 # dummy
2970 0 # dummy
2971 0 # dummy
2972 0 # dummy
2973 0 # dummy
2974 0 # dummy
2975 0 # dummy
2976 0 # dummy
2977 0 # dummy
2978 0 # dummy
2979 0 # dummy
2980 0 # dummy
2981 0 # dummy
2982 0 # dummy
2983 0 # dummy
2984 0 # dummy
2985 0 # dummy
2986 0 # dummy
2987 0 # dummy
2988 0 # dummy
2989 0 # dummy
2990 0 # dummy
2991 0 # dummy
2992 0 # dummy
2993 0 # dummy
2994 0 # dummy
2995 0 # dummy
2996 0 # dummy
2997 0 # dummy
2998 0 # dummy
2999 0 # dummy
3000 0 # dummy
3001 0 # dummy
3002 0 # dummy
3003 0 # dummy
3004 0 # dummy
3005 0 # dummy
3006 0 # dummy
3007 0 # dummy
3008 0 # dummy
3009 0 # dummy
3010 0 # dummy
3011 0 # dummy
3012 0 # dummy
3013 0 # dummy
3014 0 # dummy
3015 0 # dummy
3016 0 # dummy
3017 0 # dummy
3018 0 # dummy
3019 0 # dummy
3020 0 # dummy
3021 0 # dummy
3022 0 # dummy
3023 0 # dummy
3024 0 # dummy
3025 0 # dummy
3026 0 # dummy
3027 0 # dummy
3028 0 # dummy
3029 0 # dummy
3030 0 # dummy
3031 0 # dummy
3032 0 # dummy
3033 0 # dummy
3034 0 # dummy
3035 0 # dummy
3036 0 # dummy
3037 0 # dummy
3038 0 # dummy
3039 0 # dummy
3040 0 # dummy
3041 0 # dummy
3042 0 # dummy
3043 0 # dummy
3044 0 # dummy
3045 0 # dummy
3046 0 # dummy
3047 0 # dummy
3048 0 # dummy
3049 0 # dummy
3050 0 # dummy
3051 0 # dummy
3052 0 # dummy
3053 0 # dummy
3054 0 # dummy
3055 0 # dummy
3056 0 # dummy
3057 0 # dummy
3058 0 # dummy
3059 0 # dummy
3060 0 # dummy
3061 0 # dummy
3062 0 # dummy
3063 0 # dummy
3064 0 # dummy
3065 0 # dummy
3066 0 # dummy
3067 0 # dummy
3068 0 # dummy
3069 0 # dummy
3070 0 # dummy
3071 0 # dummy
3072 0 # dummy
3073 0 # dummy
3074 0 # dummy
3075 0 # dummy
3076 0 # dummy
3077 0 # dummy
3078 0 # dummy
3079 0 # dummy
3080 0 # dummy
3081 0 # dummy
3082 0 # dummy
3083 0 # dummy
3084 0 # dummy
3085 0 # dummy
3086 0 # dummy
3087 0 # dummy
3088 0 # dummy
3089 0 # dummy
3090 0 # dummy
3091 0 # dummy
3092 0 # dummy
3093 0 # dummy
3094 0 # dummy
3095 0 # dummy
3096 0 # dummy
3097 0 # dummy
3098 0 # dummy
3099 0 # dummy
3100 0 # dummy
3101 0 # dummy
3102 0 # dummy
3103 0 # dummy
3104 0 # dummy
3105 0 # dummy
3106 0 # dummy
3107 0 # dummy
3108 0 # dummy
3109 0 # dummy
3110 0 # dummy
3111 0 # dummy
3112 0 # dummy
3113 0 # dummy
3114 0 # dummy
3115 0 # dummy
3116 0 # dummy
3117 0 # dummy
3118 0 # dummy
3119 0 # dummy
3120 0 # dummy
3121 0 # dummy
3122 0 # dummy
3123 0 # dummy
3124 0 # dummy
3125 0 # dummy
3126 0 # dummy
3127 0 # dummy
3128 0 # dummy
3129 0 # dummy
3130 0 # dummy
3131 0 # dummy
3132 0 # dummy
3133 0 # dummy
3134 0 # dummy
3135 0 # dummy
3136 0 # dummy
3137 0 # dummy
3138 0 # dummy
3139 0 # dummy
3140 0 # dummy
3141 0 # dummy
3142 0 # dummy
3143 0 # dummy
3144 0 # dummy
3145 0 # dummy
3146 0 # dummy
3147 0 # dummy
3148 0 # dummy
3149 0 # dummy
3150 0 # dummy
3151 0 # dummy
3152 0 # dummy
3153 0 # dummy
3154 0 # dummy
3155 0 # dummy
3156 0 # dummy
3157 0 # dummy
3158 0 # dummy
3159 0 # dummy
3160 0 # dummy
3161 0 # dummy
3162 0 # dummy
3163 0 # dummy
3164 0 # dummy
3165 0 # dummy
3166 0 # dummy
3167 0 # dummy
3168 0 # dummy
3169 0 # dummy
3170 0 # dummy
3171 0 # dummy
3172 0 # dummy
3173 0 # dummy
3174 0 # dummy
3175 0 # dummy
3176 0 # dummy
3177 0 # dummy
3178 0 # dummy
3179 0 # dummy
3180 0 # dummy
3181 0 # dummy
3182 0 # dummy
3183 0 # dummy
3184 0 # dummy
3185 0 # dummy
3186 0 # dummy
3187 0 # dummy
3188 0 # dummy
3189 0 # dummy
3190 0 # dummy
3191 0 # dummy
3192 0 # dummy
3193 0 # dummy
3194 0 # dummy
3195 0 # dummy
3196 0 # dummy
3197 0 # dummy
3198 0 # dummy
3199 0 # dummy
3200 0 # dummy
3201 0 # dummy
3202 0 # dummy
3203 0 # dummy
3204 0 # dummy
3205 0 # dummy
3206 0 # dummy
3207 0 # dummy
3208 0 # dummy
3209 0 # dummy
3210 0 # dummy
3211 0 # dummy
3212 0 # dummy
3213 0 # dummy
3214 0 # dummy
3215 0 # dummy
3216 0 # dummy
3217 0 # dummy
3218 0 # dummy
3219 0 # dummy
3220 0 # dummy
3221 0 # dummy
3222 0 # dummy
3223 0 # dummy
3224 0 # dummy
3225 0 # dummy
3226 0 # dummy
3227 0 # dummy
3228 0 # dummy
3229 0 # dummy
3230 0 # dummy
3231 0 # dummy
3232 0 # dummy
3233 0 # dummy
3234 0 # dummy
3235 0 # dummy
3236 0 # dummy
3237 0 # dummy
3238 0 # dummy
3239 0 # dummy
3240 0 # dummy
3241 0 # dummy
3242 0 # dummy
3243 0 # dummy
3244 0 # dummy
3245 0 # dummy
3246 0 # dummy
3247 0 # dummy
3248 0 # dummy
3249 0 # dummy
3250 0 # dummy
3251 0 # dummy
3252 0 # dummy
3253 0 # dummy
3254 0 # dummy
3255 0 # dummy
3256 0 # dummy
3257 0 # dummy
3258 0 # dummy
3259 0 # dummy
3260 0 # dummy
3261 0 # dummy
3262 0 # dummy
3263 0 # dummy
3264 0 # dummy
3265 0 # dummy
3266 0 # dummy
3267 0 # dummy
3268 0 # dummy
3269 0 # dummy
3270 0 # dummy
3271 0 # dummy
3272 0 # dummy
3273 0 # dummy
3274 0 # dummy
3275 0 # dummy
3276 0 # dummy
3277 0 # dummy
3278 0 # dummy
3279 0 # dummy
3280 0 # dummy
3281 0 # dummy
3282 0 # dummy
3283 0 # dummy
3284 0 # dummy
3285 0 # dummy
3286 0 # dummy
3287 0 # dummy
3288 0 # dummy
3289 0 # dummy
3290 0 # dummy
3291 0 # dummy
3292 0 # dummy
3293 0 # dummy
3294 0 # dummy
3295 0 # dummy
3296 0 # dummy
3297 0 # dummy
3298 0 # dummy
3299 0 # dummy
3300 0 # dummy
3301 0 # dummy
3302 0 # dummy
3303 0 # dummy
3304 0 # dummy
3305 0 # dummy
3306 0 # dummy
3307 0 # dummy
3308 0 # dummy
3309 0 # dummy
3310 0 # dummy
3311 0 # dummy
3312 0 # dummy
3313 0 # dummy
3314 0 # dummy
3315 0 # dummy
3316 0 # dummy
3317 0 # dummy
3318 0 # dummy
3319 0 # dummy
3320 0 # dummy
3321 0 # dummy
3322 0 # dummy
3323 0 # dummy
3324 0 # dummy
3325 0 # dummy
3326 0 # dummy
3327 0 # dummy
3328 0 # dummy
3329 0 # dummy
3330 0 # dummy
3331 0 # dummy
3332 0 # dummy
3333 0 # dummy
3334 0 # dummy
3335 0 # dummy
3336 0 # dummy
3337 0 # dummy
3338 0 # dummy
3339 0 # dummy
3340 0 # dummy
3341 0 # dummy
3342 0 # dummy
3343 0 # dummy
3344 0 # dummy
3345 0 # dummy
3346 0 # dummy
3347 0 # dummy
3348 0 # dummy
3349 0 # dummy
3350 0 # dummy
3351 0 # dummy
3352 0 # dummy
3353 0 # dummy
3354 0 # dummy
3355 0 # dummy
3356 0 # dummy
3357 0 # dummy
3358 0 # dummy
3359 0 # dummy
3360 0 # dummy
3361 0 # dummy
3362 0 # dummy
3363 0 # dummy
3364 0 # dummy
3365 0 # dummy
3366 0 # dummy
3367 0 # dummy
3368 0 # dummy
3369 0 # dummy
3370 0 # dummy
3371 0 # dummy
3372 0 # dummy
3373 0 # dummy
3374 0 # dummy
3375 0 # dummy
3376 0 # dummy
3377 0 # dummy
3378 0 # dummy
3379 0 # dummy
3380 0 # dummy
3381 0 # dummy
3382 0 # dummy
3383 0 # dummy
3384 0 # dummy
3385 0 # dummy
3386 0 # dummy
3387 0 # dummy
3388 0 # dummy
3389 0 # dummy
3390 0 # dummy
3391 0 # dummy
3392 0 # dummy
3393 0 # dummy
3394 0 # dummy
3395 0 # dummy
3396 0 # dummy
3397 0 # dummy
3398 0 # dummy
3399 0 # dummy
3400 0 # dummy
3401 0 # dummy
3402 0 # dummy
3403 0 # dummy
3404 0 # dummy
3405 0 # dummy
3406 0 # dummy
3407 0 # dummy
3408 0 # dummy
3409 0 # dummy
3410 0 # dummy
3411 0 # dummy
3412 0 # dummy
3413 0 # dummy
3414 0 # dummy
3415 0 # dummy
3416 0 # dummy
3417 0 # dummy
3418 0 # dummy
3419 0 # dummy
3420 0 # dummy
3421 0 # dummy
3422 0 # dummy
3423 0 # dummy
3424 0 # dummy
3425 0 # dummy
3426 0 # dummy
3427 0 # dummy
3428 0 # dummy
3429 0 # dummy
3430 0 # dummy
3431 0 # dummy
3432 0 # dummy
3433 0 # dummy
3434 0 # dummy
3435 0 # dummy
3436 0 # dummy
3437 0 # dummy
3438 0 # dummy
3439 0 # dummy
3440 0 # dummy
3441 0 # dummy
3442 0 # dummy
3443 0 # dummy
3444 0 # dummy
3445 0 # dummy
3446 0 # dummy
3447 0 # dummy
3448 0 # dummy
3449 0 # dummy
3450 0 # dummy
3451 0 # dummy
3452 0 # dummy
3453 0 # dummy
3454 0 # dummy
3455 0 # dummy
3456 0 # dummy
3457 0 # dummy
3458 0 # dummy
3459 0 # dummy
3460 0 # dummy
3461 0 # dummy
3462 0 # dummy
3463 0 # dummy
3464 0 # dummy
3465 0 # dummy
3466 0 # dummy
3467 0 # dummy
3468 0 # dummy
3469 0 # dummy
3470 0 # dummy
3471 0 # dummy
3472 0 # dummy
3473 0 # dummy
3474 0 # dummy
3475 0 # dummy
3476 0 # dummy
3477 0 # dummy
3478 0 # dummy
3479 0 # dummy
3480 0 # dummy
3481 0 # dummy
3482 0 # dummy
3483 0 # dummy
3484 0 # dummy
3485 0 # dummy
3486 0 # dummy
3487 0 # dummy
3488 0 # dummy
3489 0 # dummy
3490 0 # dummy
3491 0 # dummy
3492 0 # dummy
3493 0 # dummy
3494 0 # dummy
3495 0 # dummy
3496 0 # dummy
3497 0 # dummy
3498 0 # dummy
3499 0 # dummy
3500 0 # dummy
3501 0 # dummy
3502 0 # dummy
3503 0 # dummy
3504 0 # dummy
3505 0 # dummy
3506 0 # dummy
3507 0 # dummy
3508 0 # dummy
3509 0 # dummy
3510 0 # dummy
3511 0 # dummy
3512 0 # dummy
3513 0 # dummy
3514 0 # dummy
3515 0 # dummy
3516 0 # dummy
3517 0 # dummy
3518 0 # dummy
3519 0 # dummy
3520 0 # dummy
3521 0 # dummy
3522 0 # dummy
3523 0 # dummy
3524 0 # dummy
3525 0 # dummy
3526 0 # dummy
3527 0 # dummy
3528 0 # dummy
3529 0 # dummy
3530 0 # dummy
3531 0 # dummy
3532 0 # dummy
3533 0 # dummy
3534 0 # dummy
3535 0 # dummy
3536 0 # dummy
3537 0 # dummy
3538 0 # dummy
3539 0 # dummy
3540 0 # dummy
3541 0 # dummy
3542 0 # dummy
3543 0 # dummy
3544 0 # dummy
3545 0 # dummy
3546 0 # dummy
3547 0 # dummy
3548 0 # dummy
3549 0 # dummy
3550 0 # dummy
3551 0 # dummy
3552 0 # dummy
3553 0 # dummy
3554 0 # dummy
3555 0 # dummy
3556 0 # dummy
3557 0 # dummy
3558 0 # dummy
3559 0 # dummy
3560 0 # dummy
3561 0 # dummy
3562 0 # dummy
3563 0 # dummy
3564 0 # dummy
3565 0 # dummy
3566 0 # dummy
3567 0 # dummy
3568 0 # dummy
3569 0 # dummy
3570 0 # dummy
3571 0 # dummy
3572 0 # dummy
3573 0 # dummy
3574 0 # dummy
3575 0 # dummy
3576 0 # dummy
3577 0 # dummy
3578 0 # dummy
3579 0 # dummy
3580 0 # dummy
3581 0 # dummy
3582 0 # dummy
3583 0 # dummy
3584 0 # dummy
3585 0 # dummy
3586 0 # dummy
3587 0 # dummy
3588 0 # dummy
3589 0 # dummy
3590 0 # dummy
3591 0 # dummy
3592 0 # dummy
3593 0 # dummy
3594 0 # dummy
3595 0 # dummy
3596 0 # dummy
3597 0 # dummy
3598 0 # dummy
3599 0 # dummy
3600 0 # dummy
3601 0 # dummy
3602 0 # dummy
3603 0 # dummy
3604 0 # dummy
3605 0 # dummy
3606 0 # dummy
3607 0 # dummy
3608 0 # dummy
3609 0 # dummy
3610 0 # dummy
3611 0 # dummy
3612 0 # dummy
3613 0 # dummy
3614 0 # dummy
3615 0 # dummy
3616 0 # dummy
3617 0 # dummy
3618 0 # dummy
3619 0 # dummy
3620 0 # dummy
3621 0 # dummy
3622 0 # dummy
3623 0 # dummy
3624 0 # dummy
3625 0 # dummy
3626 0 # dummy
3627 0 # dummy
3628 0 # dummy
3629 0 # dummy
3630 0 # dummy
3631 0 # dummy
3632 0 # dummy
3633 0 # dummy
3634 0 # dummy
3635 0 # dummy
3636 0 # dummy
3637 0 # dummy
3638 0 # dummy
3639 0 # dummy
3640 0 # dummy
3641 0 # dummy
3642 0 # dummy
3643 0 # dummy
3644 0 # dummy
3645 0 # dummy
3646 0 # dummy
3647 0 # dummy
3648 0 # dummy
3649 0 # dummy
3650 0 # dummy
3651 0 # dummy
3652 0 # dummy
3653 0 # dummy
3654 0 # dummy
3655 0 # dummy
3656 0 # dummy
3657 0 # dummy
3658 0 # dummy
3659 0 # dummy
3660 0 # dummy
3661 0 # dummy
3662 0 # dummy
3663 0 # dummy
3664 0 # dummy
3665 0 # dummy
3666 0 # dummy
3667 0 # dummy
3668 0 # dummy
3669 0 # dummy
3670 0 # dummy
3671 0 # dummy
3672 0 # dummy
3673 0 # dummy
3674 0 # dummy
3675 0 # dummy
3676 0 # dummy
3677 0 # dummy
3678 0 # dummy
3679 0 # dummy
3680 0 # dummy
3681 0 # dummy
3682 0 # dummy
3683 0 # dummy
3684 0 # dummy
3685 0 # dummy
3686 0 # dummy
3687 0 # dummy
3688 0 # dummy
3689 0 # dummy
3690 0 # dummy
3691 0 # dummy
3692 0 # dummy
3693 0 # dummy
3694 0 # dummy
3695 0 # dummy
3696 0 # dummy
3697 0 # dummy
3698 0 # dummy
3699 0 # dummy
3700 0 # dummy
3701 0 # dummy
3702 0 # dummy
3703 0 # dummy
3704 0 # dummy
3705 0 # dummy
3706 0 # dummy
3707 0 # dummy
3708 0 # dummy
3709 0 # dummy
3710 0 # dummy
3711 0 # dummy
3712 0 # dummy
3713 0 # dummy
3714 0 # dummy
3715 0 # dummy
3716 0 # dummy
3717 0 # dummy
3718 0 # dummy
3719 0 # dummy
3720 0 # dummy
3721 0 # dummy
3722 0 # dummy
3723 0 # dummy
3724 0 # dummy
3725 0 # dummy
3726 0 # dummy
3727 0 # dummy
3728 0 # dummy
3729 0 # dummy
3730 0 # dummy
3731 0 # dummy
3732 0 # dummy
3733 0 # dummy
3734 0 # dummy
3735 0 # dummy
3736 0 # dummy
3737 0 # dummy
3738 0 # dummy
3739 0 # dummy
3740 0 # dummy
3741 0 # dummy
3742 0 # dummy
3743 0 # dummy
3744 0 # dummy
3745 0 # dummy
3746 0 # dummy
3747 0 # dummy
3748 0 # dummy
3749 0 # dummy
3750 0 # dummy
3751 0 # dummy
3752 0 # dummy
3753 0 # dummy
3754 0 # dummy
3755 0 # dummy
3756 0 # dummy
3757 0 # dummy
3758 0 # dummy
3759 0 # dummy
3760 0 # dummy
3761 0 # dummy
3762 0 # dummy
3763 0 # dummy
3764 0 # dummy
3765 0 # dummy
3766 0 # dummy
3767 0 # dummy
3768 0 # dummy
3769 0 # dummy
3770 0 # dummy
3771 0 # dummy
3772 0 # dummy
3773 0 # dummy
3774 0 # dummy
3775 0 # dummy
3776 0 # dummy
3777 0 # dummy
3778 0 # dummy
3779 0 # dummy
3780 0 # dummy
3781 0 # dummy
3782 0 # dummy
3783 0 # dummy
3784 0 # dummy
3785 0 # dummy
3786 0 # dummy
3787 0 # dummy
3788 0 # dummy
3789 0 # dummy
3790 0 # dummy
3791 0 # dummy
3792 0 # dummy
3793 0 # dummy
3794 0 # dummy
3795 0 # dummy
3796 0 # dummy
3797 0 # dummy
3798 0 # dummy
3799 0 # dummy
3800 0 # dummy
3801 0 # dummy
3802 0 # dummy
3803 0 # dummy
3804 0 # dummy
3805 0 # dummy
3806 0 # dummy
3807 0 # dummy
3808 0 # dummy
3809 0 # dummy
3810 0 # dummy
3811 0 # dummy
3812 0 # dummy
3813 0 # dummy
3814 0 # dummy
3815 0 # dummy
3816 0 # dummy
3817 0 # dummy
3818 0 # dummy
3819 0 # dummy
3820 0 # dummy
3821 0 # dummy
3822 0 # dummy
3823 0 # dummy
3824 0 # dummy
3825 0 # dummy
3826 0 # dummy
3827 0 # dummy
3828 0 # dummy
3829 0 # dummy
3830 0 # dummy
3831 0 # dummy
3832 0 # dummy
3833 0 # dummy
3834 0 # dummy
3835 0 # dummy
3836 0 # dummy
3837 0 # dummy
3838 0 # dummy
3839 0 # dummy
3840 0 # dummy
3841 0 # dummy
3842 0 # dummy
3843 0 # dummy
3844 0 # dummy
3845 0 # dummy
3846 0 # dummy
3847 0 # dummy
3848 0 # dummy
3849 0 # dummy
3850 0 # dummy
3851 0 # dummy
3852 0 # dummy
3853 0 # dummy
3854 0 # dummy
3855 0 # dummy
3856 0 # dummy
3857 0 # dummy
3858 0 # dummy
3859 0 # dummy
3860 0 # dummy
3861 0 # dummy
3862 0 # dummy
3863 0 # dummy
3864 0 # dummy
3865 0 # dummy
3866 0 # dummy
3867 0 # dummy
3868 0 # dummy
3869 0 # dummy
3870 0 # dummy
3871 0 # dummy
3872 0 # dummy
3873 0 # dummy
3874 0 # dummy
3875 0 # dummy
3876 0 # dummy
3877 0 # dummy
3878 0 # dummy
3879 0 # dummy
3880 0 # dummy
3881 0 # dummy
3882 0 # dummy
3883 0 # dummy
3884 0 # dummy
3885 0 # dummy
3886 0 # dummy
3887 0 # dummy
3888 0 # dummy
3889 0 # dummy
3890 0 # dummy
3891 0 # dummy
3892 0 # dummy
3893 0 # dummy
3894 0 # dummy
3895 0 # dummy
3896 0 # dummy
3897 0 # dummy
3898 0 # dummy
3899 0 # dummy
3900 0 # dummy
3901 0 # dummy
3902 0 # dummy
3903 0 # dummy
3904 0 # dummy
3905 0 # dummy
3906 0 # dummy
3907 0 # dummy
3908 0 # dummy
3909 0 # dummy
3910 0 # dummy
3911 0 # dummy
3912 0 # dummy
3913 0 # dummy
3914 0 # dummy
3915 0 # dummy
3916 0 # dummy
3917 0 # dummy
3918 0 # dummy
3919 0 # dummy
3920 0 # dummy
3921 0 # dummy
3922 0 # dummy
3923 0 # dummy
3924 0 # dummy
3925 0 # dummy
3926 0 # dummy
3927 0 # dummy
3928 0 # dummy
3929 0 # dummy
3930 0 # dummy
3931 0 # dummy
3932 0 # dummy
3933 0 # dummy
3934 0 # dummy
3935 0 # dummy
3936 0 # dummy
3937 0 # dummy
3938 0 # dummy
3939 0 # dummy
3940 0 # dummy
3941 0 # dummy
3942 0 # dummy
3943 0 # dummy
3944 0 # dummy
3945 0 # dummy
3946 0 # dummy
3947 0 # dummy
3948 0 # dummy
3949 0 # dummy
3950 0 # dummy
3951 0 # dummy
3952 0 # dummy
3953 0 # dummy
3954 0 # dummy
3955 0 # dummy
3956 0 # dummy
3957 0 # dummy
3958 0 # dummy
3959 0 # dummy
3960 0 # dummy
3961 0 # dummy
3962 0 # dummy
3963 0 # dummy
3964 0 # dummy
3965 0 # dummy
3966 0 # dummy
3967 0 # dummy
3968 0 # dummy
3969 0 # dummy
3970 0 # dummy
3971 0 # dummy
3972 0 # dummy
3973 0 # dummy
3974 0 # dummy
3975 0 # dummy
3976 0 # dummy
3977 0 # dummy
3978 0 # dummy
3979 0 # dummy
3980 0 # dummy
3981 0 # dummy
3982 0 # dummy
3983 0 # dummy
3984 0 # dummy
3985 0 # dummy
3986 0 # dummy
3987 0 # dummy
3988 0 # dummy
3989 0 # dummy
3990 0 # dummy
3991 0 # dummy
3992 0 # dummy
3993 0 # dummy
3994 0 # dummy
3995 0 # dummy
3996 0 # dummy
3997 0 # dummy
3998 0 # dummy
3999 0 # dummy
4000 0 # dummy
4001 0 # dummy
4002 0 # dummy
4003 0 # dummy
4004 0 # dummy
4005 0 # dummy
4006 0 # dummy
4007 0 # dummy
4008 0 # dummy
4009 0 # dummy
4010 0 # dummy
4011 0 # dummy
4012 0 # dummy
4013 0 # dummy
4014 0 # dummy
4015 0 # dummy
4016 0 # dummy
4017 0 # dummy
4018 0 # dummy
4019 0 # dummy
4020 0 # dummy
4021 0 # dummy
4022 0 # dummy
4023 0 # dummy
4024 0 # dummy
4025 0 # dummy
4026 0 # dummy
4027 0 # dummy
4028 0 # dummy
4029 0 # dummy
4030 0 # dummy
4031 0 # dummy
4032 0 # dummy
4033 0 # dummy
4034 0 # dummy
4035 0 # dummy
4036 0 # dummy
4037 0 # dummy
4038 0 # dummy
4039 0 # dummy
4040 0 # dummy
4041 0 # dummy
4042 0 # dummy
4043 0 # dummy
4044 0 # dummy
4045 0 # dummy
4046 0 # dummy
4047 0 # dummy
4048 0 # dummy
4049 0 # dummy
4050 0 # dummy
4051 0 # dummy
4052 0 # dummy
4053 0 # dummy
4054 0 # dummy
4055 0 # dummy
4056 0 # dummy
4057 0 # dummy
4058 0 # dummy
4059 0 # dummy
4060 0 # dummy
4061 0 # dummy
4062 0 # dummy
4063 0 # dummy
4064 0 # dummy
4065 0 # dummy
4066 0 # dummy
4067 0 # dummy
4068 0 # dummy
4069 0 # dummy
4070 0 # dummy
4071 0 # dummy
4072 0 # dummy
4073 0 # dummy
4074 0 # dummy
4075 0 # dummy
4076 0 # dummy
4077 0 # dummy
4078 0 # dummy
4079 0 # dummy
4080 0 # dummy
4081 0 # dummy
4082 0 # dummy
4083 0 # dummy
4084 0 # dummy
4085 0 # dummy
4086 0 # dummy
4087 0 # dummy
4088 0 # dummy
4089 0 # dummy
4090 0 # dummy
4091 0 # dummy
4092 0 # dummy
4093 0 # dummy
4094 0 # dummy
4095 0 # dummy
