# PT compression LUT
# maps 8 bits to 6 bits
# the 1st column is the integer value after selecting bits 1:8
# anything after # is ignored with the exception of the header
# the header is first valid line starting with #<header> versionStr nrBitsAddress nrBitsData </header>
#<header> v1 8 6 </header>
0 0
1 0
2 0
3 0
4 0
5 0
6 0
7 0
8 0
9 0
10 0
11 0
12 0
13 0
14 0
15 0
16 1
17 2
18 3
19 4
20 5
21 6
22 7
23 8
24 9
25 10
26 11
27 12
28 13
29 14
30 15
31 16
32 17
33 18
34 19
35 20
36 21
37 22
38 23
39 24
40 25
41 26
42 27
43 28
44 29
45 30
46 31
47 32
48 33
49 34
50 35
51 36
52 37
53 38
54 39
55 40
56 41
57 42
58 43
59 44
60 45
61 45
62 45
63 46
64 46
65 46
66 46
67 47
68 47
69 47
70 47
71 48
72 48
73 48
74 49
75 49
76 49
77 49
78 50
79 50
80 50
81 50
82 50
83 51
84 51
85 51
86 51
87 51
88 51
89 52
90 52
91 52
92 52
93 52
94 52
95 53
96 53
97 53
98 53
99 53
100 53
101 54
102 54
103 54
104 54
105 54
106 54
107 55
108 55
109 55
110 55
111 55
112 55
113 55
114 55
115 55
116 56
117 56
118 56
119 56
120 56
121 56
122 56
123 56
124 57
125 57
126 57
127 57
128 57
129 57
130 57
131 57
132 57
133 57
134 58
135 58
136 58
137 58
138 58
139 58
140 58
141 58
142 58
143 58
144 59
145 59
146 59
147 59
148 59
149 59
150 59
151 59
152 59
153 59
154 59
155 59
156 59
157 60
158 60
159 60
160 60
161 60
162 60
163 60
164 60
165 60
166 60
167 60
168 60
169 60
170 60
171 60
172 60
173 60
174 60
175 60
176 61
177 61
178 61
179 61
180 61
181 61
182 61
183 61
184 61
185 61
186 61
187 61
188 61
189 61
190 61
191 61
192 61
193 61
194 61
195 62
196 62
197 62
198 62
199 62
200 62
201 62
202 62
203 62
204 62
205 62
206 62
207 62
208 62
209 62
210 62
211 62
212 62
213 62
214 62
215 62
216 62
217 62
218 62
219 62
220 63
221 63
222 63
223 63
224 63
225 63
226 63
227 63
228 63
229 63
230 63
231 63
232 63
233 63
234 63
235 63
236 63
237 63
238 63
239 63
240 63
241 63
242 63
243 63
244 63
245 63
246 63
247 63
248 63
249 63
250 63
251 63
252 63
253 63
254 63
255 63
