# address to addend+multiplicative factor LUT
# maps 12 bits to 18 bits
# 18 bits = (addend<<10) + multiplier)
# addend is signed 8 bits, multiplier is 10 bits
# anything after # is ignored with the exception of the header
# the header is first valid line starting with #<header> versionStr nrBitsAddress nrBitsData </header>
#<header> v1 12 18 </header>
0 512  # compresses ieta bin 0, pt 0
1 8191
2 13311
3 14335
4 13311
5 14335
6 14335
7 14335
8 13311
9 14335
10 12287
11 12287
12 11263
13 10239
14 10239
15 10239
16 8191
17 7167
18 4095
19 2046
20 1014
21 1001
22 978
23 968
24 965
25 945
26 938
27 921
28 915
29 910
30 901
31 901
32 897
33 884
34 875
35 867
36 859
37 852
38 842
39 833
40 827
41 828
42 824
43 816
44 812
45 808
46 800
47 793
48 785
49 780
50 767
51 766
52 762
53 757
54 755
55 749
56 747
57 748
58 739
59 735
60 733
61 730
62 714
63 703
64 512  # compresses ieta bin 1, pt 0
65 10239
66 18431
67 17407
68 17407
69 17407
70 17407
71 16383
72 16383
73 16383
74 15359
75 15359
76 13311
77 13311
78 12287
79 12287
80 10239
81 9215
82 7167
83 4095
84 2047
85 1021
86 1003
87 986
88 982
89 962
90 954
91 941
92 930
93 924
94 914
95 909
96 909
97 896
98 883
99 874
100 866
101 859
102 849
103 842
104 837
105 837
106 829
107 822
108 820
109 816
110 807
111 801
112 792
113 785
114 772
115 767
116 764
117 759
118 757
119 753
120 750
121 749
122 742
123 737
124 734
125 733
126 716
127 706
128 512  # compresses ieta bin 2, pt 0
129 10239
130 17407
131 17407
132 17407
133 17407
134 17407
135 16383
136 16383
137 16383
138 15359
139 14335
140 13311
141 12287
142 12287
143 11263
144 10239
145 9215
146 6143
147 4095
148 2047
149 1021
150 997
151 986
152 982
153 962
154 954
155 937
156 930
157 920
158 914
159 909
160 909
161 896
162 883
163 874
164 863
165 859
166 849
167 842
168 837
169 834
170 829
171 822
172 820
173 816
174 807
175 801
176 790
177 785
178 769
179 767
180 764
181 757
182 755
183 751
184 748
185 748
186 741
187 736
188 734
189 731
190 716
191 705
192 512  # compresses ieta bin 3, pt 0
193 10239
194 17407
195 17407
196 17407
197 17407
198 17407
199 16383
200 16383
201 16383
202 15359
203 14335
204 13311
205 12287
206 12287
207 11263
208 10239
209 9215
210 6143
211 4095
212 2047
213 1021
214 1003
215 992
216 983
217 963
218 959
219 941
220 935
221 924
222 914
223 910
224 909
225 897
226 887
227 878
228 866
229 862
230 852
231 846
232 840
233 838
234 832
235 825
236 823
237 819
238 810
239 803
240 792
241 787
242 772
243 769
244 766
245 759
246 757
247 753
248 750
249 749
250 742
251 737
252 736
253 733
254 717
255 707
256 512  # compresses ieta bin 4, pt 0
257 12287
258 20479
259 20479
260 21503
261 20479
262 20479
263 18431
264 19455
265 19455
266 18431
267 17407
268 16383
269 15359
270 15359
271 14335
272 12287
273 11263
274 9215
275 7167
276 5119
277 4095
278 1015
279 1004
280 999
281 978
282 969
283 956
284 945
285 938
286 928
287 923
288 922
289 909
290 894
291 885
292 877
293 869
294 858
295 849
296 849
297 846
298 841
299 833
300 828
301 826
302 817
303 810
304 799
305 791
306 778
307 775
308 771
309 766
310 764
311 759
312 756
313 757
314 750
315 745
316 741
317 739
318 723
319 712
320 512  # compresses ieta bin 5, pt 0
321 12287
322 21503
323 22527
324 21503
325 21503
326 21503
327 19455
328 19455
329 19455
330 18431
331 17407
332 16383
333 15359
334 15359
335 15359
336 13311
337 12287
338 9215
339 7167
340 6143
341 5119
342 1016
343 1010
344 1004
345 983
346 974
347 957
348 949
349 943
350 932
351 927
352 926
353 909
354 898
355 889
356 877
357 872
358 858
359 852
360 849
361 846
362 841
363 833
364 831
365 826
366 817
367 810
368 801
369 793
370 780
371 777
372 773
373 767
374 766
375 761
376 758
377 757
378 751
379 745
380 743
381 741
382 724
383 714
384 512  # compresses ieta bin 6, pt 0
385 11263
386 19455
387 18431
388 19455
389 19455
390 19455
391 17407
392 17407
393 18431
394 16383
395 15359
396 14335
397 13311
398 12287
399 12287
400 10239
401 9215
402 6143
403 4095
404 3071
405 2046
406 1003
407 986
408 982
409 962
410 954
411 936
412 926
413 919
414 910
415 905
416 905
417 896
418 883
419 874
420 866
421 862
422 852
423 846
424 843
425 840
426 835
427 827
428 825
429 821
430 812
431 805
432 797
433 789
434 774
435 771
436 767
437 762
438 761
439 756
440 753
441 752
442 745
443 740
444 738
445 735
446 719
447 709
448 512  # compresses ieta bin 7, pt 0
449 9215
450 15359
451 15359
452 16383
453 17407
454 16383
455 15359
456 14335
457 14335
458 13311
459 12287
460 10239
461 10239
462 10239
463 9215
464 8191
465 7167
466 4095
467 1020
468 1014
469 1001
470 978
471 968
472 965
473 946
474 943
475 927
476 920
477 906
478 896
479 892
480 892
481 880
482 863
483 852
484 845
485 842
486 832
487 827
488 818
489 817
490 809
491 805
492 801
493 801
494 795
495 786
496 781
497 776
498 763
499 762
500 758
501 751
502 750
503 743
504 736
505 735
506 728
507 723
508 720
509 715
510 703
511 697
512 512  # compresses ieta bin 8, pt 0
513 9215
514 15359
515 15359
516 16383
517 17407
518 16383
519 14335
520 13311
521 14335
522 12287
523 11263
524 9215
525 8191
526 8191
527 8191
528 6143
529 5119
530 2044
531 1006
532 1000
533 982
534 971
535 962
536 954
537 934
538 928
539 916
540 906
541 892
542 883
543 879
544 875
545 868
546 860
547 848
548 841
549 835
550 826
551 823
552 815
553 811
554 806
555 800
556 796
557 793
558 787
559 779
560 772
561 767
562 753
563 752
564 751
565 748
566 747
567 741
568 734
569 734
570 728
571 723
572 720
573 715
574 703
575 697
576 512  # compresses ieta bin 9, pt 0
577 8191
578 13311
579 13311
580 12287
581 13311
582 12287
583 11263
584 10239
585 10239
586 9215
587 8191
588 8191
589 6143
590 6143
591 6143
592 4095
593 3071
594 1013
595 991
596 986
597 963
598 953
599 944
600 937
601 923
602 912
603 901
604 896
605 882
606 878
607 875
608 871
609 860
610 856
611 844
612 838
613 831
614 822
615 817
616 809
617 805
618 801
619 794
620 791
621 788
622 782
623 774
624 765
625 763
626 753
627 750
628 747
629 744
630 742
631 736
632 731
633 729
634 726
635 720
636 718
637 713
638 699
639 692
640 512  # compresses ieta bin 10, pt 0
641 7167
642 11263
643 11263
644 11263
645 11263
646 11263
647 11263
648 10239
649 10239
650 8191
651 8191
652 7167
653 5119
654 5119
655 5119
656 4095
657 3071
658 1013
659 991
660 986
661 962
662 953
663 944
664 936
665 923
666 912
667 901
668 891
669 878
670 869
671 862
672 859
673 852
674 844
675 833
676 820
677 818
678 809
679 804
680 797
681 793
682 789
683 783
684 780
685 780
686 772
687 767
688 760
689 757
690 745
691 742
692 739
693 733
694 731
695 725
696 720
697 717
698 716
699 713
700 709
701 706
702 692
703 686
704 512  # compresses ieta bin 11, pt 0
705 7167
706 11263
707 10239
708 10239
709 11263
710 11263
711 10239
712 9215
713 9215
714 8191
715 7167
716 6143
717 5119
718 4095
719 4095
720 2046
721 1020
722 998
723 984
724 972
725 955
726 940
727 932
728 930
729 913
730 896
731 886
732 882
733 869
734 860
735 853
736 854
737 844
738 840
739 830
740 813
741 811
742 803
743 798
744 791
745 787
746 784
747 778
748 775
749 772
750 767
751 762
752 758
753 754
754 743
755 742
756 738
757 730
758 728
759 723
760 717
761 715
762 713
763 706
764 702
765 699
766 687
767 683
768 512  # compresses ieta bin 12, pt 0
769 5119
770 8191
771 8191
772 8191
773 8191
774 8191
775 7167
776 7167
777 7167
778 5119
779 4095
780 4095
781 2047
782 2047
783 2044
784 1011
785 1004
786 982
787 969
788 952
789 936
790 921
791 914
792 913
793 896
794 881
795 871
796 867
797 855
798 847
799 840
800 838
801 832
802 825
803 815
804 802
805 797
806 790
807 786
808 779
809 778
810 772
811 767
812 764
813 762
814 755
815 753
816 747
817 744
818 735
819 732
820 728
821 721
822 719
823 715
824 709
825 706
826 704
827 699
828 696
829 692
830 679
831 674
832 512  # compresses ieta bin 13, pt 0
833 5119
834 8191
835 8191
836 8191
837 8191
838 8191
839 7167
840 7167
841 6143
842 4095
843 4095
844 4095
845 2047
846 2046
847 1020
848 1003
849 995
850 982
851 963
852 951
853 936
854 915
855 914
856 908
857 896
858 880
859 866
860 862
861 854
862 842
863 840
864 838
865 831
866 821
867 811
868 798
869 794
870 789
871 783
872 776
873 775
874 769
875 764
876 761
877 759
878 752
879 750
880 745
881 742
882 733
883 730
884 726
885 717
886 716
887 711
888 705
889 705
890 702
891 697
892 694
893 690
894 677
895 671
896 512  # compresses ieta bin 14, pt 0
897 5119
898 7167
899 7167
900 7167
901 7167
902 7167
903 7167
904 6143
905 6143
906 4095
907 3071
908 3071
909 2044
910 1020
911 1012
912 1003
913 995
914 975
915 963
916 946
917 930
918 915
919 908
920 908
921 896
922 880
923 866
924 862
925 854
926 842
927 840
928 838
929 831
930 821
931 811
932 798
933 794
934 787
935 782
936 776
937 775
938 769
939 764
940 761
941 759
942 752
943 750
944 745
945 742
946 733
947 730
948 726
949 717
950 716
951 711
952 705
953 703
954 702
955 697
956 693
957 690
958 676
959 671
960 512  # compresses ieta bin 15, pt 0
961 5119
962 6143
963 6143
964 7167
965 7167
966 7167
967 6143
968 6143
969 6143
970 5119
971 5119
972 5119
973 3071
974 3071
975 2047
976 1020
977 1012
978 997
979 984
980 966
981 949
982 934
983 933
984 930
985 918
986 901
987 891
988 887
989 878
990 869
991 866
992 867
993 860
994 852
995 844
996 830
997 828
998 819
999 814
1000 803
1001 802
1002 798
1003 789
1004 788
1005 785
1006 777
1007 774
1008 767
1009 765
1010 753
1011 750
1012 747
1013 739
1014 737
1015 733
1016 726
1017 725
1018 722
1019 717
1020 715
1021 710
1022 699
1023 695
1024 512  # compresses ieta bin 16, pt 0
1025 8191
1026 14335
1027 14335
1028 14335
1029 14335
1030 14335
1031 13311
1032 12287
1033 11263
1034 10239
1035 9215
1036 9215
1037 7167
1038 7167
1039 6143
1040 4095
1041 3071
1042 1020
1043 1013
1044 1000
1045 982
1046 965
1047 957
1048 953
1049 940
1050 933
1051 921
1052 916
1053 906
1054 896
1055 892
1056 892
1057 884
1058 879
1059 867
1060 855
1061 848
1062 835
1063 830
1064 821
1065 817
1066 812
1067 808
1068 807
1069 803
1070 795
1071 791
1072 785
1073 782
1074 769
1075 767
1076 764
1077 757
1078 754
1079 749
1080 745
1081 743
1082 741
1083 736
1084 733
1085 729
1086 717
1087 713
1088 512  # compresses ieta bin 17, pt 0
1089 7167
1090 12287
1091 12287
1092 12287
1093 12287
1094 12287
1095 12287
1096 11263
1097 10239
1098 8191
1099 8191
1100 7167
1101 5119
1102 5119
1103 4095
1104 2047
1105 1020
1106 1005
1107 991
1108 972
1109 956
1110 941
1111 938
1112 936
1113 923
1114 912
1115 901
1116 896
1117 887
1118 878
1119 875
1120 871
1121 864
1122 856
1123 848
1124 830
1125 825
1126 816
1127 808
1128 800
1129 796
1130 792
1131 786
1132 783
1133 780
1134 772
1135 769
1136 763
1137 761
1138 749
1139 746
1140 743
1141 735
1142 735
1143 730
1144 725
1145 723
1146 720
1147 716
1148 712
1149 709
1150 698
1151 694
1152 512  # compresses ieta bin 18, pt 0
1153 8191
1154 14335
1155 14335
1156 14335
1157 14335
1158 13311
1159 12287
1160 12287
1161 11263
1162 9215
1163 8191
1164 8191
1165 6143
1166 5119
1167 5119
1168 2047
1169 1021
1170 1005
1171 991
1172 972
1173 956
1174 941
1175 938
1176 936
1177 923
1178 908
1179 897
1180 896
1181 887
1182 878
1183 875
1184 871
1185 864
1186 856
1187 844
1188 830
1189 825
1190 812
1191 808
1192 797
1193 796
1194 790
1195 786
1196 783
1197 780
1198 772
1199 769
1200 763
1201 759
1202 749
1203 746
1204 741
1205 733
1206 733
1207 728
1208 721
1209 720
1210 717
1211 712
1212 709
1213 705
1214 693
1215 688
1216 512  # compresses ieta bin 19, pt 0
1217 8191
1218 14335
1219 14335
1220 14335
1221 14335
1222 13311
1223 12287
1224 12287
1225 10239
1226 8191
1227 8191
1228 7167
1229 5119
1230 5119
1231 4095
1232 2047
1233 1020
1234 998
1235 984
1236 965
1237 949
1238 934
1239 926
1240 925
1241 907
1242 892
1243 882
1244 878
1245 868
1246 860
1247 857
1248 854
1249 848
1250 840
1251 830
1252 816
1253 814
1254 806
1255 801
1256 791
1257 790
1258 784
1259 778
1260 777
1261 772
1262 764
1263 762
1264 756
1265 752
1266 739
1267 736
1268 730
1269 723
1270 721
1271 716
1272 710
1273 708
1274 707
1275 702
1276 700
1277 695
1278 684
1279 680
1280 512  # compresses ieta bin 20, pt 0
1281 10239
1282 17407
1283 16383
1284 15359
1285 15359
1286 13311
1287 12287
1288 12287
1289 11263
1290 8191
1291 8191
1292 8191
1293 6143
1294 5119
1295 4095
1296 2047
1297 1020
1298 1005
1299 984
1300 966
1301 949
1302 934
1303 927
1304 925
1305 913
1306 896
1307 886
1308 882
1309 873
1310 860
1311 857
1312 859
1313 852
1314 844
1315 833
1316 820
1317 814
1318 809
1319 802
1320 794
1321 793
1322 787
1323 781
1324 777
1325 775
1326 767
1327 765
1328 756
1329 754
1330 741
1331 738
1332 732
1333 725
1334 723
1335 718
1336 712
1337 711
1338 708
1339 703
1340 701
1341 696
1342 686
1343 681
1344 512  # compresses ieta bin 21, pt 0
1345 11263
1346 18431
1347 16383
1348 15359
1349 15359
1350 14335
1351 13311
1352 12287
1353 11263
1354 9215
1355 8191
1356 8191
1357 6143
1358 5119
1359 4095
1360 2047
1361 1020
1362 1005
1363 985
1364 972
1365 955
1366 934
1367 932
1368 926
1369 913
1370 897
1371 887
1372 882
1373 873
1374 865
1375 862
1376 859
1377 852
1378 844
1379 833
1380 820
1381 815
1382 809
1383 802
1384 794
1385 793
1386 787
1387 781
1388 777
1389 775
1390 767
1391 765
1392 756
1393 754
1394 741
1395 738
1396 732
1397 725
1398 723
1399 718
1400 710
1401 709
1402 707
1403 703
1404 700
1405 696
1406 685
1407 674
1408 512  # compresses ieta bin 22, pt 0
1409 11263
1410 18431
1411 17407
1412 16383
1413 15359
1414 14335
1415 13311
1416 12287
1417 11263
1418 9215
1419 8191
1420 8191
1421 6143
1422 5119
1423 4095
1424 2047
1425 1020
1426 1005
1427 985
1428 972
1429 955
1430 934
1431 932
1432 926
1433 913
1434 897
1435 887
1436 882
1437 873
1438 865
1439 862
1440 859
1441 852
1442 844
1443 833
1444 820
1445 815
1446 809
1447 802
1448 794
1449 793
1450 787
1451 781
1452 777
1453 775
1454 767
1455 765
1456 756
1457 754
1458 741
1459 738
1460 732
1461 725
1462 723
1463 718
1464 710
1465 709
1466 707
1467 702
1468 700
1469 695
1470 684
1471 674
1472 512  # compresses ieta bin 23, pt 0
1473 12287
1474 20479
1475 18431
1476 17407
1477 17407
1478 15359
1479 14335
1480 14335
1481 12287
1482 10239
1483 10239
1484 9215
1485 7167
1486 7167
1487 6143
1488 4095
1489 3071
1490 1014
1491 999
1492 979
1493 962
1494 946
1495 938
1496 931
1497 918
1498 901
1499 891
1500 886
1501 873
1502 865
1503 858
1504 859
1505 852
1506 844
1507 833
1508 820
1509 814
1510 809
1511 801
1512 794
1513 793
1514 787
1515 781
1516 777
1517 775
1518 767
1519 765
1520 756
1521 752
1522 739
1523 736
1524 732
1525 725
1526 723
1527 718
1528 710
1529 709
1530 707
1531 702
1532 698
1533 695
1534 684
1535 675
1536 512  # compresses ieta bin 24, pt 0
1537 12287
1538 20479
1539 18431
1540 17407
1541 17407
1542 15359
1543 15359
1544 15359
1545 13311
1546 10239
1547 10239
1548 9215
1549 7167
1550 7167
1551 6143
1552 4095
1553 3071
1554 1020
1555 1006
1556 986
1557 968
1558 953
1559 944
1560 936
1561 923
1562 907
1563 892
1564 887
1565 878
1566 865
1567 862
1568 863
1569 856
1570 848
1571 837
1572 823
1573 818
1574 809
1575 804
1576 797
1577 793
1578 787
1579 781
1580 777
1581 775
1582 769
1583 765
1584 758
1585 754
1586 741
1587 738
1588 734
1589 726
1590 725
1591 718
1592 712
1593 711
1594 708
1595 703
1596 701
1597 696
1598 685
1599 676
1600 512  # compresses ieta bin 25, pt 0
1601 12287
1602 19455
1603 18431
1604 16383
1605 17407
1606 15359
1607 13311
1608 12287
1609 11263
1610 9215
1611 9215
1612 9215
1613 7167
1614 6143
1615 6143
1616 3071
1617 2047
1618 1013
1619 992
1620 979
1621 956
1622 940
1623 938
1624 931
1625 918
1626 901
1627 891
1628 886
1629 874
1630 865
1631 858
1632 859
1633 852
1634 840
1635 830
1636 816
1637 811
1638 803
1639 798
1640 788
1641 784
1642 781
1643 772
1644 769
1645 764
1646 759
1647 753
1648 745
1649 742
1650 731
1651 728
1652 725
1653 717
1654 716
1655 708
1656 702
1657 702
1658 698
1659 693
1660 690
1661 686
1662 671
1663 656
1664 512  # compresses ieta bin 26, pt 0
1665 11263
1666 18431
1667 16383
1668 13311
1669 15359
1670 12287
1671 11263
1672 10239
1673 9215
1674 6143
1675 6143
1676 5119
1677 2047
1678 1020
1679 1020
1680 1003
1681 995
1682 982
1683 969
1684 952
1685 937
1686 928
1687 926
1688 919
1689 913
1690 896
1691 886
1692 882
1693 873
1694 860
1695 853
1696 846
1697 840
1698 825
1699 811
1700 802
1701 801
1702 793
1703 789
1704 776
1705 772
1706 761
1707 750
1708 748
1709 746
1710 742
1711 738
1712 733
1713 731
1714 726
1715 726
1716 725
1717 716
1718 713
1719 705
1720 694
1721 692
1722 689
1723 685
1724 683
1725 676
1726 663
1727 650
1728 512  # compresses ieta bin 27, pt 0
1729 13311
1730 20479
1731 18431
1732 16383
1733 16383
1734 12287
1735 12287
1736 10239
1737 9215
1738 6143
1739 6143
1740 5119
1741 2047
1742 1020
1743 1020
1744 1003
1745 995
1746 982
1747 970
1748 958
1749 942
1750 928
1751 926
1752 925
1753 913
1754 901
1755 887
1756 882
1757 873
1758 860
1759 853
1760 850
1761 840
1762 829
1763 815
1764 806
1765 801
1766 793
1767 789
1768 776
1769 772
1770 764
1771 753
1772 751
1773 749
1774 742
1775 738
1776 731
1777 729
1778 724
1779 725
1780 723
1781 714
1782 711
1783 703
1784 691
1785 689
1786 686
1787 682
1788 680
1789 674
1790 661
1791 649
1792 512  # compresses ieta bin 28, pt 0
1793 9215
1794 13311
1795 11263
1796 10239
1797 8191
1798 5119
1799 3071
1800 2042
1801 996
1802 976
1803 958
1804 941
1805 917
1806 919
1807 906
1808 893
1809 896
1810 882
1811 874
1812 861
1813 857
1814 846
1815 843
1816 834
1817 820
1818 808
1819 801
1820 795
1821 789
1822 784
1823 779
1824 775
1825 771
1826 770
1827 766
1828 752
1829 746
1830 740
1831 735
1832 730
1833 732
1834 727
1835 720
1836 716
1837 715
1838 717
1839 710
1840 708
1841 705
1842 688
1843 685
1844 680
1845 673
1846 671
1847 665
1848 659
1849 659
1850 658
1851 655
1852 657
1853 655
1854 642
1855 640
1856 512  # compresses ieta bin 29, pt 0
1857 10239
1858 14335
1859 12287
1860 11263
1861 9215
1862 5119
1863 3071
1864 2042
1865 996
1866 967
1867 949
1868 932
1869 907
1870 902
1871 896
1872 875
1873 880
1874 865
1875 845
1876 828
1877 818
1878 809
1879 795
1880 794
1881 776
1882 761
1883 750
1884 746
1885 738
1886 735
1887 731
1888 729
1889 730
1890 724
1891 722
1892 710
1893 705
1894 698
1895 691
1896 684
1897 681
1898 676
1899 668
1900 665
1901 664
1902 669
1903 660
1904 652
1905 649
1906 651
1907 646
1908 644
1909 639
1910 637
1911 635
1912 631
1913 631
1914 628
1915 626
1916 628
1917 627
1918 615
1919 614
1920 512  # compresses ieta bin 30, pt 0
1921 10239
1922 14335
1923 11263
1924 9215
1925 6143
1926 3071
1927 1019
1928 995
1929 964
1930 944
1931 917
1932 901
1933 879
1934 873
1935 870
1936 842
1937 847
1938 834
1939 816
1940 800
1941 791
1942 784
1943 778
1944 777
1945 766
1946 750
1947 745
1948 742
1949 734
1950 730
1951 727
1952 725
1953 726
1954 724
1955 718
1956 706
1957 705
1958 698
1959 691
1960 681
1961 678
1962 673
1963 665
1964 663
1965 663
1966 669
1967 659
1968 649
1969 649
1970 649
1971 644
1972 642
1973 637
1974 635
1975 634
1976 629
1977 630
1978 628
1979 624
1980 626
1981 625
1982 614
1983 613
1984 512  # compresses ieta bin 31, pt 0
1985 10239
1986 14335
1987 11263
1988 8191
1989 5119
1990 1020
1991 995
1992 973
1993 941
1994 913
1995 888
1996 872
1997 858
1998 846
1999 843
2000 824
2001 822
2002 803
2003 786
2004 772
2005 760
2006 753
2007 748
2008 748
2009 738
2010 729
2011 721
2012 717
2013 710
2014 708
2015 701
2016 699
2017 701
2018 697
2019 689
2020 678
2021 674
2022 668
2023 662
2024 657
2025 649
2026 642
2027 640
2028 636
2029 638
2030 647
2031 643
2032 638
2033 638
2034 640
2035 640
2036 639
2037 633
2038 630
2039 627
2040 623
2041 623
2042 622
2043 620
2044 622
2045 621
2046 611
2047 610
2048 512  # compresses ieta bin 32, pt 0
2049 9215
2050 11263
2051 8191
2052 5119
2053 2047
2054 992
2055 970
2056 938
2057 907
2058 881
2059 866
2060 844
2061 820
2062 809
2063 808
2064 791
2065 789
2066 773
2067 757
2068 745
2069 739
2070 729
2071 724
2072 720
2073 716
2074 708
2075 701
2076 698
2077 691
2078 685
2079 679
2080 678
2081 677
2082 673
2083 666
2084 656
2085 650
2086 645
2087 640
2088 635
2089 629
2090 624
2091 615
2092 612
2093 614
2094 624
2095 619
2096 600
2097 597
2098 602
2099 601
2100 605
2101 610
2102 611
2103 614
2104 616
2105 617
2106 615
2107 613
2108 615
2109 613
2110 604
2111 603
2112 512  # compresses ieta bin 33, pt 0
2113 9215
2114 11263
2115 8191
2116 5119
2117 2047
2118 992
2119 970
2120 937
2121 898
2122 880
2123 857
2124 842
2125 820
2126 801
2127 799
2128 790
2129 782
2130 772
2131 757
2132 744
2133 732
2134 728
2135 718
2136 715
2137 711
2138 703
2139 696
2140 693
2141 687
2142 681
2143 675
2144 674
2145 677
2146 670
2147 666
2148 653
2149 650
2150 642
2151 640
2152 633
2153 628
2154 624
2155 615
2156 612
2157 614
2158 621
2159 616
2160 597
2161 595
2162 597
2163 599
2164 603
2165 606
2166 606
2167 611
2168 613
2169 613
2170 612
2171 610
2172 611
2173 611
2174 599
2175 599
2176 512  # compresses ieta bin 34, pt 0
2177 9215
2178 11263
2179 8191
2180 5119
2181 2045
2182 992
2183 970
2184 937
2185 898
2186 880
2187 856
2188 842
2189 812
2190 800
2191 799
2192 790
2193 781
2194 772
2195 751
2196 738
2197 732
2198 722
2199 718
2200 714
2201 711
2202 703
2203 696
2204 693
2205 687
2206 677
2207 675
2208 674
2209 677
2210 670
2211 666
2212 653
2213 650
2214 642
2215 640
2216 633
2217 628
2218 624
2219 615
2220 612
2221 614
2222 621
2223 616
2224 597
2225 595
2226 597
2227 599
2228 603
2229 606
2230 606
2231 611
2232 613
2233 613
2234 612
2235 610
2236 611
2237 611
2238 599
2239 599
2240 512  # compresses ieta bin 35, pt 0
2241 9215
2242 11263
2243 8191
2244 5119
2245 2046
2246 992
2247 970
2248 937
2249 897
2250 870
2251 855
2252 833
2253 811
2254 800
2255 791
2256 781
2257 774
2258 764
2259 750
2260 737
2261 726
2262 715
2263 706
2264 709
2265 700
2266 693
2267 690
2268 684
2269 682
2270 672
2271 671
2272 670
2273 673
2274 670
2275 663
2276 653
2277 647
2278 642
2279 637
2280 632
2281 628
2282 622
2283 615
2284 612
2285 614
2286 621
2287 616
2288 597
2289 595
2290 597
2291 599
2292 603
2293 606
2294 606
2295 611
2296 613
2297 613
2298 612
2299 610
2300 611
2301 611
2302 599
2303 599
2304 512  # compresses ieta bin 36, pt 0
2305 9215
2306 11263
2307 8191
2308 5119
2309 2047
2310 993
2311 970
2312 937
2313 907
2314 870
2315 855
2316 833
2317 811
2318 800
2319 791
2320 781
2321 774
2322 764
2323 750
2324 737
2325 726
2326 715
2327 706
2328 709
2329 700
2330 693
2331 690
2332 684
2333 682
2334 672
2335 671
2336 670
2337 673
2338 670
2339 663
2340 653
2341 647
2342 642
2343 637
2344 632
2345 628
2346 622
2347 615
2348 612
2349 614
2350 621
2351 616
2352 597
2353 595
2354 597
2355 599
2356 603
2357 606
2358 606
2359 611
2360 613
2361 613
2362 612
2363 610
2364 611
2365 611
2366 599
2367 599
2368 512  # compresses ieta bin 37, pt 0
2369 9215
2370 11263
2371 8191
2372 5119
2373 2047
2374 993
2375 970
2376 937
2377 898
2378 869
2379 846
2380 832
2381 802
2382 792
2383 790
2384 773
2385 772
2386 758
2387 743
2388 730
2389 719
2390 710
2391 706
2392 703
2393 696
2394 692
2395 690
2396 684
2397 677
2398 672
2399 671
2400 670
2401 673
2402 670
2403 663
2404 653
2405 647
2406 642
2407 637
2408 632
2409 628
2410 622
2411 615
2412 612
2413 614
2414 621
2415 616
2416 597
2417 595
2418 597
2419 599
2420 603
2421 606
2422 606
2423 611
2424 613
2425 613
2426 612
2427 610
2428 611
2429 611
2430 599
2431 599
2432 512  # compresses ieta bin 38, pt 0
2433 9215
2434 11263
2435 8191
2436 5119
2437 2047
2438 993
2439 970
2440 937
2441 898
2442 869
2443 846
2444 832
2445 802
2446 792
2447 790
2448 773
2449 772
2450 758
2451 743
2452 730
2453 719
2454 710
2455 706
2456 703
2457 696
2458 692
2459 690
2460 684
2461 677
2462 672
2463 671
2464 670
2465 673
2466 670
2467 663
2468 653
2469 647
2470 642
2471 637
2472 632
2473 628
2474 622
2475 615
2476 612
2477 614
2478 621
2479 616
2480 597
2481 595
2482 597
2483 599
2484 603
2485 606
2486 606
2487 611
2488 613
2489 613
2490 612
2491 610
2492 611
2493 611
2494 599
2495 599
2496 512  # compresses ieta bin 39, pt 0
2497 9215
2498 11263
2499 8191
2500 5119
2501 2047
2502 993
2503 970
2504 937
2505 898
2506 869
2507 846
2508 832
2509 802
2510 792
2511 790
2512 773
2513 772
2514 758
2515 743
2516 730
2517 719
2518 710
2519 706
2520 703
2521 696
2522 692
2523 690
2524 684
2525 677
2526 672
2527 671
2528 670
2529 673
2530 670
2531 663
2532 653
2533 647
2534 642
2535 637
2536 632
2537 628
2538 622
2539 615
2540 612
2541 614
2542 621
2543 616
2544 597
2545 595
2546 597
2547 599
2548 603
2549 606
2550 606
2551 611
2552 613
2553 613
2554 612
2555 610
2556 611
2557 611
2558 599
2559 599
2560 0 # dummy
2561 0 # dummy
2562 0 # dummy
2563 0 # dummy
2564 0 # dummy
2565 0 # dummy
2566 0 # dummy
2567 0 # dummy
2568 0 # dummy
2569 0 # dummy
2570 0 # dummy
2571 0 # dummy
2572 0 # dummy
2573 0 # dummy
2574 0 # dummy
2575 0 # dummy
2576 0 # dummy
2577 0 # dummy
2578 0 # dummy
2579 0 # dummy
2580 0 # dummy
2581 0 # dummy
2582 0 # dummy
2583 0 # dummy
2584 0 # dummy
2585 0 # dummy
2586 0 # dummy
2587 0 # dummy
2588 0 # dummy
2589 0 # dummy
2590 0 # dummy
2591 0 # dummy
2592 0 # dummy
2593 0 # dummy
2594 0 # dummy
2595 0 # dummy
2596 0 # dummy
2597 0 # dummy
2598 0 # dummy
2599 0 # dummy
2600 0 # dummy
2601 0 # dummy
2602 0 # dummy
2603 0 # dummy
2604 0 # dummy
2605 0 # dummy
2606 0 # dummy
2607 0 # dummy
2608 0 # dummy
2609 0 # dummy
2610 0 # dummy
2611 0 # dummy
2612 0 # dummy
2613 0 # dummy
2614 0 # dummy
2615 0 # dummy
2616 0 # dummy
2617 0 # dummy
2618 0 # dummy
2619 0 # dummy
2620 0 # dummy
2621 0 # dummy
2622 0 # dummy
2623 0 # dummy
2624 0 # dummy
2625 0 # dummy
2626 0 # dummy
2627 0 # dummy
2628 0 # dummy
2629 0 # dummy
2630 0 # dummy
2631 0 # dummy
2632 0 # dummy
2633 0 # dummy
2634 0 # dummy
2635 0 # dummy
2636 0 # dummy
2637 0 # dummy
2638 0 # dummy
2639 0 # dummy
2640 0 # dummy
2641 0 # dummy
2642 0 # dummy
2643 0 # dummy
2644 0 # dummy
2645 0 # dummy
2646 0 # dummy
2647 0 # dummy
2648 0 # dummy
2649 0 # dummy
2650 0 # dummy
2651 0 # dummy
2652 0 # dummy
2653 0 # dummy
2654 0 # dummy
2655 0 # dummy
2656 0 # dummy
2657 0 # dummy
2658 0 # dummy
2659 0 # dummy
2660 0 # dummy
2661 0 # dummy
2662 0 # dummy
2663 0 # dummy
2664 0 # dummy
2665 0 # dummy
2666 0 # dummy
2667 0 # dummy
2668 0 # dummy
2669 0 # dummy
2670 0 # dummy
2671 0 # dummy
2672 0 # dummy
2673 0 # dummy
2674 0 # dummy
2675 0 # dummy
2676 0 # dummy
2677 0 # dummy
2678 0 # dummy
2679 0 # dummy
2680 0 # dummy
2681 0 # dummy
2682 0 # dummy
2683 0 # dummy
2684 0 # dummy
2685 0 # dummy
2686 0 # dummy
2687 0 # dummy
2688 0 # dummy
2689 0 # dummy
2690 0 # dummy
2691 0 # dummy
2692 0 # dummy
2693 0 # dummy
2694 0 # dummy
2695 0 # dummy
2696 0 # dummy
2697 0 # dummy
2698 0 # dummy
2699 0 # dummy
2700 0 # dummy
2701 0 # dummy
2702 0 # dummy
2703 0 # dummy
2704 0 # dummy
2705 0 # dummy
2706 0 # dummy
2707 0 # dummy
2708 0 # dummy
2709 0 # dummy
2710 0 # dummy
2711 0 # dummy
2712 0 # dummy
2713 0 # dummy
2714 0 # dummy
2715 0 # dummy
2716 0 # dummy
2717 0 # dummy
2718 0 # dummy
2719 0 # dummy
2720 0 # dummy
2721 0 # dummy
2722 0 # dummy
2723 0 # dummy
2724 0 # dummy
2725 0 # dummy
2726 0 # dummy
2727 0 # dummy
2728 0 # dummy
2729 0 # dummy
2730 0 # dummy
2731 0 # dummy
2732 0 # dummy
2733 0 # dummy
2734 0 # dummy
2735 0 # dummy
2736 0 # dummy
2737 0 # dummy
2738 0 # dummy
2739 0 # dummy
2740 0 # dummy
2741 0 # dummy
2742 0 # dummy
2743 0 # dummy
2744 0 # dummy
2745 0 # dummy
2746 0 # dummy
2747 0 # dummy
2748 0 # dummy
2749 0 # dummy
2750 0 # dummy
2751 0 # dummy
2752 0 # dummy
2753 0 # dummy
2754 0 # dummy
2755 0 # dummy
2756 0 # dummy
2757 0 # dummy
2758 0 # dummy
2759 0 # dummy
2760 0 # dummy
2761 0 # dummy
2762 0 # dummy
2763 0 # dummy
2764 0 # dummy
2765 0 # dummy
2766 0 # dummy
2767 0 # dummy
2768 0 # dummy
2769 0 # dummy
2770 0 # dummy
2771 0 # dummy
2772 0 # dummy
2773 0 # dummy
2774 0 # dummy
2775 0 # dummy
2776 0 # dummy
2777 0 # dummy
2778 0 # dummy
2779 0 # dummy
2780 0 # dummy
2781 0 # dummy
2782 0 # dummy
2783 0 # dummy
2784 0 # dummy
2785 0 # dummy
2786 0 # dummy
2787 0 # dummy
2788 0 # dummy
2789 0 # dummy
2790 0 # dummy
2791 0 # dummy
2792 0 # dummy
2793 0 # dummy
2794 0 # dummy
2795 0 # dummy
2796 0 # dummy
2797 0 # dummy
2798 0 # dummy
2799 0 # dummy
2800 0 # dummy
2801 0 # dummy
2802 0 # dummy
2803 0 # dummy
2804 0 # dummy
2805 0 # dummy
2806 0 # dummy
2807 0 # dummy
2808 0 # dummy
2809 0 # dummy
2810 0 # dummy
2811 0 # dummy
2812 0 # dummy
2813 0 # dummy
2814 0 # dummy
2815 0 # dummy
2816 0 # dummy
2817 0 # dummy
2818 0 # dummy
2819 0 # dummy
2820 0 # dummy
2821 0 # dummy
2822 0 # dummy
2823 0 # dummy
2824 0 # dummy
2825 0 # dummy
2826 0 # dummy
2827 0 # dummy
2828 0 # dummy
2829 0 # dummy
2830 0 # dummy
2831 0 # dummy
2832 0 # dummy
2833 0 # dummy
2834 0 # dummy
2835 0 # dummy
2836 0 # dummy
2837 0 # dummy
2838 0 # dummy
2839 0 # dummy
2840 0 # dummy
2841 0 # dummy
2842 0 # dummy
2843 0 # dummy
2844 0 # dummy
2845 0 # dummy
2846 0 # dummy
2847 0 # dummy
2848 0 # dummy
2849 0 # dummy
2850 0 # dummy
2851 0 # dummy
2852 0 # dummy
2853 0 # dummy
2854 0 # dummy
2855 0 # dummy
2856 0 # dummy
2857 0 # dummy
2858 0 # dummy
2859 0 # dummy
2860 0 # dummy
2861 0 # dummy
2862 0 # dummy
2863 0 # dummy
2864 0 # dummy
2865 0 # dummy
2866 0 # dummy
2867 0 # dummy
2868 0 # dummy
2869 0 # dummy
2870 0 # dummy
2871 0 # dummy
2872 0 # dummy
2873 0 # dummy
2874 0 # dummy
2875 0 # dummy
2876 0 # dummy
2877 0 # dummy
2878 0 # dummy
2879 0 # dummy
2880 0 # dummy
2881 0 # dummy
2882 0 # dummy
2883 0 # dummy
2884 0 # dummy
2885 0 # dummy
2886 0 # dummy
2887 0 # dummy
2888 0 # dummy
2889 0 # dummy
2890 0 # dummy
2891 0 # dummy
2892 0 # dummy
2893 0 # dummy
2894 0 # dummy
2895 0 # dummy
2896 0 # dummy
2897 0 # dummy
2898 0 # dummy
2899 0 # dummy
2900 0 # dummy
2901 0 # dummy
2902 0 # dummy
2903 0 # dummy
2904 0 # dummy
2905 0 # dummy
2906 0 # dummy
2907 0 # dummy
2908 0 # dummy
2909 0 # dummy
2910 0 # dummy
2911 0 # dummy
2912 0 # dummy
2913 0 # dummy
2914 0 # dummy
2915 0 # dummy
2916 0 # dummy
2917 0 # dummy
2918 0 # dummy
2919 0 # dummy
2920 0 # dummy
2921 0 # dummy
2922 0 # dummy
2923 0 # dummy
2924 0 # dummy
2925 0 # dummy
2926 0 # dummy
2927 0 # dummy
2928 0 # dummy
2929 0 # dummy
2930 0 # dummy
2931 0 # dummy
2932 0 # dummy
2933 0 # dummy
2934 0 # dummy
2935 0 # dummy
2936 0 # dummy
2937 0 # dummy
2938 0 # dummy
2939 0 # dummy
2940 0 # dummy
2941 0 # dummy
2942 0 # dummy
2943 0 # dummy
2944 0 # dummy
2945 0 # dummy
2946 0 # dummy
2947 0 # dummy
2948 0 # dummy
2949 0 # dummy
2950 0 # dummy
2951 0 # dummy
2952 0 # dummy
2953 0 # dummy
2954 0 # dummy
2955 0 # dummy
2956 0 # dummy
2957 0 # dummy
2958 0 # dummy
2959 0 # dummy
2960 0 # dummy
2961 0 # dummy
2962 0 # dummy
2963 0 # dummy
2964 0 # dummy
2965 0 # dummy
2966 0 # dummy
2967 0 # dummy
2968 0 # dummy
2969 0 # dummy
2970 0 # dummy
2971 0 # dummy
2972 0 # dummy
2973 0 # dummy
2974 0 # dummy
2975 0 # dummy
2976 0 # dummy
2977 0 # dummy
2978 0 # dummy
2979 0 # dummy
2980 0 # dummy
2981 0 # dummy
2982 0 # dummy
2983 0 # dummy
2984 0 # dummy
2985 0 # dummy
2986 0 # dummy
2987 0 # dummy
2988 0 # dummy
2989 0 # dummy
2990 0 # dummy
2991 0 # dummy
2992 0 # dummy
2993 0 # dummy
2994 0 # dummy
2995 0 # dummy
2996 0 # dummy
2997 0 # dummy
2998 0 # dummy
2999 0 # dummy
3000 0 # dummy
3001 0 # dummy
3002 0 # dummy
3003 0 # dummy
3004 0 # dummy
3005 0 # dummy
3006 0 # dummy
3007 0 # dummy
3008 0 # dummy
3009 0 # dummy
3010 0 # dummy
3011 0 # dummy
3012 0 # dummy
3013 0 # dummy
3014 0 # dummy
3015 0 # dummy
3016 0 # dummy
3017 0 # dummy
3018 0 # dummy
3019 0 # dummy
3020 0 # dummy
3021 0 # dummy
3022 0 # dummy
3023 0 # dummy
3024 0 # dummy
3025 0 # dummy
3026 0 # dummy
3027 0 # dummy
3028 0 # dummy
3029 0 # dummy
3030 0 # dummy
3031 0 # dummy
3032 0 # dummy
3033 0 # dummy
3034 0 # dummy
3035 0 # dummy
3036 0 # dummy
3037 0 # dummy
3038 0 # dummy
3039 0 # dummy
3040 0 # dummy
3041 0 # dummy
3042 0 # dummy
3043 0 # dummy
3044 0 # dummy
3045 0 # dummy
3046 0 # dummy
3047 0 # dummy
3048 0 # dummy
3049 0 # dummy
3050 0 # dummy
3051 0 # dummy
3052 0 # dummy
3053 0 # dummy
3054 0 # dummy
3055 0 # dummy
3056 0 # dummy
3057 0 # dummy
3058 0 # dummy
3059 0 # dummy
3060 0 # dummy
3061 0 # dummy
3062 0 # dummy
3063 0 # dummy
3064 0 # dummy
3065 0 # dummy
3066 0 # dummy
3067 0 # dummy
3068 0 # dummy
3069 0 # dummy
3070 0 # dummy
3071 0 # dummy
3072 0 # dummy
3073 0 # dummy
3074 0 # dummy
3075 0 # dummy
3076 0 # dummy
3077 0 # dummy
3078 0 # dummy
3079 0 # dummy
3080 0 # dummy
3081 0 # dummy
3082 0 # dummy
3083 0 # dummy
3084 0 # dummy
3085 0 # dummy
3086 0 # dummy
3087 0 # dummy
3088 0 # dummy
3089 0 # dummy
3090 0 # dummy
3091 0 # dummy
3092 0 # dummy
3093 0 # dummy
3094 0 # dummy
3095 0 # dummy
3096 0 # dummy
3097 0 # dummy
3098 0 # dummy
3099 0 # dummy
3100 0 # dummy
3101 0 # dummy
3102 0 # dummy
3103 0 # dummy
3104 0 # dummy
3105 0 # dummy
3106 0 # dummy
3107 0 # dummy
3108 0 # dummy
3109 0 # dummy
3110 0 # dummy
3111 0 # dummy
3112 0 # dummy
3113 0 # dummy
3114 0 # dummy
3115 0 # dummy
3116 0 # dummy
3117 0 # dummy
3118 0 # dummy
3119 0 # dummy
3120 0 # dummy
3121 0 # dummy
3122 0 # dummy
3123 0 # dummy
3124 0 # dummy
3125 0 # dummy
3126 0 # dummy
3127 0 # dummy
3128 0 # dummy
3129 0 # dummy
3130 0 # dummy
3131 0 # dummy
3132 0 # dummy
3133 0 # dummy
3134 0 # dummy
3135 0 # dummy
3136 0 # dummy
3137 0 # dummy
3138 0 # dummy
3139 0 # dummy
3140 0 # dummy
3141 0 # dummy
3142 0 # dummy
3143 0 # dummy
3144 0 # dummy
3145 0 # dummy
3146 0 # dummy
3147 0 # dummy
3148 0 # dummy
3149 0 # dummy
3150 0 # dummy
3151 0 # dummy
3152 0 # dummy
3153 0 # dummy
3154 0 # dummy
3155 0 # dummy
3156 0 # dummy
3157 0 # dummy
3158 0 # dummy
3159 0 # dummy
3160 0 # dummy
3161 0 # dummy
3162 0 # dummy
3163 0 # dummy
3164 0 # dummy
3165 0 # dummy
3166 0 # dummy
3167 0 # dummy
3168 0 # dummy
3169 0 # dummy
3170 0 # dummy
3171 0 # dummy
3172 0 # dummy
3173 0 # dummy
3174 0 # dummy
3175 0 # dummy
3176 0 # dummy
3177 0 # dummy
3178 0 # dummy
3179 0 # dummy
3180 0 # dummy
3181 0 # dummy
3182 0 # dummy
3183 0 # dummy
3184 0 # dummy
3185 0 # dummy
3186 0 # dummy
3187 0 # dummy
3188 0 # dummy
3189 0 # dummy
3190 0 # dummy
3191 0 # dummy
3192 0 # dummy
3193 0 # dummy
3194 0 # dummy
3195 0 # dummy
3196 0 # dummy
3197 0 # dummy
3198 0 # dummy
3199 0 # dummy
3200 0 # dummy
3201 0 # dummy
3202 0 # dummy
3203 0 # dummy
3204 0 # dummy
3205 0 # dummy
3206 0 # dummy
3207 0 # dummy
3208 0 # dummy
3209 0 # dummy
3210 0 # dummy
3211 0 # dummy
3212 0 # dummy
3213 0 # dummy
3214 0 # dummy
3215 0 # dummy
3216 0 # dummy
3217 0 # dummy
3218 0 # dummy
3219 0 # dummy
3220 0 # dummy
3221 0 # dummy
3222 0 # dummy
3223 0 # dummy
3224 0 # dummy
3225 0 # dummy
3226 0 # dummy
3227 0 # dummy
3228 0 # dummy
3229 0 # dummy
3230 0 # dummy
3231 0 # dummy
3232 0 # dummy
3233 0 # dummy
3234 0 # dummy
3235 0 # dummy
3236 0 # dummy
3237 0 # dummy
3238 0 # dummy
3239 0 # dummy
3240 0 # dummy
3241 0 # dummy
3242 0 # dummy
3243 0 # dummy
3244 0 # dummy
3245 0 # dummy
3246 0 # dummy
3247 0 # dummy
3248 0 # dummy
3249 0 # dummy
3250 0 # dummy
3251 0 # dummy
3252 0 # dummy
3253 0 # dummy
3254 0 # dummy
3255 0 # dummy
3256 0 # dummy
3257 0 # dummy
3258 0 # dummy
3259 0 # dummy
3260 0 # dummy
3261 0 # dummy
3262 0 # dummy
3263 0 # dummy
3264 0 # dummy
3265 0 # dummy
3266 0 # dummy
3267 0 # dummy
3268 0 # dummy
3269 0 # dummy
3270 0 # dummy
3271 0 # dummy
3272 0 # dummy
3273 0 # dummy
3274 0 # dummy
3275 0 # dummy
3276 0 # dummy
3277 0 # dummy
3278 0 # dummy
3279 0 # dummy
3280 0 # dummy
3281 0 # dummy
3282 0 # dummy
3283 0 # dummy
3284 0 # dummy
3285 0 # dummy
3286 0 # dummy
3287 0 # dummy
3288 0 # dummy
3289 0 # dummy
3290 0 # dummy
3291 0 # dummy
3292 0 # dummy
3293 0 # dummy
3294 0 # dummy
3295 0 # dummy
3296 0 # dummy
3297 0 # dummy
3298 0 # dummy
3299 0 # dummy
3300 0 # dummy
3301 0 # dummy
3302 0 # dummy
3303 0 # dummy
3304 0 # dummy
3305 0 # dummy
3306 0 # dummy
3307 0 # dummy
3308 0 # dummy
3309 0 # dummy
3310 0 # dummy
3311 0 # dummy
3312 0 # dummy
3313 0 # dummy
3314 0 # dummy
3315 0 # dummy
3316 0 # dummy
3317 0 # dummy
3318 0 # dummy
3319 0 # dummy
3320 0 # dummy
3321 0 # dummy
3322 0 # dummy
3323 0 # dummy
3324 0 # dummy
3325 0 # dummy
3326 0 # dummy
3327 0 # dummy
3328 0 # dummy
3329 0 # dummy
3330 0 # dummy
3331 0 # dummy
3332 0 # dummy
3333 0 # dummy
3334 0 # dummy
3335 0 # dummy
3336 0 # dummy
3337 0 # dummy
3338 0 # dummy
3339 0 # dummy
3340 0 # dummy
3341 0 # dummy
3342 0 # dummy
3343 0 # dummy
3344 0 # dummy
3345 0 # dummy
3346 0 # dummy
3347 0 # dummy
3348 0 # dummy
3349 0 # dummy
3350 0 # dummy
3351 0 # dummy
3352 0 # dummy
3353 0 # dummy
3354 0 # dummy
3355 0 # dummy
3356 0 # dummy
3357 0 # dummy
3358 0 # dummy
3359 0 # dummy
3360 0 # dummy
3361 0 # dummy
3362 0 # dummy
3363 0 # dummy
3364 0 # dummy
3365 0 # dummy
3366 0 # dummy
3367 0 # dummy
3368 0 # dummy
3369 0 # dummy
3370 0 # dummy
3371 0 # dummy
3372 0 # dummy
3373 0 # dummy
3374 0 # dummy
3375 0 # dummy
3376 0 # dummy
3377 0 # dummy
3378 0 # dummy
3379 0 # dummy
3380 0 # dummy
3381 0 # dummy
3382 0 # dummy
3383 0 # dummy
3384 0 # dummy
3385 0 # dummy
3386 0 # dummy
3387 0 # dummy
3388 0 # dummy
3389 0 # dummy
3390 0 # dummy
3391 0 # dummy
3392 0 # dummy
3393 0 # dummy
3394 0 # dummy
3395 0 # dummy
3396 0 # dummy
3397 0 # dummy
3398 0 # dummy
3399 0 # dummy
3400 0 # dummy
3401 0 # dummy
3402 0 # dummy
3403 0 # dummy
3404 0 # dummy
3405 0 # dummy
3406 0 # dummy
3407 0 # dummy
3408 0 # dummy
3409 0 # dummy
3410 0 # dummy
3411 0 # dummy
3412 0 # dummy
3413 0 # dummy
3414 0 # dummy
3415 0 # dummy
3416 0 # dummy
3417 0 # dummy
3418 0 # dummy
3419 0 # dummy
3420 0 # dummy
3421 0 # dummy
3422 0 # dummy
3423 0 # dummy
3424 0 # dummy
3425 0 # dummy
3426 0 # dummy
3427 0 # dummy
3428 0 # dummy
3429 0 # dummy
3430 0 # dummy
3431 0 # dummy
3432 0 # dummy
3433 0 # dummy
3434 0 # dummy
3435 0 # dummy
3436 0 # dummy
3437 0 # dummy
3438 0 # dummy
3439 0 # dummy
3440 0 # dummy
3441 0 # dummy
3442 0 # dummy
3443 0 # dummy
3444 0 # dummy
3445 0 # dummy
3446 0 # dummy
3447 0 # dummy
3448 0 # dummy
3449 0 # dummy
3450 0 # dummy
3451 0 # dummy
3452 0 # dummy
3453 0 # dummy
3454 0 # dummy
3455 0 # dummy
3456 0 # dummy
3457 0 # dummy
3458 0 # dummy
3459 0 # dummy
3460 0 # dummy
3461 0 # dummy
3462 0 # dummy
3463 0 # dummy
3464 0 # dummy
3465 0 # dummy
3466 0 # dummy
3467 0 # dummy
3468 0 # dummy
3469 0 # dummy
3470 0 # dummy
3471 0 # dummy
3472 0 # dummy
3473 0 # dummy
3474 0 # dummy
3475 0 # dummy
3476 0 # dummy
3477 0 # dummy
3478 0 # dummy
3479 0 # dummy
3480 0 # dummy
3481 0 # dummy
3482 0 # dummy
3483 0 # dummy
3484 0 # dummy
3485 0 # dummy
3486 0 # dummy
3487 0 # dummy
3488 0 # dummy
3489 0 # dummy
3490 0 # dummy
3491 0 # dummy
3492 0 # dummy
3493 0 # dummy
3494 0 # dummy
3495 0 # dummy
3496 0 # dummy
3497 0 # dummy
3498 0 # dummy
3499 0 # dummy
3500 0 # dummy
3501 0 # dummy
3502 0 # dummy
3503 0 # dummy
3504 0 # dummy
3505 0 # dummy
3506 0 # dummy
3507 0 # dummy
3508 0 # dummy
3509 0 # dummy
3510 0 # dummy
3511 0 # dummy
3512 0 # dummy
3513 0 # dummy
3514 0 # dummy
3515 0 # dummy
3516 0 # dummy
3517 0 # dummy
3518 0 # dummy
3519 0 # dummy
3520 0 # dummy
3521 0 # dummy
3522 0 # dummy
3523 0 # dummy
3524 0 # dummy
3525 0 # dummy
3526 0 # dummy
3527 0 # dummy
3528 0 # dummy
3529 0 # dummy
3530 0 # dummy
3531 0 # dummy
3532 0 # dummy
3533 0 # dummy
3534 0 # dummy
3535 0 # dummy
3536 0 # dummy
3537 0 # dummy
3538 0 # dummy
3539 0 # dummy
3540 0 # dummy
3541 0 # dummy
3542 0 # dummy
3543 0 # dummy
3544 0 # dummy
3545 0 # dummy
3546 0 # dummy
3547 0 # dummy
3548 0 # dummy
3549 0 # dummy
3550 0 # dummy
3551 0 # dummy
3552 0 # dummy
3553 0 # dummy
3554 0 # dummy
3555 0 # dummy
3556 0 # dummy
3557 0 # dummy
3558 0 # dummy
3559 0 # dummy
3560 0 # dummy
3561 0 # dummy
3562 0 # dummy
3563 0 # dummy
3564 0 # dummy
3565 0 # dummy
3566 0 # dummy
3567 0 # dummy
3568 0 # dummy
3569 0 # dummy
3570 0 # dummy
3571 0 # dummy
3572 0 # dummy
3573 0 # dummy
3574 0 # dummy
3575 0 # dummy
3576 0 # dummy
3577 0 # dummy
3578 0 # dummy
3579 0 # dummy
3580 0 # dummy
3581 0 # dummy
3582 0 # dummy
3583 0 # dummy
3584 0 # dummy
3585 0 # dummy
3586 0 # dummy
3587 0 # dummy
3588 0 # dummy
3589 0 # dummy
3590 0 # dummy
3591 0 # dummy
3592 0 # dummy
3593 0 # dummy
3594 0 # dummy
3595 0 # dummy
3596 0 # dummy
3597 0 # dummy
3598 0 # dummy
3599 0 # dummy
3600 0 # dummy
3601 0 # dummy
3602 0 # dummy
3603 0 # dummy
3604 0 # dummy
3605 0 # dummy
3606 0 # dummy
3607 0 # dummy
3608 0 # dummy
3609 0 # dummy
3610 0 # dummy
3611 0 # dummy
3612 0 # dummy
3613 0 # dummy
3614 0 # dummy
3615 0 # dummy
3616 0 # dummy
3617 0 # dummy
3618 0 # dummy
3619 0 # dummy
3620 0 # dummy
3621 0 # dummy
3622 0 # dummy
3623 0 # dummy
3624 0 # dummy
3625 0 # dummy
3626 0 # dummy
3627 0 # dummy
3628 0 # dummy
3629 0 # dummy
3630 0 # dummy
3631 0 # dummy
3632 0 # dummy
3633 0 # dummy
3634 0 # dummy
3635 0 # dummy
3636 0 # dummy
3637 0 # dummy
3638 0 # dummy
3639 0 # dummy
3640 0 # dummy
3641 0 # dummy
3642 0 # dummy
3643 0 # dummy
3644 0 # dummy
3645 0 # dummy
3646 0 # dummy
3647 0 # dummy
3648 0 # dummy
3649 0 # dummy
3650 0 # dummy
3651 0 # dummy
3652 0 # dummy
3653 0 # dummy
3654 0 # dummy
3655 0 # dummy
3656 0 # dummy
3657 0 # dummy
3658 0 # dummy
3659 0 # dummy
3660 0 # dummy
3661 0 # dummy
3662 0 # dummy
3663 0 # dummy
3664 0 # dummy
3665 0 # dummy
3666 0 # dummy
3667 0 # dummy
3668 0 # dummy
3669 0 # dummy
3670 0 # dummy
3671 0 # dummy
3672 0 # dummy
3673 0 # dummy
3674 0 # dummy
3675 0 # dummy
3676 0 # dummy
3677 0 # dummy
3678 0 # dummy
3679 0 # dummy
3680 0 # dummy
3681 0 # dummy
3682 0 # dummy
3683 0 # dummy
3684 0 # dummy
3685 0 # dummy
3686 0 # dummy
3687 0 # dummy
3688 0 # dummy
3689 0 # dummy
3690 0 # dummy
3691 0 # dummy
3692 0 # dummy
3693 0 # dummy
3694 0 # dummy
3695 0 # dummy
3696 0 # dummy
3697 0 # dummy
3698 0 # dummy
3699 0 # dummy
3700 0 # dummy
3701 0 # dummy
3702 0 # dummy
3703 0 # dummy
3704 0 # dummy
3705 0 # dummy
3706 0 # dummy
3707 0 # dummy
3708 0 # dummy
3709 0 # dummy
3710 0 # dummy
3711 0 # dummy
3712 0 # dummy
3713 0 # dummy
3714 0 # dummy
3715 0 # dummy
3716 0 # dummy
3717 0 # dummy
3718 0 # dummy
3719 0 # dummy
3720 0 # dummy
3721 0 # dummy
3722 0 # dummy
3723 0 # dummy
3724 0 # dummy
3725 0 # dummy
3726 0 # dummy
3727 0 # dummy
3728 0 # dummy
3729 0 # dummy
3730 0 # dummy
3731 0 # dummy
3732 0 # dummy
3733 0 # dummy
3734 0 # dummy
3735 0 # dummy
3736 0 # dummy
3737 0 # dummy
3738 0 # dummy
3739 0 # dummy
3740 0 # dummy
3741 0 # dummy
3742 0 # dummy
3743 0 # dummy
3744 0 # dummy
3745 0 # dummy
3746 0 # dummy
3747 0 # dummy
3748 0 # dummy
3749 0 # dummy
3750 0 # dummy
3751 0 # dummy
3752 0 # dummy
3753 0 # dummy
3754 0 # dummy
3755 0 # dummy
3756 0 # dummy
3757 0 # dummy
3758 0 # dummy
3759 0 # dummy
3760 0 # dummy
3761 0 # dummy
3762 0 # dummy
3763 0 # dummy
3764 0 # dummy
3765 0 # dummy
3766 0 # dummy
3767 0 # dummy
3768 0 # dummy
3769 0 # dummy
3770 0 # dummy
3771 0 # dummy
3772 0 # dummy
3773 0 # dummy
3774 0 # dummy
3775 0 # dummy
3776 0 # dummy
3777 0 # dummy
3778 0 # dummy
3779 0 # dummy
3780 0 # dummy
3781 0 # dummy
3782 0 # dummy
3783 0 # dummy
3784 0 # dummy
3785 0 # dummy
3786 0 # dummy
3787 0 # dummy
3788 0 # dummy
3789 0 # dummy
3790 0 # dummy
3791 0 # dummy
3792 0 # dummy
3793 0 # dummy
3794 0 # dummy
3795 0 # dummy
3796 0 # dummy
3797 0 # dummy
3798 0 # dummy
3799 0 # dummy
3800 0 # dummy
3801 0 # dummy
3802 0 # dummy
3803 0 # dummy
3804 0 # dummy
3805 0 # dummy
3806 0 # dummy
3807 0 # dummy
3808 0 # dummy
3809 0 # dummy
3810 0 # dummy
3811 0 # dummy
3812 0 # dummy
3813 0 # dummy
3814 0 # dummy
3815 0 # dummy
3816 0 # dummy
3817 0 # dummy
3818 0 # dummy
3819 0 # dummy
3820 0 # dummy
3821 0 # dummy
3822 0 # dummy
3823 0 # dummy
3824 0 # dummy
3825 0 # dummy
3826 0 # dummy
3827 0 # dummy
3828 0 # dummy
3829 0 # dummy
3830 0 # dummy
3831 0 # dummy
3832 0 # dummy
3833 0 # dummy
3834 0 # dummy
3835 0 # dummy
3836 0 # dummy
3837 0 # dummy
3838 0 # dummy
3839 0 # dummy
3840 0 # dummy
3841 0 # dummy
3842 0 # dummy
3843 0 # dummy
3844 0 # dummy
3845 0 # dummy
3846 0 # dummy
3847 0 # dummy
3848 0 # dummy
3849 0 # dummy
3850 0 # dummy
3851 0 # dummy
3852 0 # dummy
3853 0 # dummy
3854 0 # dummy
3855 0 # dummy
3856 0 # dummy
3857 0 # dummy
3858 0 # dummy
3859 0 # dummy
3860 0 # dummy
3861 0 # dummy
3862 0 # dummy
3863 0 # dummy
3864 0 # dummy
3865 0 # dummy
3866 0 # dummy
3867 0 # dummy
3868 0 # dummy
3869 0 # dummy
3870 0 # dummy
3871 0 # dummy
3872 0 # dummy
3873 0 # dummy
3874 0 # dummy
3875 0 # dummy
3876 0 # dummy
3877 0 # dummy
3878 0 # dummy
3879 0 # dummy
3880 0 # dummy
3881 0 # dummy
3882 0 # dummy
3883 0 # dummy
3884 0 # dummy
3885 0 # dummy
3886 0 # dummy
3887 0 # dummy
3888 0 # dummy
3889 0 # dummy
3890 0 # dummy
3891 0 # dummy
3892 0 # dummy
3893 0 # dummy
3894 0 # dummy
3895 0 # dummy
3896 0 # dummy
3897 0 # dummy
3898 0 # dummy
3899 0 # dummy
3900 0 # dummy
3901 0 # dummy
3902 0 # dummy
3903 0 # dummy
3904 0 # dummy
3905 0 # dummy
3906 0 # dummy
3907 0 # dummy
3908 0 # dummy
3909 0 # dummy
3910 0 # dummy
3911 0 # dummy
3912 0 # dummy
3913 0 # dummy
3914 0 # dummy
3915 0 # dummy
3916 0 # dummy
3917 0 # dummy
3918 0 # dummy
3919 0 # dummy
3920 0 # dummy
3921 0 # dummy
3922 0 # dummy
3923 0 # dummy
3924 0 # dummy
3925 0 # dummy
3926 0 # dummy
3927 0 # dummy
3928 0 # dummy
3929 0 # dummy
3930 0 # dummy
3931 0 # dummy
3932 0 # dummy
3933 0 # dummy
3934 0 # dummy
3935 0 # dummy
3936 0 # dummy
3937 0 # dummy
3938 0 # dummy
3939 0 # dummy
3940 0 # dummy
3941 0 # dummy
3942 0 # dummy
3943 0 # dummy
3944 0 # dummy
3945 0 # dummy
3946 0 # dummy
3947 0 # dummy
3948 0 # dummy
3949 0 # dummy
3950 0 # dummy
3951 0 # dummy
3952 0 # dummy
3953 0 # dummy
3954 0 # dummy
3955 0 # dummy
3956 0 # dummy
3957 0 # dummy
3958 0 # dummy
3959 0 # dummy
3960 0 # dummy
3961 0 # dummy
3962 0 # dummy
3963 0 # dummy
3964 0 # dummy
3965 0 # dummy
3966 0 # dummy
3967 0 # dummy
3968 0 # dummy
3969 0 # dummy
3970 0 # dummy
3971 0 # dummy
3972 0 # dummy
3973 0 # dummy
3974 0 # dummy
3975 0 # dummy
3976 0 # dummy
3977 0 # dummy
3978 0 # dummy
3979 0 # dummy
3980 0 # dummy
3981 0 # dummy
3982 0 # dummy
3983 0 # dummy
3984 0 # dummy
3985 0 # dummy
3986 0 # dummy
3987 0 # dummy
3988 0 # dummy
3989 0 # dummy
3990 0 # dummy
3991 0 # dummy
3992 0 # dummy
3993 0 # dummy
3994 0 # dummy
3995 0 # dummy
3996 0 # dummy
3997 0 # dummy
3998 0 # dummy
3999 0 # dummy
4000 0 # dummy
4001 0 # dummy
4002 0 # dummy
4003 0 # dummy
4004 0 # dummy
4005 0 # dummy
4006 0 # dummy
4007 0 # dummy
4008 0 # dummy
4009 0 # dummy
4010 0 # dummy
4011 0 # dummy
4012 0 # dummy
4013 0 # dummy
4014 0 # dummy
4015 0 # dummy
4016 0 # dummy
4017 0 # dummy
4018 0 # dummy
4019 0 # dummy
4020 0 # dummy
4021 0 # dummy
4022 0 # dummy
4023 0 # dummy
4024 0 # dummy
4025 0 # dummy
4026 0 # dummy
4027 0 # dummy
4028 0 # dummy
4029 0 # dummy
4030 0 # dummy
4031 0 # dummy
4032 0 # dummy
4033 0 # dummy
4034 0 # dummy
4035 0 # dummy
4036 0 # dummy
4037 0 # dummy
4038 0 # dummy
4039 0 # dummy
4040 0 # dummy
4041 0 # dummy
4042 0 # dummy
4043 0 # dummy
4044 0 # dummy
4045 0 # dummy
4046 0 # dummy
4047 0 # dummy
4048 0 # dummy
4049 0 # dummy
4050 0 # dummy
4051 0 # dummy
4052 0 # dummy
4053 0 # dummy
4054 0 # dummy
4055 0 # dummy
4056 0 # dummy
4057 0 # dummy
4058 0 # dummy
4059 0 # dummy
4060 0 # dummy
4061 0 # dummy
4062 0 # dummy
4063 0 # dummy
4064 0 # dummy
4065 0 # dummy
4066 0 # dummy
4067 0 # dummy
4068 0 # dummy
4069 0 # dummy
4070 0 # dummy
4071 0 # dummy
4072 0 # dummy
4073 0 # dummy
4074 0 # dummy
4075 0 # dummy
4076 0 # dummy
4077 0 # dummy
4078 0 # dummy
4079 0 # dummy
4080 0 # dummy
4081 0 # dummy
4082 0 # dummy
4083 0 # dummy
4084 0 # dummy
4085 0 # dummy
4086 0 # dummy
4087 0 # dummy
4088 0 # dummy
4089 0 # dummy
4090 0 # dummy
4091 0 # dummy
4092 0 # dummy
4093 0 # dummy
4094 0 # dummy
4095 0 # dummy
