# address to addend+multiplicative factor LUT
# maps 12 bits to 18 bits
# 18 bits = (addend<<10) + multiplier)
# addend is signed 8 bits, multiplier is 10 bits
# anything after # is ignored with the exception of the header
# the header is first valid line starting with #<header> versionStr nrBitsAddress nrBitsData </header>
#<header> v1 12 18 </header>
0 512  # compresses ieta bin 0, pt 0
1 5119
2 7167
3 7167
4 7167
5 7167
6 7167
7 6143
8 7167
9 6143
10 5119
11 5119
12 5119
13 4095
14 4095
15 3071
16 2047
17 1020
18 1013
19 1006
20 979
21 968
22 953
23 944
24 930
25 918
26 917
27 902
28 901
29 888
30 887
31 879
32 871
33 868
34 856
35 852
36 845
37 838
38 832
39 830
40 821
41 822
42 815
43 811
44 807
45 803
46 800
47 793
48 785
49 782
50 774
51 767
52 766
53 762
54 757
55 756
56 752
57 749
58 745
59 742
60 741
61 734
62 725
63 715
64 512  # compresses ieta bin 1, pt 0
65 6143
66 9215
67 9215
68 9215
69 9215
70 8191
71 7167
72 8191
73 7167
74 6143
75 6143
76 6143
77 5119
78 5119
79 4095
80 3071
81 1021
82 1020
83 1006
84 986
85 975
86 959
87 950
88 931
89 923
90 922
91 907
92 906
93 892
94 892
95 888
96 880
97 872
98 863
99 856
100 852
101 842
102 839
103 836
104 827
105 825
106 818
107 814
108 812
109 808
110 802
111 796
112 790
113 787
114 778
115 771
116 769
117 766
118 761
119 759
120 755
121 751
122 748
123 745
124 744
125 737
126 729
127 717
128 512  # compresses ieta bin 2, pt 0
129 6143
130 9215
131 9215
132 9215
133 9215
134 8191
135 7167
136 8191
137 8191
138 6143
139 6143
140 6143
141 5119
142 5119
143 4095
144 3071
145 1021
146 1020
147 1006
148 986
149 975
150 959
151 950
152 936
153 923
154 922
155 911
156 906
157 896
158 896
159 888
160 880
161 876
162 867
163 859
164 855
165 845
166 842
167 836
168 827
169 828
170 821
171 816
172 812
173 808
174 805
175 798
176 792
177 787
178 778
179 771
180 769
181 766
182 761
183 759
184 755
185 752
186 748
187 745
188 744
189 737
190 729
191 717
192 512  # compresses ieta bin 3, pt 0
193 6143
194 9215
195 9215
196 10239
197 10239
198 9215
199 8191
200 8191
201 8191
202 6143
203 6143
204 6143
205 5119
206 5119
207 4095
208 3071
209 2044
210 1020
211 1007
212 986
213 976
214 965
215 950
216 936
217 929
218 922
219 911
220 911
221 897
222 896
223 892
224 884
225 876
226 867
227 859
228 855
229 845
230 842
231 839
232 830
233 828
234 821
235 816
236 812
237 811
238 805
239 798
240 792
241 789
242 780
243 771
244 771
245 767
246 762
247 761
248 756
249 754
250 750
251 746
252 745
253 738
254 729
255 718
256 512  # compresses ieta bin 4, pt 0
257 7167
258 10239
259 10239
260 11263
261 11263
262 9215
263 9215
264 9215
265 9215
266 7167
267 6143
268 6143
269 5119
270 5119
271 4095
272 3071
273 2046
274 1020
275 1013
276 986
277 982
278 965
279 950
280 936
281 929
282 922
283 911
284 911
285 897
286 897
287 892
288 884
289 876
290 867
291 859
292 855
293 845
294 842
295 839
296 830
297 828
298 821
299 816
300 815
301 811
302 807
303 801
304 794
305 789
306 778
307 773
308 773
309 769
310 764
311 763
312 758
313 754
314 751
315 747
316 747
317 739
318 730
319 718
320 512  # compresses ieta bin 5, pt 0
321 8191
322 13311
323 13311
324 13311
325 13311
326 12287
327 11263
328 11263
329 10239
330 9215
331 8191
332 8191
333 6143
334 7167
335 5119
336 5119
337 3071
338 2045
339 1020
340 1000
341 988
342 978
343 962
344 948
345 940
346 934
347 921
348 916
349 906
350 905
351 901
352 892
353 884
354 875
355 867
356 862
357 852
358 845
359 842
360 834
361 832
362 824
363 819
364 817
365 813
366 810
367 803
368 799
369 793
370 782
371 777
372 777
373 773
374 767
375 766
376 761
377 757
378 754
379 749
380 748
381 741
382 731
383 720
384 512  # compresses ieta bin 6, pt 0
385 8191
386 13311
387 13311
388 14335
389 13311
390 12287
391 12287
392 12287
393 11263
394 10239
395 9215
396 9215
397 7167
398 7167
399 6143
400 5119
401 3071
402 2045
403 1020
404 1000
405 988
406 978
407 962
408 948
409 940
410 934
411 921
412 916
413 906
414 905
415 901
416 892
417 884
418 875
419 867
420 862
421 852
422 845
423 842
424 834
425 834
426 826
427 822
428 817
429 816
430 812
431 805
432 799
433 795
434 784
435 779
436 779
437 775
438 767
439 766
440 761
441 757
442 754
443 750
444 748
445 741
446 731
447 720
448 512  # compresses ieta bin 7, pt 0
449 8191
450 13311
451 13311
452 14335
453 13311
454 12287
455 12287
456 12287
457 11263
458 10239
459 9215
460 9215
461 7167
462 7167
463 6143
464 5119
465 2047
466 1022
467 1014
468 994
469 983
470 978
471 962
472 948
473 940
474 933
475 917
476 915
477 905
478 905
479 897
480 888
481 884
482 871
483 867
484 859
485 848
486 845
487 842
488 834
489 831
490 824
491 819
492 817
493 813
494 810
495 803
496 799
497 793
498 784
499 777
500 777
501 773
502 767
503 766
504 761
505 757
506 753
507 749
508 748
509 739
510 730
511 719
512 512  # compresses ieta bin 8, pt 0
513 9215
514 14335
515 15359
516 15359
517 15359
518 13311
519 13311
520 13311
521 12287
522 11263
523 11263
524 11263
525 9215
526 9215
527 7167
528 7167
529 4095
530 3071
531 2047
532 1007
533 1001
534 990
535 974
536 953
537 946
538 943
539 926
540 925
541 915
542 914
543 909
544 896
545 888
546 875
547 870
548 866
549 855
550 852
551 846
552 837
553 835
554 826
555 822
556 817
557 816
558 812
559 805
560 801
561 797
562 788
563 783
564 782
565 778
566 773
567 771
568 766
569 760
570 757
571 753
572 751
573 742
574 734
575 723
576 512  # compresses ieta bin 9, pt 0
577 9215
578 15359
579 15359
580 16383
581 16383
582 14335
583 14335
584 13311
585 12287
586 12287
587 11263
588 11263
589 9215
590 9215
591 7167
592 7167
593 4095
594 3071
595 2047
596 1014
597 1002
598 996
599 986
600 970
601 962
602 954
603 936
604 935
605 925
606 928
607 922
608 909
609 897
610 887
611 878
612 873
613 865
614 862
615 855
616 846
617 843
618 835
619 830
620 825
621 821
622 817
623 808
624 803
625 800
626 790
627 785
628 784
629 780
630 774
631 772
632 767
633 763
634 759
635 755
636 752
637 743
638 735
639 725
640 512  # compresses ieta bin 10, pt 0
641 9215
642 16383
643 17407
644 17407
645 17407
646 16383
647 16383
648 16383
649 14335
650 14335
651 12287
652 12287
653 11263
654 11263
655 10239
656 9215
657 6143
658 6143
659 5119
660 1021
661 1014
662 997
663 992
664 976
665 967
666 959
667 941
668 940
669 929
670 928
671 922
672 909
673 897
674 887
675 882
676 877
677 865
678 862
679 858
680 852
681 849
682 843
683 838
684 833
685 832
686 827
687 820
688 817
689 813
690 800
691 791
692 790
693 785
694 778
695 776
696 771
697 764
698 760
699 756
700 754
701 746
702 738
703 727
704 512  # compresses ieta bin 11, pt 0
705 10239
706 17407
707 18431
708 18431
709 19455
710 18431
711 18431
712 18431
713 16383
714 16383
715 13311
716 14335
717 12287
718 13311
719 12287
720 11263
721 9215
722 8191
723 7167
724 4095
725 2045
726 1009
727 998
728 976
729 967
730 964
731 942
732 940
733 933
734 932
735 927
736 913
737 905
738 894
739 893
740 887
741 879
742 875
743 871
744 858
745 858
746 849
747 847
748 841
749 839
750 835
751 827
752 822
753 817
754 802
755 795
756 794
757 791
758 783
759 781
760 775
761 769
762 766
763 760
764 759
765 750
766 741
767 732
768 512  # compresses ieta bin 12, pt 0
769 11263
770 20479
771 20479
772 21503
773 20479
774 20479
775 19455
776 20479
777 18431
778 17407
779 15359
780 16383
781 14335
782 14335
783 13311
784 13311
785 11263
786 11263
787 10239
788 7167
789 5119
790 3071
791 1010
792 999
793 989
794 981
795 962
796 959
797 947
798 946
799 940
800 926
801 917
802 910
803 907
804 902
805 893
806 888
807 880
808 870
809 870
810 861
811 855
812 849
813 847
814 842
815 834
816 826
817 819
818 806
819 799
820 797
821 794
822 788
823 786
824 780
825 774
826 770
827 766
828 763
829 755
830 746
831 736
832 512  # compresses ieta bin 13, pt 0
833 12287
834 20479
835 21503
836 22527
837 21503
838 21503
839 21503
840 21503
841 19455
842 19455
843 17407
844 17407
845 16383
846 16383
847 15359
848 15359
849 13311
850 12287
851 11263
852 9215
853 7167
854 5119
855 2046
856 1010
857 1005
858 995
859 976
860 973
861 957
862 959
863 948
864 934
865 925
866 914
867 911
868 905
869 896
870 891
871 884
872 873
873 872
874 863
875 858
876 855
877 850
878 847
879 839
880 831
881 825
882 813
883 805
884 803
885 802
886 795
887 792
888 787
889 780
890 776
891 772
892 770
893 761
894 753
895 742
896 512  # compresses ieta bin 14, pt 0
897 12287
898 20479
899 21503
900 22527
901 21503
902 21503
903 21503
904 21503
905 19455
906 19455
907 17407
908 17407
909 16383
910 16383
911 15359
912 15359
913 13311
914 12287
915 11263
916 9215
917 7167
918 6143
919 2047
920 1016
921 1011
922 1006
923 986
924 983
925 971
926 968
927 961
928 947
929 937
930 929
931 922
932 916
933 906
934 901
935 893
936 879
937 878
938 869
939 863
940 857
941 855
942 852
943 844
944 835
945 830
946 817
947 810
948 809
949 805
950 800
951 797
952 791
953 786
954 782
955 776
956 774
957 766
958 758
959 748
960 512  # compresses ieta bin 15, pt 0
961 11263
962 19455
963 20479
964 21503
965 21503
966 21503
967 21503
968 21503
969 19455
970 19455
971 17407
972 17407
973 16383
974 16383
975 15359
976 15359
977 13311
978 13311
979 12287
980 9215
981 8191
982 7167
983 4095
984 2046
985 1021
986 1016
987 996
988 993
989 980
990 982
991 974
992 959
993 953
994 941
995 937
996 930
997 920
998 914
999 906
1000 892
1001 893
1002 883
1003 877
1004 873
1005 870
1006 865
1007 858
1008 851
1009 845
1010 831
1011 824
1012 824
1013 821
1014 816
1015 812
1016 806
1017 800
1018 796
1019 792
1020 790
1021 780
1022 772
1023 763
1024 512  # compresses ieta bin 16, pt 0
1025 13311
1026 23551
1027 23551
1028 24575
1029 23551
1030 23551
1031 22527
1032 24575
1033 23551
1034 23551
1035 21503
1036 21503
1037 20479
1038 20479
1039 19455
1040 19455
1041 17407
1042 18431
1043 18431
1044 15359
1045 15359
1046 13311
1047 9215
1048 7167
1049 6143
1050 6143
1051 2047
1052 1022
1053 1008
1054 1009
1055 1000
1056 989
1057 978
1058 968
1059 959
1060 955
1061 944
1062 937
1063 931
1064 916
1065 914
1066 906
1067 899
1068 895
1069 891
1070 887
1071 880
1072 871
1073 866
1074 853
1075 846
1076 844
1077 843
1078 836
1079 834
1080 826
1081 821
1082 816
1083 812
1084 810
1085 800
1086 793
1087 784
1088 512  # compresses ieta bin 17, pt 0
1089 12287
1090 21503
1091 21503
1092 22527
1093 22527
1094 21503
1095 21503
1096 21503
1097 20479
1098 20479
1099 17407
1100 18431
1101 16383
1102 17407
1103 16383
1104 15359
1105 13311
1106 13311
1107 12287
1108 9215
1109 8191
1110 6143
1111 3071
1112 1017
1113 1011
1114 1006
1115 986
1116 983
1117 971
1118 973
1119 961
1120 947
1121 937
1122 926
1123 919
1124 912
1125 900
1126 898
1127 890
1128 876
1129 875
1130 866
1131 860
1132 857
1133 855
1134 850
1135 841
1136 833
1137 828
1138 815
1139 807
1140 805
1141 803
1142 797
1143 794
1144 788
1145 781
1146 778
1147 772
1148 770
1149 761
1150 754
1151 744
1152 512  # compresses ieta bin 18, pt 0
1153 12287
1154 21503
1155 22527
1156 22527
1157 22527
1158 21503
1159 21503
1160 20479
1161 19455
1162 19455
1163 17407
1164 17407
1165 15359
1166 16383
1167 15359
1168 14335
1169 12287
1170 12287
1171 11263
1172 8191
1173 7167
1174 6143
1175 2047
1176 1016
1177 1011
1178 1006
1179 986
1180 983
1181 971
1182 973
1183 961
1184 947
1185 937
1186 926
1187 919
1188 912
1189 900
1190 898
1191 890
1192 876
1193 875
1194 866
1195 860
1196 857
1197 855
1198 850
1199 841
1200 833
1201 828
1202 815
1203 807
1204 805
1205 803
1206 797
1207 794
1208 788
1209 781
1210 776
1211 770
1212 769
1213 759
1214 753
1215 743
1216 512  # compresses ieta bin 19, pt 0
1217 12287
1218 20479
1219 20479
1220 20479
1221 20479
1222 19455
1223 19455
1224 18431
1225 17407
1226 16383
1227 14335
1228 14335
1229 13311
1230 13311
1231 12287
1232 12287
1233 9215
1234 8191
1235 7167
1236 3071
1237 2047
1238 1015
1239 998
1240 976
1241 972
1242 964
1243 942
1244 940
1245 933
1246 932
1247 927
1248 917
1249 909
1250 906
1251 900
1252 894
1253 886
1254 881
1255 877
1256 867
1257 864
1258 855
1259 852
1260 847
1261 844
1262 840
1263 832
1264 824
1265 819
1266 806
1267 799
1268 797
1269 794
1270 790
1271 786
1272 780
1273 774
1274 769
1275 763
1276 762
1277 751
1278 746
1279 737
1280 512  # compresses ieta bin 20, pt 0
1281 11263
1282 18431
1283 19455
1284 19455
1285 19455
1286 17407
1287 16383
1288 16383
1289 14335
1290 14335
1291 13311
1292 13311
1293 12287
1294 12287
1295 11263
1296 10239
1297 7167
1298 6143
1299 5119
1300 1021
1301 1008
1302 997
1303 980
1304 960
1305 956
1306 949
1307 931
1308 930
1309 915
1310 915
1311 910
1312 905
1313 901
1314 891
1315 885
1316 880
1317 872
1318 868
1319 864
1320 855
1321 855
1322 846
1323 841
1324 836
1325 832
1326 827
1327 820
1328 815
1329 810
1330 796
1331 791
1332 788
1333 785
1334 781
1335 777
1336 772
1337 764
1338 762
1339 756
1340 754
1341 743
1342 738
1343 729
1344 512  # compresses ieta bin 21, pt 0
1345 10239
1346 17407
1347 16383
1348 16383
1349 15359
1350 14335
1351 14335
1352 13311
1353 13311
1354 12287
1355 10239
1356 10239
1357 9215
1358 9215
1359 8191
1360 8191
1361 5119
1362 3071
1363 2047
1364 1007
1365 995
1366 984
1367 968
1368 953
1369 951
1370 943
1371 927
1372 925
1373 915
1374 914
1375 905
1376 896
1377 892
1378 883
1379 878
1380 873
1381 862
1382 862
1383 855
1384 846
1385 846
1386 838
1387 833
1388 828
1389 826
1390 822
1391 815
1392 808
1393 802
1394 788
1395 779
1396 779
1397 776
1398 767
1399 764
1400 760
1401 754
1402 750
1403 745
1404 743
1405 733
1406 727
1407 718
1408 512  # compresses ieta bin 22, pt 0
1409 10239
1410 15359
1411 15359
1412 15359
1413 15359
1414 14335
1415 13311
1416 12287
1417 12287
1418 11263
1419 9215
1420 9215
1421 8191
1422 8191
1423 7167
1424 6143
1425 4095
1426 3071
1427 2044
1428 993
1429 975
1430 965
1431 950
1432 942
1433 934
1434 927
1435 911
1436 907
1437 892
1438 892
1439 884
1440 875
1441 872
1442 867
1443 859
1444 855
1445 845
1446 842
1447 839
1448 830
1449 829
1450 824
1451 822
1452 817
1453 816
1454 812
1455 808
1456 801
1457 795
1458 782
1459 775
1460 773
1461 771
1462 764
1463 758
1464 748
1465 743
1466 739
1467 733
1468 730
1469 719
1470 715
1471 706
1472 512  # compresses ieta bin 23, pt 0
1473 9215
1474 14335
1475 14335
1476 14335
1477 13311
1478 12287
1479 11263
1480 10239
1481 10239
1482 8191
1483 7167
1484 7167
1485 5119
1486 5119
1487 4095
1488 3071
1489 2044
1490 1014
1491 1006
1492 986
1493 970
1494 965
1495 950
1496 936
1497 929
1498 922
1499 906
1500 901
1501 887
1502 887
1503 879
1504 871
1505 864
1506 860
1507 856
1508 848
1509 838
1510 839
1511 833
1512 821
1513 817
1514 809
1515 805
1516 799
1517 795
1518 795
1519 791
1520 783
1521 778
1522 767
1523 762
1524 760
1525 759
1526 754
1527 748
1528 740
1529 735
1530 732
1531 726
1532 723
1533 713
1534 706
1535 694
1536 512  # compresses ieta bin 24, pt 0
1537 9215
1538 14335
1539 14335
1540 14335
1541 13311
1542 12287
1543 11263
1544 10239
1545 10239
1546 8191
1547 7167
1548 7167
1549 4095
1550 5119
1551 3071
1552 3071
1553 1021
1554 1014
1555 1006
1556 986
1557 970
1558 965
1559 950
1560 936
1561 929
1562 922
1563 906
1564 901
1565 887
1566 887
1567 879
1568 871
1569 864
1570 860
1571 856
1572 848
1573 838
1574 839
1575 833
1576 821
1577 817
1578 809
1579 805
1580 799
1581 795
1582 795
1583 791
1584 783
1585 778
1586 765
1587 762
1588 760
1589 759
1590 754
1591 748
1592 740
1593 735
1594 732
1595 726
1596 723
1597 713
1598 706
1599 694
1600 512  # compresses ieta bin 25, pt 0
1601 7167
1602 11263
1603 10239
1604 9215
1605 7167
1606 4095
1607 5119
1608 5119
1609 3071
1610 1019
1611 2043
1612 1021
1613 1019
1614 1019
1615 1004
1616 1003
1617 996
1618 989
1619 977
1620 951
1621 942
1622 934
1623 920
1624 908
1625 896
1626 896
1627 882
1628 882
1629 878
1630 874
1631 870
1632 859
1633 852
1634 840
1635 833
1636 827
1637 818
1638 806
1639 801
1640 797
1641 796
1642 792
1643 789
1644 785
1645 785
1646 785
1647 781
1648 774
1649 769
1650 757
1651 754
1652 753
1653 750
1654 745
1655 739
1656 733
1657 728
1658 725
1659 720
1660 718
1661 706
1662 699
1663 687
1664 512  # compresses ieta bin 26, pt 0
1665 11263
1666 14335
1667 12287
1668 10239
1669 9215
1670 6143
1671 6143
1672 5119
1673 4095
1674 1020
1675 1019
1676 1019
1677 1011
1678 1011
1679 1002
1680 994
1681 987
1682 982
1683 963
1684 938
1685 929
1686 921
1687 908
1688 896
1689 880
1690 880
1691 871
1692 867
1693 864
1694 856
1695 849
1696 833
1697 823
1698 813
1699 811
1700 809
1701 801
1702 793
1703 789
1704 785
1705 781
1706 778
1707 775
1708 769
1709 769
1710 767
1711 762
1712 758
1713 752
1714 741
1715 734
1716 734
1717 732
1718 728
1719 720
1720 713
1721 711
1722 707
1723 702
1724 700
1725 691
1726 677
1727 665
1728 512  # compresses ieta bin 27, pt 0
1729 12287
1730 16383
1731 14335
1732 12287
1733 11263
1734 9215
1735 8191
1736 6143
1737 4095
1738 2043
1739 1009
1740 1000
1741 1001
1742 994
1743 984
1744 977
1745 962
1746 952
1747 934
1748 910
1749 896
1750 890
1751 879
1752 862
1753 842
1754 833
1755 831
1756 828
1757 822
1758 820
1759 814
1760 800
1761 787
1762 782
1763 781
1764 777
1765 770
1766 757
1767 754
1768 751
1769 749
1770 747
1771 742
1772 732
1773 731
1774 727
1775 719
1776 717
1777 716
1778 708
1779 701
1780 702
1781 701
1782 697
1783 690
1784 686
1785 685
1786 682
1787 675
1788 673
1789 668
1790 657
1791 647
1792 512  # compresses ieta bin 28, pt 0
1793 9215
1794 9215
1795 7167
1796 5119
1797 3071
1798 1005
1799 983
1800 949
1801 918
1802 903
1803 876
1804 863
1805 858
1806 828
1807 825
1808 824
1809 814
1810 797
1811 780
1812 771
1813 771
1814 766
1815 765
1816 760
1817 755
1818 750
1819 745
1820 742
1821 733
1822 730
1823 731
1824 720
1825 710
1826 708
1827 711
1828 710
1829 708
1830 694
1831 687
1832 687
1833 687
1834 687
1835 687
1836 681
1837 679
1838 674
1839 669
1840 668
1841 668
1842 663
1843 660
1844 661
1845 660
1846 658
1847 654
1848 653
1849 654
1850 657
1851 652
1852 650
1853 644
1854 626
1855 612
1856 512  # compresses ieta bin 29, pt 0
1857 10239
1858 12287
1859 8191
1860 7167
1861 5119
1862 1008
1863 983
1864 949
1865 918
1866 904
1867 877
1868 864
1869 849
1870 818
1871 809
1872 807
1873 789
1874 780
1875 764
1876 745
1877 739
1878 722
1879 718
1880 703
1881 700
1882 693
1883 690
1884 688
1885 682
1886 681
1887 679
1888 682
1889 681
1890 673
1891 659
1892 660
1893 657
1894 648
1895 643
1896 645
1897 637
1898 639
1899 637
1900 639
1901 638
1902 629
1903 626
1904 625
1905 623
1906 610
1907 605
1908 607
1909 605
1910 604
1911 604
1912 605
1913 605
1914 608
1915 602
1916 601
1917 596
1918 580
1919 566
1920 512  # compresses ieta bin 30, pt 0
1921 10239
1922 12287
1923 8191
1924 7167
1925 4095
1926 1006
1927 982
1928 949
1929 908
1930 903
1931 876
1932 852
1933 822
1934 791
1935 782
1936 781
1937 757
1938 749
1939 729
1940 717
1941 707
1942 691
1943 688
1944 680
1945 674
1946 672
1947 671
1948 669
1949 663
1950 658
1951 658
1952 661
1953 661
1954 654
1955 640
1956 642
1957 640
1958 638
1959 637
1960 638
1961 631
1962 631
1963 632
1964 631
1965 632
1966 624
1967 619
1968 618
1969 617
1970 606
1971 605
1972 605
1973 605
1974 604
1975 604
1976 604
1977 603
1978 606
1979 602
1980 600
1981 596
1982 579
1983 565
1984 512  # compresses ieta bin 31, pt 0
1985 9215
1986 10239
1987 6143
1988 4095
1989 992
1990 942
1991 921
1992 903
1993 854
1994 839
1995 815
1996 794
1997 773
1998 745
1999 729
2000 730
2001 708
2002 702
2003 677
2004 668
2005 660
2006 653
2007 652
2008 635
2009 625
2010 624
2011 625
2012 622
2013 612
2014 613
2015 606
2016 607
2017 608
2018 607
2019 603
2020 603
2021 599
2022 596
2023 593
2024 593
2025 593
2026 593
2027 593
2028 593
2029 594
2030 591
2031 592
2032 591
2033 591
2034 585
2035 586
2036 584
2037 585
2038 584
2039 584
2040 585
2041 584
2042 587
2043 583
2044 582
2045 577
2046 562
2047 549
2048 512  # compresses ieta bin 32, pt 0
2049 8191
2050 7167
2051 3071
2052 2042
2053 964
2054 904
2055 896
2056 867
2057 829
2058 806
2059 785
2060 763
2061 735
2062 709
2063 694
2064 696
2065 665
2066 656
2067 640
2068 627
2069 615
2070 591
2071 587
2072 578
2073 575
2074 577
2075 575
2076 577
2077 575
2078 573
2079 575
2080 573
2081 567
2082 569
2083 566
2084 567
2085 565
2086 560
2087 558
2088 556
2089 558
2090 556
2091 558
2092 556
2093 557
2094 556
2095 554
2096 554
2097 554
2098 548
2099 549
2100 549
2101 547
2102 548
2103 548
2104 548
2105 547
2106 551
2107 547
2108 546
2109 541
2110 525
2111 513
2112 512  # compresses ieta bin 33, pt 0
2113 8191
2114 7167
2115 3071
2116 2042
2117 964
2118 902
2119 896
2120 867
2121 829
2122 805
2123 784
2124 763
2125 726
2126 709
2127 686
2128 687
2129 658
2130 649
2131 633
2132 626
2133 614
2134 590
2135 582
2136 572
2137 570
2138 572
2139 570
2140 568
2141 566
2142 568
2143 567
2144 569
2145 559
2146 561
2147 562
2148 560
2149 558
2150 553
2151 552
2152 553
2153 552
2154 553
2155 552
2156 553
2157 552
2158 551
2159 552
2160 550
2161 550
2162 548
2163 547
2164 547
2165 547
2166 546
2167 546
2168 546
2169 547
2170 550
2171 546
2172 545
2173 540
2174 525
2175 511
2176 512  # compresses ieta bin 34, pt 0
2177 8191
2178 7167
2179 3071
2180 2042
2181 964
2182 902
2183 896
2184 867
2185 829
2186 805
2187 784
2188 763
2189 726
2190 709
2191 686
2192 687
2193 658
2194 649
2195 633
2196 626
2197 614
2198 590
2199 582
2200 572
2201 570
2202 572
2203 570
2204 568
2205 562
2206 560
2207 562
2208 561
2209 555
2210 557
2211 555
2212 557
2213 555
2214 550
2215 548
2216 547
2217 546
2218 548
2219 547
2220 548
2221 547
2222 546
2223 547
2224 545
2225 544
2226 542
2227 543
2228 543
2229 542
2230 541
2231 541
2232 542
2233 541
2234 544
2235 540
2236 539
2237 534
2238 519
2239 505
2240 512  # compresses ieta bin 35, pt 0
2241 8191
2242 7167
2243 3071
2244 2042
2245 964
2246 902
2247 896
2248 867
2249 829
2250 805
2251 784
2252 763
2253 726
2254 709
2255 686
2256 687
2257 658
2258 649
2259 633
2260 626
2261 614
2262 590
2263 582
2264 572
2265 570
2266 572
2267 570
2268 568
2269 562
2270 560
2271 562
2272 561
2273 555
2274 557
2275 555
2276 557
2277 555
2278 550
2279 548
2280 547
2281 546
2282 548
2283 547
2284 548
2285 547
2286 546
2287 547
2288 545
2289 544
2290 542
2291 543
2292 543
2293 542
2294 541
2295 541
2296 542
2297 541
2298 544
2299 540
2300 539
2301 534
2302 519
2303 505
2304 512  # compresses ieta bin 36, pt 0
2305 8191
2306 7167
2307 3071
2308 2042
2309 965
2310 915
2311 898
2312 879
2313 840
2314 816
2315 794
2316 765
2317 735
2318 710
2319 694
2320 696
2321 665
2322 656
2323 640
2324 633
2325 621
2326 597
2327 593
2328 578
2329 580
2330 577
2331 571
2332 572
2333 561
2334 560
2335 562
2336 561
2337 555
2338 557
2339 555
2340 557
2341 555
2342 550
2343 548
2344 547
2345 546
2346 548
2347 547
2348 546
2349 547
2350 546
2351 545
2352 545
2353 544
2354 542
2355 541
2356 541
2357 542
2358 541
2359 541
2360 540
2361 541
2362 544
2363 540
2364 539
2365 534
2366 519
2367 505
2368 512  # compresses ieta bin 37, pt 0
2369 8191
2370 7167
2371 3071
2372 2047
2373 991
2374 915
2375 898
2376 879
2377 840
2378 816
2379 794
2380 765
2381 735
2382 710
2383 694
2384 696
2385 665
2386 656
2387 640
2388 633
2389 621
2390 597
2391 593
2392 578
2393 580
2394 577
2395 571
2396 572
2397 561
2398 560
2399 562
2400 561
2401 555
2402 557
2403 555
2404 557
2405 555
2406 550
2407 548
2408 547
2409 546
2410 548
2411 547
2412 546
2413 547
2414 546
2415 545
2416 545
2417 544
2418 542
2419 541
2420 541
2421 542
2422 541
2423 541
2424 540
2425 541
2426 544
2427 540
2428 539
2429 534
2430 519
2431 505
2432 512  # compresses ieta bin 38, pt 0
2433 8191
2434 7167
2435 3071
2436 2047
2437 1006
2438 930
2439 921
2440 892
2441 854
2442 837
2443 814
2444 793
2445 755
2446 736
2447 738
2448 738
2449 715
2450 702
2451 684
2452 675
2453 666
2454 640
2455 635
2456 623
2457 624
2458 609
2459 595
2460 597
2461 584
2462 586
2463 584
2464 586
2465 571
2466 557
2467 555
2468 557
2469 555
2470 550
2471 548
2472 547
2473 546
2474 548
2475 547
2476 546
2477 547
2478 546
2479 545
2480 545
2481 544
2482 542
2483 541
2484 541
2485 542
2486 541
2487 541
2488 540
2489 541
2490 544
2491 540
2492 539
2493 534
2494 519
2495 505
2496 512  # compresses ieta bin 39, pt 0
2497 8191
2498 7167
2499 3071
2500 2047
2501 1006
2502 930
2503 921
2504 892
2505 854
2506 837
2507 814
2508 793
2509 755
2510 736
2511 738
2512 738
2513 715
2514 702
2515 684
2516 675
2517 666
2518 640
2519 635
2520 623
2521 624
2522 609
2523 595
2524 597
2525 584
2526 586
2527 584
2528 586
2529 571
2530 557
2531 555
2532 557
2533 555
2534 550
2535 548
2536 547
2537 546
2538 548
2539 547
2540 546
2541 547
2542 546
2543 545
2544 545
2545 544
2546 542
2547 541
2548 541
2549 542
2550 541
2551 541
2552 540
2553 541
2554 544
2555 540
2556 539
2557 534
2558 519
2559 505
2560 0 # dummy
2561 0 # dummy
2562 0 # dummy
2563 0 # dummy
2564 0 # dummy
2565 0 # dummy
2566 0 # dummy
2567 0 # dummy
2568 0 # dummy
2569 0 # dummy
2570 0 # dummy
2571 0 # dummy
2572 0 # dummy
2573 0 # dummy
2574 0 # dummy
2575 0 # dummy
2576 0 # dummy
2577 0 # dummy
2578 0 # dummy
2579 0 # dummy
2580 0 # dummy
2581 0 # dummy
2582 0 # dummy
2583 0 # dummy
2584 0 # dummy
2585 0 # dummy
2586 0 # dummy
2587 0 # dummy
2588 0 # dummy
2589 0 # dummy
2590 0 # dummy
2591 0 # dummy
2592 0 # dummy
2593 0 # dummy
2594 0 # dummy
2595 0 # dummy
2596 0 # dummy
2597 0 # dummy
2598 0 # dummy
2599 0 # dummy
2600 0 # dummy
2601 0 # dummy
2602 0 # dummy
2603 0 # dummy
2604 0 # dummy
2605 0 # dummy
2606 0 # dummy
2607 0 # dummy
2608 0 # dummy
2609 0 # dummy
2610 0 # dummy
2611 0 # dummy
2612 0 # dummy
2613 0 # dummy
2614 0 # dummy
2615 0 # dummy
2616 0 # dummy
2617 0 # dummy
2618 0 # dummy
2619 0 # dummy
2620 0 # dummy
2621 0 # dummy
2622 0 # dummy
2623 0 # dummy
2624 0 # dummy
2625 0 # dummy
2626 0 # dummy
2627 0 # dummy
2628 0 # dummy
2629 0 # dummy
2630 0 # dummy
2631 0 # dummy
2632 0 # dummy
2633 0 # dummy
2634 0 # dummy
2635 0 # dummy
2636 0 # dummy
2637 0 # dummy
2638 0 # dummy
2639 0 # dummy
2640 0 # dummy
2641 0 # dummy
2642 0 # dummy
2643 0 # dummy
2644 0 # dummy
2645 0 # dummy
2646 0 # dummy
2647 0 # dummy
2648 0 # dummy
2649 0 # dummy
2650 0 # dummy
2651 0 # dummy
2652 0 # dummy
2653 0 # dummy
2654 0 # dummy
2655 0 # dummy
2656 0 # dummy
2657 0 # dummy
2658 0 # dummy
2659 0 # dummy
2660 0 # dummy
2661 0 # dummy
2662 0 # dummy
2663 0 # dummy
2664 0 # dummy
2665 0 # dummy
2666 0 # dummy
2667 0 # dummy
2668 0 # dummy
2669 0 # dummy
2670 0 # dummy
2671 0 # dummy
2672 0 # dummy
2673 0 # dummy
2674 0 # dummy
2675 0 # dummy
2676 0 # dummy
2677 0 # dummy
2678 0 # dummy
2679 0 # dummy
2680 0 # dummy
2681 0 # dummy
2682 0 # dummy
2683 0 # dummy
2684 0 # dummy
2685 0 # dummy
2686 0 # dummy
2687 0 # dummy
2688 0 # dummy
2689 0 # dummy
2690 0 # dummy
2691 0 # dummy
2692 0 # dummy
2693 0 # dummy
2694 0 # dummy
2695 0 # dummy
2696 0 # dummy
2697 0 # dummy
2698 0 # dummy
2699 0 # dummy
2700 0 # dummy
2701 0 # dummy
2702 0 # dummy
2703 0 # dummy
2704 0 # dummy
2705 0 # dummy
2706 0 # dummy
2707 0 # dummy
2708 0 # dummy
2709 0 # dummy
2710 0 # dummy
2711 0 # dummy
2712 0 # dummy
2713 0 # dummy
2714 0 # dummy
2715 0 # dummy
2716 0 # dummy
2717 0 # dummy
2718 0 # dummy
2719 0 # dummy
2720 0 # dummy
2721 0 # dummy
2722 0 # dummy
2723 0 # dummy
2724 0 # dummy
2725 0 # dummy
2726 0 # dummy
2727 0 # dummy
2728 0 # dummy
2729 0 # dummy
2730 0 # dummy
2731 0 # dummy
2732 0 # dummy
2733 0 # dummy
2734 0 # dummy
2735 0 # dummy
2736 0 # dummy
2737 0 # dummy
2738 0 # dummy
2739 0 # dummy
2740 0 # dummy
2741 0 # dummy
2742 0 # dummy
2743 0 # dummy
2744 0 # dummy
2745 0 # dummy
2746 0 # dummy
2747 0 # dummy
2748 0 # dummy
2749 0 # dummy
2750 0 # dummy
2751 0 # dummy
2752 0 # dummy
2753 0 # dummy
2754 0 # dummy
2755 0 # dummy
2756 0 # dummy
2757 0 # dummy
2758 0 # dummy
2759 0 # dummy
2760 0 # dummy
2761 0 # dummy
2762 0 # dummy
2763 0 # dummy
2764 0 # dummy
2765 0 # dummy
2766 0 # dummy
2767 0 # dummy
2768 0 # dummy
2769 0 # dummy
2770 0 # dummy
2771 0 # dummy
2772 0 # dummy
2773 0 # dummy
2774 0 # dummy
2775 0 # dummy
2776 0 # dummy
2777 0 # dummy
2778 0 # dummy
2779 0 # dummy
2780 0 # dummy
2781 0 # dummy
2782 0 # dummy
2783 0 # dummy
2784 0 # dummy
2785 0 # dummy
2786 0 # dummy
2787 0 # dummy
2788 0 # dummy
2789 0 # dummy
2790 0 # dummy
2791 0 # dummy
2792 0 # dummy
2793 0 # dummy
2794 0 # dummy
2795 0 # dummy
2796 0 # dummy
2797 0 # dummy
2798 0 # dummy
2799 0 # dummy
2800 0 # dummy
2801 0 # dummy
2802 0 # dummy
2803 0 # dummy
2804 0 # dummy
2805 0 # dummy
2806 0 # dummy
2807 0 # dummy
2808 0 # dummy
2809 0 # dummy
2810 0 # dummy
2811 0 # dummy
2812 0 # dummy
2813 0 # dummy
2814 0 # dummy
2815 0 # dummy
2816 0 # dummy
2817 0 # dummy
2818 0 # dummy
2819 0 # dummy
2820 0 # dummy
2821 0 # dummy
2822 0 # dummy
2823 0 # dummy
2824 0 # dummy
2825 0 # dummy
2826 0 # dummy
2827 0 # dummy
2828 0 # dummy
2829 0 # dummy
2830 0 # dummy
2831 0 # dummy
2832 0 # dummy
2833 0 # dummy
2834 0 # dummy
2835 0 # dummy
2836 0 # dummy
2837 0 # dummy
2838 0 # dummy
2839 0 # dummy
2840 0 # dummy
2841 0 # dummy
2842 0 # dummy
2843 0 # dummy
2844 0 # dummy
2845 0 # dummy
2846 0 # dummy
2847 0 # dummy
2848 0 # dummy
2849 0 # dummy
2850 0 # dummy
2851 0 # dummy
2852 0 # dummy
2853 0 # dummy
2854 0 # dummy
2855 0 # dummy
2856 0 # dummy
2857 0 # dummy
2858 0 # dummy
2859 0 # dummy
2860 0 # dummy
2861 0 # dummy
2862 0 # dummy
2863 0 # dummy
2864 0 # dummy
2865 0 # dummy
2866 0 # dummy
2867 0 # dummy
2868 0 # dummy
2869 0 # dummy
2870 0 # dummy
2871 0 # dummy
2872 0 # dummy
2873 0 # dummy
2874 0 # dummy
2875 0 # dummy
2876 0 # dummy
2877 0 # dummy
2878 0 # dummy
2879 0 # dummy
2880 0 # dummy
2881 0 # dummy
2882 0 # dummy
2883 0 # dummy
2884 0 # dummy
2885 0 # dummy
2886 0 # dummy
2887 0 # dummy
2888 0 # dummy
2889 0 # dummy
2890 0 # dummy
2891 0 # dummy
2892 0 # dummy
2893 0 # dummy
2894 0 # dummy
2895 0 # dummy
2896 0 # dummy
2897 0 # dummy
2898 0 # dummy
2899 0 # dummy
2900 0 # dummy
2901 0 # dummy
2902 0 # dummy
2903 0 # dummy
2904 0 # dummy
2905 0 # dummy
2906 0 # dummy
2907 0 # dummy
2908 0 # dummy
2909 0 # dummy
2910 0 # dummy
2911 0 # dummy
2912 0 # dummy
2913 0 # dummy
2914 0 # dummy
2915 0 # dummy
2916 0 # dummy
2917 0 # dummy
2918 0 # dummy
2919 0 # dummy
2920 0 # dummy
2921 0 # dummy
2922 0 # dummy
2923 0 # dummy
2924 0 # dummy
2925 0 # dummy
2926 0 # dummy
2927 0 # dummy
2928 0 # dummy
2929 0 # dummy
2930 0 # dummy
2931 0 # dummy
2932 0 # dummy
2933 0 # dummy
2934 0 # dummy
2935 0 # dummy
2936 0 # dummy
2937 0 # dummy
2938 0 # dummy
2939 0 # dummy
2940 0 # dummy
2941 0 # dummy
2942 0 # dummy
2943 0 # dummy
2944 0 # dummy
2945 0 # dummy
2946 0 # dummy
2947 0 # dummy
2948 0 # dummy
2949 0 # dummy
2950 0 # dummy
2951 0 # dummy
2952 0 # dummy
2953 0 # dummy
2954 0 # dummy
2955 0 # dummy
2956 0 # dummy
2957 0 # dummy
2958 0 # dummy
2959 0 # dummy
2960 0 # dummy
2961 0 # dummy
2962 0 # dummy
2963 0 # dummy
2964 0 # dummy
2965 0 # dummy
2966 0 # dummy
2967 0 # dummy
2968 0 # dummy
2969 0 # dummy
2970 0 # dummy
2971 0 # dummy
2972 0 # dummy
2973 0 # dummy
2974 0 # dummy
2975 0 # dummy
2976 0 # dummy
2977 0 # dummy
2978 0 # dummy
2979 0 # dummy
2980 0 # dummy
2981 0 # dummy
2982 0 # dummy
2983 0 # dummy
2984 0 # dummy
2985 0 # dummy
2986 0 # dummy
2987 0 # dummy
2988 0 # dummy
2989 0 # dummy
2990 0 # dummy
2991 0 # dummy
2992 0 # dummy
2993 0 # dummy
2994 0 # dummy
2995 0 # dummy
2996 0 # dummy
2997 0 # dummy
2998 0 # dummy
2999 0 # dummy
3000 0 # dummy
3001 0 # dummy
3002 0 # dummy
3003 0 # dummy
3004 0 # dummy
3005 0 # dummy
3006 0 # dummy
3007 0 # dummy
3008 0 # dummy
3009 0 # dummy
3010 0 # dummy
3011 0 # dummy
3012 0 # dummy
3013 0 # dummy
3014 0 # dummy
3015 0 # dummy
3016 0 # dummy
3017 0 # dummy
3018 0 # dummy
3019 0 # dummy
3020 0 # dummy
3021 0 # dummy
3022 0 # dummy
3023 0 # dummy
3024 0 # dummy
3025 0 # dummy
3026 0 # dummy
3027 0 # dummy
3028 0 # dummy
3029 0 # dummy
3030 0 # dummy
3031 0 # dummy
3032 0 # dummy
3033 0 # dummy
3034 0 # dummy
3035 0 # dummy
3036 0 # dummy
3037 0 # dummy
3038 0 # dummy
3039 0 # dummy
3040 0 # dummy
3041 0 # dummy
3042 0 # dummy
3043 0 # dummy
3044 0 # dummy
3045 0 # dummy
3046 0 # dummy
3047 0 # dummy
3048 0 # dummy
3049 0 # dummy
3050 0 # dummy
3051 0 # dummy
3052 0 # dummy
3053 0 # dummy
3054 0 # dummy
3055 0 # dummy
3056 0 # dummy
3057 0 # dummy
3058 0 # dummy
3059 0 # dummy
3060 0 # dummy
3061 0 # dummy
3062 0 # dummy
3063 0 # dummy
3064 0 # dummy
3065 0 # dummy
3066 0 # dummy
3067 0 # dummy
3068 0 # dummy
3069 0 # dummy
3070 0 # dummy
3071 0 # dummy
3072 0 # dummy
3073 0 # dummy
3074 0 # dummy
3075 0 # dummy
3076 0 # dummy
3077 0 # dummy
3078 0 # dummy
3079 0 # dummy
3080 0 # dummy
3081 0 # dummy
3082 0 # dummy
3083 0 # dummy
3084 0 # dummy
3085 0 # dummy
3086 0 # dummy
3087 0 # dummy
3088 0 # dummy
3089 0 # dummy
3090 0 # dummy
3091 0 # dummy
3092 0 # dummy
3093 0 # dummy
3094 0 # dummy
3095 0 # dummy
3096 0 # dummy
3097 0 # dummy
3098 0 # dummy
3099 0 # dummy
3100 0 # dummy
3101 0 # dummy
3102 0 # dummy
3103 0 # dummy
3104 0 # dummy
3105 0 # dummy
3106 0 # dummy
3107 0 # dummy
3108 0 # dummy
3109 0 # dummy
3110 0 # dummy
3111 0 # dummy
3112 0 # dummy
3113 0 # dummy
3114 0 # dummy
3115 0 # dummy
3116 0 # dummy
3117 0 # dummy
3118 0 # dummy
3119 0 # dummy
3120 0 # dummy
3121 0 # dummy
3122 0 # dummy
3123 0 # dummy
3124 0 # dummy
3125 0 # dummy
3126 0 # dummy
3127 0 # dummy
3128 0 # dummy
3129 0 # dummy
3130 0 # dummy
3131 0 # dummy
3132 0 # dummy
3133 0 # dummy
3134 0 # dummy
3135 0 # dummy
3136 0 # dummy
3137 0 # dummy
3138 0 # dummy
3139 0 # dummy
3140 0 # dummy
3141 0 # dummy
3142 0 # dummy
3143 0 # dummy
3144 0 # dummy
3145 0 # dummy
3146 0 # dummy
3147 0 # dummy
3148 0 # dummy
3149 0 # dummy
3150 0 # dummy
3151 0 # dummy
3152 0 # dummy
3153 0 # dummy
3154 0 # dummy
3155 0 # dummy
3156 0 # dummy
3157 0 # dummy
3158 0 # dummy
3159 0 # dummy
3160 0 # dummy
3161 0 # dummy
3162 0 # dummy
3163 0 # dummy
3164 0 # dummy
3165 0 # dummy
3166 0 # dummy
3167 0 # dummy
3168 0 # dummy
3169 0 # dummy
3170 0 # dummy
3171 0 # dummy
3172 0 # dummy
3173 0 # dummy
3174 0 # dummy
3175 0 # dummy
3176 0 # dummy
3177 0 # dummy
3178 0 # dummy
3179 0 # dummy
3180 0 # dummy
3181 0 # dummy
3182 0 # dummy
3183 0 # dummy
3184 0 # dummy
3185 0 # dummy
3186 0 # dummy
3187 0 # dummy
3188 0 # dummy
3189 0 # dummy
3190 0 # dummy
3191 0 # dummy
3192 0 # dummy
3193 0 # dummy
3194 0 # dummy
3195 0 # dummy
3196 0 # dummy
3197 0 # dummy
3198 0 # dummy
3199 0 # dummy
3200 0 # dummy
3201 0 # dummy
3202 0 # dummy
3203 0 # dummy
3204 0 # dummy
3205 0 # dummy
3206 0 # dummy
3207 0 # dummy
3208 0 # dummy
3209 0 # dummy
3210 0 # dummy
3211 0 # dummy
3212 0 # dummy
3213 0 # dummy
3214 0 # dummy
3215 0 # dummy
3216 0 # dummy
3217 0 # dummy
3218 0 # dummy
3219 0 # dummy
3220 0 # dummy
3221 0 # dummy
3222 0 # dummy
3223 0 # dummy
3224 0 # dummy
3225 0 # dummy
3226 0 # dummy
3227 0 # dummy
3228 0 # dummy
3229 0 # dummy
3230 0 # dummy
3231 0 # dummy
3232 0 # dummy
3233 0 # dummy
3234 0 # dummy
3235 0 # dummy
3236 0 # dummy
3237 0 # dummy
3238 0 # dummy
3239 0 # dummy
3240 0 # dummy
3241 0 # dummy
3242 0 # dummy
3243 0 # dummy
3244 0 # dummy
3245 0 # dummy
3246 0 # dummy
3247 0 # dummy
3248 0 # dummy
3249 0 # dummy
3250 0 # dummy
3251 0 # dummy
3252 0 # dummy
3253 0 # dummy
3254 0 # dummy
3255 0 # dummy
3256 0 # dummy
3257 0 # dummy
3258 0 # dummy
3259 0 # dummy
3260 0 # dummy
3261 0 # dummy
3262 0 # dummy
3263 0 # dummy
3264 0 # dummy
3265 0 # dummy
3266 0 # dummy
3267 0 # dummy
3268 0 # dummy
3269 0 # dummy
3270 0 # dummy
3271 0 # dummy
3272 0 # dummy
3273 0 # dummy
3274 0 # dummy
3275 0 # dummy
3276 0 # dummy
3277 0 # dummy
3278 0 # dummy
3279 0 # dummy
3280 0 # dummy
3281 0 # dummy
3282 0 # dummy
3283 0 # dummy
3284 0 # dummy
3285 0 # dummy
3286 0 # dummy
3287 0 # dummy
3288 0 # dummy
3289 0 # dummy
3290 0 # dummy
3291 0 # dummy
3292 0 # dummy
3293 0 # dummy
3294 0 # dummy
3295 0 # dummy
3296 0 # dummy
3297 0 # dummy
3298 0 # dummy
3299 0 # dummy
3300 0 # dummy
3301 0 # dummy
3302 0 # dummy
3303 0 # dummy
3304 0 # dummy
3305 0 # dummy
3306 0 # dummy
3307 0 # dummy
3308 0 # dummy
3309 0 # dummy
3310 0 # dummy
3311 0 # dummy
3312 0 # dummy
3313 0 # dummy
3314 0 # dummy
3315 0 # dummy
3316 0 # dummy
3317 0 # dummy
3318 0 # dummy
3319 0 # dummy
3320 0 # dummy
3321 0 # dummy
3322 0 # dummy
3323 0 # dummy
3324 0 # dummy
3325 0 # dummy
3326 0 # dummy
3327 0 # dummy
3328 0 # dummy
3329 0 # dummy
3330 0 # dummy
3331 0 # dummy
3332 0 # dummy
3333 0 # dummy
3334 0 # dummy
3335 0 # dummy
3336 0 # dummy
3337 0 # dummy
3338 0 # dummy
3339 0 # dummy
3340 0 # dummy
3341 0 # dummy
3342 0 # dummy
3343 0 # dummy
3344 0 # dummy
3345 0 # dummy
3346 0 # dummy
3347 0 # dummy
3348 0 # dummy
3349 0 # dummy
3350 0 # dummy
3351 0 # dummy
3352 0 # dummy
3353 0 # dummy
3354 0 # dummy
3355 0 # dummy
3356 0 # dummy
3357 0 # dummy
3358 0 # dummy
3359 0 # dummy
3360 0 # dummy
3361 0 # dummy
3362 0 # dummy
3363 0 # dummy
3364 0 # dummy
3365 0 # dummy
3366 0 # dummy
3367 0 # dummy
3368 0 # dummy
3369 0 # dummy
3370 0 # dummy
3371 0 # dummy
3372 0 # dummy
3373 0 # dummy
3374 0 # dummy
3375 0 # dummy
3376 0 # dummy
3377 0 # dummy
3378 0 # dummy
3379 0 # dummy
3380 0 # dummy
3381 0 # dummy
3382 0 # dummy
3383 0 # dummy
3384 0 # dummy
3385 0 # dummy
3386 0 # dummy
3387 0 # dummy
3388 0 # dummy
3389 0 # dummy
3390 0 # dummy
3391 0 # dummy
3392 0 # dummy
3393 0 # dummy
3394 0 # dummy
3395 0 # dummy
3396 0 # dummy
3397 0 # dummy
3398 0 # dummy
3399 0 # dummy
3400 0 # dummy
3401 0 # dummy
3402 0 # dummy
3403 0 # dummy
3404 0 # dummy
3405 0 # dummy
3406 0 # dummy
3407 0 # dummy
3408 0 # dummy
3409 0 # dummy
3410 0 # dummy
3411 0 # dummy
3412 0 # dummy
3413 0 # dummy
3414 0 # dummy
3415 0 # dummy
3416 0 # dummy
3417 0 # dummy
3418 0 # dummy
3419 0 # dummy
3420 0 # dummy
3421 0 # dummy
3422 0 # dummy
3423 0 # dummy
3424 0 # dummy
3425 0 # dummy
3426 0 # dummy
3427 0 # dummy
3428 0 # dummy
3429 0 # dummy
3430 0 # dummy
3431 0 # dummy
3432 0 # dummy
3433 0 # dummy
3434 0 # dummy
3435 0 # dummy
3436 0 # dummy
3437 0 # dummy
3438 0 # dummy
3439 0 # dummy
3440 0 # dummy
3441 0 # dummy
3442 0 # dummy
3443 0 # dummy
3444 0 # dummy
3445 0 # dummy
3446 0 # dummy
3447 0 # dummy
3448 0 # dummy
3449 0 # dummy
3450 0 # dummy
3451 0 # dummy
3452 0 # dummy
3453 0 # dummy
3454 0 # dummy
3455 0 # dummy
3456 0 # dummy
3457 0 # dummy
3458 0 # dummy
3459 0 # dummy
3460 0 # dummy
3461 0 # dummy
3462 0 # dummy
3463 0 # dummy
3464 0 # dummy
3465 0 # dummy
3466 0 # dummy
3467 0 # dummy
3468 0 # dummy
3469 0 # dummy
3470 0 # dummy
3471 0 # dummy
3472 0 # dummy
3473 0 # dummy
3474 0 # dummy
3475 0 # dummy
3476 0 # dummy
3477 0 # dummy
3478 0 # dummy
3479 0 # dummy
3480 0 # dummy
3481 0 # dummy
3482 0 # dummy
3483 0 # dummy
3484 0 # dummy
3485 0 # dummy
3486 0 # dummy
3487 0 # dummy
3488 0 # dummy
3489 0 # dummy
3490 0 # dummy
3491 0 # dummy
3492 0 # dummy
3493 0 # dummy
3494 0 # dummy
3495 0 # dummy
3496 0 # dummy
3497 0 # dummy
3498 0 # dummy
3499 0 # dummy
3500 0 # dummy
3501 0 # dummy
3502 0 # dummy
3503 0 # dummy
3504 0 # dummy
3505 0 # dummy
3506 0 # dummy
3507 0 # dummy
3508 0 # dummy
3509 0 # dummy
3510 0 # dummy
3511 0 # dummy
3512 0 # dummy
3513 0 # dummy
3514 0 # dummy
3515 0 # dummy
3516 0 # dummy
3517 0 # dummy
3518 0 # dummy
3519 0 # dummy
3520 0 # dummy
3521 0 # dummy
3522 0 # dummy
3523 0 # dummy
3524 0 # dummy
3525 0 # dummy
3526 0 # dummy
3527 0 # dummy
3528 0 # dummy
3529 0 # dummy
3530 0 # dummy
3531 0 # dummy
3532 0 # dummy
3533 0 # dummy
3534 0 # dummy
3535 0 # dummy
3536 0 # dummy
3537 0 # dummy
3538 0 # dummy
3539 0 # dummy
3540 0 # dummy
3541 0 # dummy
3542 0 # dummy
3543 0 # dummy
3544 0 # dummy
3545 0 # dummy
3546 0 # dummy
3547 0 # dummy
3548 0 # dummy
3549 0 # dummy
3550 0 # dummy
3551 0 # dummy
3552 0 # dummy
3553 0 # dummy
3554 0 # dummy
3555 0 # dummy
3556 0 # dummy
3557 0 # dummy
3558 0 # dummy
3559 0 # dummy
3560 0 # dummy
3561 0 # dummy
3562 0 # dummy
3563 0 # dummy
3564 0 # dummy
3565 0 # dummy
3566 0 # dummy
3567 0 # dummy
3568 0 # dummy
3569 0 # dummy
3570 0 # dummy
3571 0 # dummy
3572 0 # dummy
3573 0 # dummy
3574 0 # dummy
3575 0 # dummy
3576 0 # dummy
3577 0 # dummy
3578 0 # dummy
3579 0 # dummy
3580 0 # dummy
3581 0 # dummy
3582 0 # dummy
3583 0 # dummy
3584 0 # dummy
3585 0 # dummy
3586 0 # dummy
3587 0 # dummy
3588 0 # dummy
3589 0 # dummy
3590 0 # dummy
3591 0 # dummy
3592 0 # dummy
3593 0 # dummy
3594 0 # dummy
3595 0 # dummy
3596 0 # dummy
3597 0 # dummy
3598 0 # dummy
3599 0 # dummy
3600 0 # dummy
3601 0 # dummy
3602 0 # dummy
3603 0 # dummy
3604 0 # dummy
3605 0 # dummy
3606 0 # dummy
3607 0 # dummy
3608 0 # dummy
3609 0 # dummy
3610 0 # dummy
3611 0 # dummy
3612 0 # dummy
3613 0 # dummy
3614 0 # dummy
3615 0 # dummy
3616 0 # dummy
3617 0 # dummy
3618 0 # dummy
3619 0 # dummy
3620 0 # dummy
3621 0 # dummy
3622 0 # dummy
3623 0 # dummy
3624 0 # dummy
3625 0 # dummy
3626 0 # dummy
3627 0 # dummy
3628 0 # dummy
3629 0 # dummy
3630 0 # dummy
3631 0 # dummy
3632 0 # dummy
3633 0 # dummy
3634 0 # dummy
3635 0 # dummy
3636 0 # dummy
3637 0 # dummy
3638 0 # dummy
3639 0 # dummy
3640 0 # dummy
3641 0 # dummy
3642 0 # dummy
3643 0 # dummy
3644 0 # dummy
3645 0 # dummy
3646 0 # dummy
3647 0 # dummy
3648 0 # dummy
3649 0 # dummy
3650 0 # dummy
3651 0 # dummy
3652 0 # dummy
3653 0 # dummy
3654 0 # dummy
3655 0 # dummy
3656 0 # dummy
3657 0 # dummy
3658 0 # dummy
3659 0 # dummy
3660 0 # dummy
3661 0 # dummy
3662 0 # dummy
3663 0 # dummy
3664 0 # dummy
3665 0 # dummy
3666 0 # dummy
3667 0 # dummy
3668 0 # dummy
3669 0 # dummy
3670 0 # dummy
3671 0 # dummy
3672 0 # dummy
3673 0 # dummy
3674 0 # dummy
3675 0 # dummy
3676 0 # dummy
3677 0 # dummy
3678 0 # dummy
3679 0 # dummy
3680 0 # dummy
3681 0 # dummy
3682 0 # dummy
3683 0 # dummy
3684 0 # dummy
3685 0 # dummy
3686 0 # dummy
3687 0 # dummy
3688 0 # dummy
3689 0 # dummy
3690 0 # dummy
3691 0 # dummy
3692 0 # dummy
3693 0 # dummy
3694 0 # dummy
3695 0 # dummy
3696 0 # dummy
3697 0 # dummy
3698 0 # dummy
3699 0 # dummy
3700 0 # dummy
3701 0 # dummy
3702 0 # dummy
3703 0 # dummy
3704 0 # dummy
3705 0 # dummy
3706 0 # dummy
3707 0 # dummy
3708 0 # dummy
3709 0 # dummy
3710 0 # dummy
3711 0 # dummy
3712 0 # dummy
3713 0 # dummy
3714 0 # dummy
3715 0 # dummy
3716 0 # dummy
3717 0 # dummy
3718 0 # dummy
3719 0 # dummy
3720 0 # dummy
3721 0 # dummy
3722 0 # dummy
3723 0 # dummy
3724 0 # dummy
3725 0 # dummy
3726 0 # dummy
3727 0 # dummy
3728 0 # dummy
3729 0 # dummy
3730 0 # dummy
3731 0 # dummy
3732 0 # dummy
3733 0 # dummy
3734 0 # dummy
3735 0 # dummy
3736 0 # dummy
3737 0 # dummy
3738 0 # dummy
3739 0 # dummy
3740 0 # dummy
3741 0 # dummy
3742 0 # dummy
3743 0 # dummy
3744 0 # dummy
3745 0 # dummy
3746 0 # dummy
3747 0 # dummy
3748 0 # dummy
3749 0 # dummy
3750 0 # dummy
3751 0 # dummy
3752 0 # dummy
3753 0 # dummy
3754 0 # dummy
3755 0 # dummy
3756 0 # dummy
3757 0 # dummy
3758 0 # dummy
3759 0 # dummy
3760 0 # dummy
3761 0 # dummy
3762 0 # dummy
3763 0 # dummy
3764 0 # dummy
3765 0 # dummy
3766 0 # dummy
3767 0 # dummy
3768 0 # dummy
3769 0 # dummy
3770 0 # dummy
3771 0 # dummy
3772 0 # dummy
3773 0 # dummy
3774 0 # dummy
3775 0 # dummy
3776 0 # dummy
3777 0 # dummy
3778 0 # dummy
3779 0 # dummy
3780 0 # dummy
3781 0 # dummy
3782 0 # dummy
3783 0 # dummy
3784 0 # dummy
3785 0 # dummy
3786 0 # dummy
3787 0 # dummy
3788 0 # dummy
3789 0 # dummy
3790 0 # dummy
3791 0 # dummy
3792 0 # dummy
3793 0 # dummy
3794 0 # dummy
3795 0 # dummy
3796 0 # dummy
3797 0 # dummy
3798 0 # dummy
3799 0 # dummy
3800 0 # dummy
3801 0 # dummy
3802 0 # dummy
3803 0 # dummy
3804 0 # dummy
3805 0 # dummy
3806 0 # dummy
3807 0 # dummy
3808 0 # dummy
3809 0 # dummy
3810 0 # dummy
3811 0 # dummy
3812 0 # dummy
3813 0 # dummy
3814 0 # dummy
3815 0 # dummy
3816 0 # dummy
3817 0 # dummy
3818 0 # dummy
3819 0 # dummy
3820 0 # dummy
3821 0 # dummy
3822 0 # dummy
3823 0 # dummy
3824 0 # dummy
3825 0 # dummy
3826 0 # dummy
3827 0 # dummy
3828 0 # dummy
3829 0 # dummy
3830 0 # dummy
3831 0 # dummy
3832 0 # dummy
3833 0 # dummy
3834 0 # dummy
3835 0 # dummy
3836 0 # dummy
3837 0 # dummy
3838 0 # dummy
3839 0 # dummy
3840 0 # dummy
3841 0 # dummy
3842 0 # dummy
3843 0 # dummy
3844 0 # dummy
3845 0 # dummy
3846 0 # dummy
3847 0 # dummy
3848 0 # dummy
3849 0 # dummy
3850 0 # dummy
3851 0 # dummy
3852 0 # dummy
3853 0 # dummy
3854 0 # dummy
3855 0 # dummy
3856 0 # dummy
3857 0 # dummy
3858 0 # dummy
3859 0 # dummy
3860 0 # dummy
3861 0 # dummy
3862 0 # dummy
3863 0 # dummy
3864 0 # dummy
3865 0 # dummy
3866 0 # dummy
3867 0 # dummy
3868 0 # dummy
3869 0 # dummy
3870 0 # dummy
3871 0 # dummy
3872 0 # dummy
3873 0 # dummy
3874 0 # dummy
3875 0 # dummy
3876 0 # dummy
3877 0 # dummy
3878 0 # dummy
3879 0 # dummy
3880 0 # dummy
3881 0 # dummy
3882 0 # dummy
3883 0 # dummy
3884 0 # dummy
3885 0 # dummy
3886 0 # dummy
3887 0 # dummy
3888 0 # dummy
3889 0 # dummy
3890 0 # dummy
3891 0 # dummy
3892 0 # dummy
3893 0 # dummy
3894 0 # dummy
3895 0 # dummy
3896 0 # dummy
3897 0 # dummy
3898 0 # dummy
3899 0 # dummy
3900 0 # dummy
3901 0 # dummy
3902 0 # dummy
3903 0 # dummy
3904 0 # dummy
3905 0 # dummy
3906 0 # dummy
3907 0 # dummy
3908 0 # dummy
3909 0 # dummy
3910 0 # dummy
3911 0 # dummy
3912 0 # dummy
3913 0 # dummy
3914 0 # dummy
3915 0 # dummy
3916 0 # dummy
3917 0 # dummy
3918 0 # dummy
3919 0 # dummy
3920 0 # dummy
3921 0 # dummy
3922 0 # dummy
3923 0 # dummy
3924 0 # dummy
3925 0 # dummy
3926 0 # dummy
3927 0 # dummy
3928 0 # dummy
3929 0 # dummy
3930 0 # dummy
3931 0 # dummy
3932 0 # dummy
3933 0 # dummy
3934 0 # dummy
3935 0 # dummy
3936 0 # dummy
3937 0 # dummy
3938 0 # dummy
3939 0 # dummy
3940 0 # dummy
3941 0 # dummy
3942 0 # dummy
3943 0 # dummy
3944 0 # dummy
3945 0 # dummy
3946 0 # dummy
3947 0 # dummy
3948 0 # dummy
3949 0 # dummy
3950 0 # dummy
3951 0 # dummy
3952 0 # dummy
3953 0 # dummy
3954 0 # dummy
3955 0 # dummy
3956 0 # dummy
3957 0 # dummy
3958 0 # dummy
3959 0 # dummy
3960 0 # dummy
3961 0 # dummy
3962 0 # dummy
3963 0 # dummy
3964 0 # dummy
3965 0 # dummy
3966 0 # dummy
3967 0 # dummy
3968 0 # dummy
3969 0 # dummy
3970 0 # dummy
3971 0 # dummy
3972 0 # dummy
3973 0 # dummy
3974 0 # dummy
3975 0 # dummy
3976 0 # dummy
3977 0 # dummy
3978 0 # dummy
3979 0 # dummy
3980 0 # dummy
3981 0 # dummy
3982 0 # dummy
3983 0 # dummy
3984 0 # dummy
3985 0 # dummy
3986 0 # dummy
3987 0 # dummy
3988 0 # dummy
3989 0 # dummy
3990 0 # dummy
3991 0 # dummy
3992 0 # dummy
3993 0 # dummy
3994 0 # dummy
3995 0 # dummy
3996 0 # dummy
3997 0 # dummy
3998 0 # dummy
3999 0 # dummy
4000 0 # dummy
4001 0 # dummy
4002 0 # dummy
4003 0 # dummy
4004 0 # dummy
4005 0 # dummy
4006 0 # dummy
4007 0 # dummy
4008 0 # dummy
4009 0 # dummy
4010 0 # dummy
4011 0 # dummy
4012 0 # dummy
4013 0 # dummy
4014 0 # dummy
4015 0 # dummy
4016 0 # dummy
4017 0 # dummy
4018 0 # dummy
4019 0 # dummy
4020 0 # dummy
4021 0 # dummy
4022 0 # dummy
4023 0 # dummy
4024 0 # dummy
4025 0 # dummy
4026 0 # dummy
4027 0 # dummy
4028 0 # dummy
4029 0 # dummy
4030 0 # dummy
4031 0 # dummy
4032 0 # dummy
4033 0 # dummy
4034 0 # dummy
4035 0 # dummy
4036 0 # dummy
4037 0 # dummy
4038 0 # dummy
4039 0 # dummy
4040 0 # dummy
4041 0 # dummy
4042 0 # dummy
4043 0 # dummy
4044 0 # dummy
4045 0 # dummy
4046 0 # dummy
4047 0 # dummy
4048 0 # dummy
4049 0 # dummy
4050 0 # dummy
4051 0 # dummy
4052 0 # dummy
4053 0 # dummy
4054 0 # dummy
4055 0 # dummy
4056 0 # dummy
4057 0 # dummy
4058 0 # dummy
4059 0 # dummy
4060 0 # dummy
4061 0 # dummy
4062 0 # dummy
4063 0 # dummy
4064 0 # dummy
4065 0 # dummy
4066 0 # dummy
4067 0 # dummy
4068 0 # dummy
4069 0 # dummy
4070 0 # dummy
4071 0 # dummy
4072 0 # dummy
4073 0 # dummy
4074 0 # dummy
4075 0 # dummy
4076 0 # dummy
4077 0 # dummy
4078 0 # dummy
4079 0 # dummy
4080 0 # dummy
4081 0 # dummy
4082 0 # dummy
4083 0 # dummy
4084 0 # dummy
4085 0 # dummy
4086 0 # dummy
4087 0 # dummy
4088 0 # dummy
4089 0 # dummy
4090 0 # dummy
4091 0 # dummy
4092 0 # dummy
4093 0 # dummy
4094 0 # dummy
4095 0 # dummy
