# columns 
# CaloToolMPEtaBin PtMin PtMax avgPt IEtaBin_forLUT_col1 PtBin_forLUT SF
0 0 0 0 0 0 1.000000   # ieta [1], pt 0
0 1 15 8 0 1 2.198967
0 16 16 16 0 2 2.167262
0 17 17 17 0 3 2.146309
0 18 18 18 0 4 2.126630
0 19 19 19 0 5 2.136881
0 20 20 20 0 6 2.123691
0 21 21 21 0 7 2.098842
0 22 22 22 0 8 2.108233
0 23 23 23 0 9 2.087709
0 24 24 24 0 10 2.062529
0 25 25 25 0 11 2.056514
0 26 26 26 0 12 2.061553
0 27 27 27 0 13 2.035558
0 28 28 28 0 14 2.034407
0 29 29 29 0 15 2.015004
0 30 30 30 0 16 2.008232
0 31 31 31 0 17 1.980203
0 32 33 33 0 18 1.972868
0 34 35 35 0 19 1.956515
0 36 37 37 0 20 1.904241
0 38 39 39 0 21 1.879759
0 40 41 41 0 22 1.857822
0 42 43 43 0 23 1.834860
0 44 45 45 0 24 1.806486
0 46 47 47 0 25 1.790630
0 48 49 49 0 26 1.782572
0 50 51 51 0 27 1.759613
0 52 53 53 0 28 1.754456
0 54 55 55 0 29 1.730484
0 56 57 57 0 30 1.729448
0 58 59 59 0 31 1.715737
0 60 61 61 0 32 1.699120
0 62 64 63 0 33 1.688458
0 65 67 66 0 34 1.670225
0 68 70 69 0 35 1.657912
0 71 73 72 0 36 1.649064
0 74 76 75 0 37 1.630700
0 77 79 78 0 38 1.624471
0 80 82 81 0 39 1.618114
0 83 85 84 0 40 1.601203
0 86 88 87 0 41 1.600784
0 89 91 90 0 42 1.586267
0 92 94 93 0 43 1.579278
0 95 97 96 0 44 1.572622
0 98 100 99 0 45 1.567458
0 101 103 102 0 46 1.556729
0 104 109 107 0 47 1.544790
0 110 115 113 0 48 1.532897
0 116 121 119 0 49 1.523977
0 122 127 125 0 50 1.506751
0 128 133 131 0 51 1.495346
0 134 139 137 0 52 1.493210
0 140 145 143 0 53 1.487460
0 146 151 149 0 54 1.476879
0 152 157 155 0 55 1.474140
0 158 163 161 0 56 1.466902
0 164 169 167 0 57 1.459894
0 170 175 173 0 58 1.454770
0 176 181 179 0 59 1.447449
0 182 187 185 0 60 1.446382
0 188 193 191 0 61 1.432358
0 194 254 224 0 62 1.415800
0 255 255 255 0 63 1.395262
1 0 0 0 1 0 1.000000   # ieta [2], pt 0
1 1 15 8 1 1 2.250470
1 16 16 16 1 2 2.213326
1 17 17 17 1 3 2.199038
1 18 18 18 1 4 2.197271
1 19 19 19 1 5 2.191798
1 20 20 20 1 6 2.157002
1 21 21 21 1 7 2.128228
1 22 22 22 1 8 2.138214
1 23 23 23 1 9 2.118922
1 24 24 24 1 10 2.091539
1 25 25 25 1 11 2.077609
1 26 26 26 1 12 2.076170
1 27 27 27 1 13 2.049138
1 28 28 28 1 14 2.047366
1 29 29 29 1 15 2.027838
1 30 30 30 1 16 2.017466
1 31 31 31 1 17 1.990676
1 32 33 33 1 18 1.977924
1 34 35 35 1 19 1.960505
1 36 37 37 1 20 1.914294
1 38 39 39 1 21 1.897982
1 40 41 41 1 22 1.868834
1 42 43 43 1 23 1.843986
1 44 45 45 1 24 1.816324
1 46 47 47 1 25 1.799951
1 48 49 49 1 26 1.791826
1 50 51 51 1 27 1.768723
1 52 53 53 1 28 1.762490
1 54 55 55 1 29 1.739649
1 56 57 57 1 30 1.739145
1 58 59 59 1 31 1.725978
1 60 61 61 1 32 1.709885
1 62 64 63 1 33 1.700397
1 65 67 66 1 34 1.681211
1 68 70 69 1 35 1.668817
1 71 73 72 1 36 1.658814
1 74 76 75 1 37 1.639797
1 77 79 78 1 38 1.633533
1 80 82 81 1 39 1.627140
1 83 85 84 1 40 1.610136
1 86 88 87 1 41 1.609714
1 89 91 90 1 42 1.594842
1 92 94 93 1 43 1.587815
1 95 97 96 1 44 1.581123
1 98 100 99 1 45 1.575931
1 101 103 102 1 46 1.565331
1 104 109 107 1 47 1.553525
1 110 115 113 1 48 1.541389
1 116 121 119 1 49 1.532420
1 122 127 125 1 50 1.514875
1 128 133 131 1 51 1.502020
1 134 139 137 1 52 1.499735
1 140 145 143 1 53 1.493569
1 146 151 149 1 54 1.482502
1 152 157 155 1 55 1.479649
1 158 163 161 1 56 1.472385
1 164 169 167 1 57 1.465350
1 170 175 173 1 58 1.460207
1 176 181 179 1 59 1.452859
1 182 187 185 1 60 1.451787
1 188 193 191 1 61 1.437712
1 194 254 224 1 62 1.420846
1 255 255 255 1 63 1.400140
2 0 0 0 2 0 1.000000   # ieta [3], pt 0
2 1 15 8 2 1 2.249850
2 16 16 16 2 2 2.212717
2 17 17 17 2 3 2.198432
2 18 18 18 2 4 2.196666
2 19 19 19 2 5 2.191798
2 20 20 20 2 6 2.157002
2 21 21 21 2 7 2.129323
2 22 22 22 2 8 2.139315
2 23 23 23 2 9 2.120012
2 24 24 24 2 10 2.092616
2 25 25 25 2 11 2.078678
2 26 26 26 2 12 2.077239
2 27 27 27 2 13 2.050193
2 28 28 28 2 14 2.048420
2 29 29 29 2 15 2.028882
2 30 30 30 2 16 2.018505
2 31 31 31 2 17 1.991701
2 32 33 33 2 18 1.977508
2 34 35 35 2 19 1.960093
2 36 37 37 2 20 1.913892
2 38 39 39 2 21 1.897583
2 40 41 41 2 22 1.868441
2 42 43 43 2 23 1.844057
2 44 45 45 2 24 1.816848
2 46 47 47 2 25 1.800471
2 48 49 49 2 26 1.792344
2 50 51 51 2 27 1.769925
2 52 53 53 2 28 1.764765
2 54 55 55 2 29 1.742968
2 56 57 57 2 30 1.742802
2 58 59 59 2 31 1.730990
2 60 61 61 2 32 1.715167
2 62 64 63 2 33 1.705650
2 65 67 66 2 34 1.686405
2 68 70 69 2 35 1.673417
2 71 73 72 2 36 1.663341
2 74 76 75 2 37 1.644388
2 77 79 78 2 38 1.638106
2 80 82 81 2 39 1.631696
2 83 85 84 2 40 1.614013
2 86 88 87 2 41 1.613135
2 89 91 90 2 42 1.597543
2 92 94 93 2 43 1.589883
2 95 97 96 2 44 1.582988
2 98 100 99 2 45 1.577403
2 101 103 102 2 46 1.566602
2 104 109 107 2 47 1.554787
2 110 115 113 2 48 1.542640
2 116 121 119 2 49 1.533664
2 122 127 125 2 50 1.515418
2 128 133 131 2 51 1.502605
2 134 139 137 2 52 1.500319
2 140 145 143 2 53 1.494150
2 146 151 149 2 54 1.483079
2 152 157 155 2 55 1.480225
2 158 163 161 2 56 1.472958
2 164 169 167 2 57 1.465921
2 170 175 173 2 58 1.460776
2 176 181 179 2 59 1.453425
2 182 187 185 2 60 1.452353
2 188 193 191 2 61 1.437929
2 194 254 224 2 62 1.420928
2 255 255 255 2 63 1.400140
3 0 0 0 3 0 1.000000   # ieta [4], pt 0
3 1 15 8 3 1 2.259120
3 16 16 16 3 2 2.222960
3 17 17 17 3 3 2.212792
3 18 18 18 3 4 2.211014
3 19 19 19 3 5 2.200079
3 20 20 20 3 6 2.166337
3 21 21 21 3 7 2.138538
3 22 22 22 3 8 2.147373
3 23 23 23 3 9 2.124463
3 24 24 24 3 10 2.093048
3 25 25 25 3 11 2.079108
3 26 26 26 3 12 2.077668
3 27 27 27 3 13 2.050617
3 28 28 28 3 14 2.048843
3 29 29 29 3 15 2.029302
3 30 30 30 3 16 2.019294
3 31 31 31 3 17 1.993293
3 32 33 33 3 18 1.981511
3 34 35 35 3 19 1.963198
3 36 37 37 3 20 1.918141
3 38 39 39 3 21 1.902632
3 40 41 41 3 22 1.874511
3 42 43 43 3 23 1.850297
3 44 45 45 3 24 1.822996
3 46 47 47 3 25 1.806185
3 48 49 49 3 26 1.798032
3 50 51 51 3 27 1.775542
3 52 53 53 3 28 1.770366
3 54 55 55 3 29 1.748178
3 56 57 57 3 30 1.747700
3 58 59 59 3 31 1.734245
3 60 61 61 3 32 1.717489
3 62 64 63 3 33 1.707499
3 65 67 66 3 34 1.688233
3 68 70 69 3 35 1.675232
3 71 73 72 3 36 1.665406
3 74 76 75 3 37 1.646559
3 77 79 78 3 38 1.640269
3 80 82 81 3 39 1.633850
3 83 85 84 3 40 1.616144
3 86 88 87 3 41 1.615265
3 89 91 90 3 42 1.599653
3 92 94 93 3 43 1.591983
3 95 97 96 3 44 1.585078
3 98 100 99 3 45 1.579486
3 101 103 102 3 46 1.570849
3 104 109 107 3 47 1.558087
3 110 115 113 3 48 1.545915
3 116 121 119 3 49 1.536620
3 122 127 125 3 50 1.518339
3 128 133 131 3 51 1.505501
3 134 139 137 3 52 1.503211
3 140 145 143 3 53 1.497030
3 146 151 149 3 54 1.485938
3 152 157 155 3 55 1.483079
3 158 163 161 3 56 1.475797
3 164 169 167 3 57 1.468746
3 170 175 173 3 58 1.463010
3 176 181 179 3 59 1.454912
3 182 187 185 3 60 1.453838
3 188 193 191 3 61 1.439060
3 194 254 224 3 62 1.422046
3 255 255 255 3 63 1.401241
4 0 0 0 4 0 1.000000   # ieta [5], pt 0
4 1 15 8 4 1 2.286138
4 16 16 16 4 2 2.257967
4 17 17 17 4 3 2.247638
4 18 18 18 4 4 2.245833
4 19 19 19 4 5 2.234918
4 20 20 20 4 6 2.185052
4 21 21 21 4 7 2.163182
4 22 22 22 4 8 2.165322
4 23 23 23 4 9 2.143381
4 24 24 24 4 10 2.109766
4 25 25 25 4 11 2.082572
4 26 26 26 4 12 2.081130
4 27 27 27 4 13 2.054033
4 28 28 28 4 14 2.052257
4 29 29 29 4 15 2.032683
4 30 30 30 4 16 2.022658
4 31 31 31 4 17 1.996615
4 32 33 33 4 18 1.984813
4 34 35 35 4 19 1.966389
4 36 37 37 4 20 1.921179
4 38 39 39 4 21 1.904653
4 40 41 41 4 22 1.875498
4 42 43 43 4 23 1.851272
4 44 45 45 4 24 1.821407
4 46 47 47 4 25 1.806508
4 48 49 49 4 26 1.798276
4 50 51 51 4 27 1.775706
4 52 53 53 4 28 1.770530
4 54 55 55 4 29 1.748839
4 56 57 57 4 30 1.748475
4 58 59 59 4 31 1.735015
4 60 61 61 4 32 1.718251
4 62 64 63 4 33 1.708257
4 65 67 66 4 34 1.688982
4 68 70 69 4 35 1.675975
4 71 73 72 4 36 1.666145
4 74 76 75 4 37 1.647290
4 77 79 78 4 38 1.640997
4 80 82 81 4 39 1.634575
4 83 85 84 4 40 1.616861
4 86 88 87 4 41 1.615982
4 89 91 90 4 42 1.600363
4 92 94 93 4 43 1.592806
4 95 97 96 4 44 1.586131
4 98 100 99 4 45 1.580536
4 101 103 102 4 46 1.572047
4 104 109 107 4 47 1.559931
4 110 115 113 4 48 1.548492
4 116 121 119 4 49 1.539181
4 122 127 125 4 50 1.516390
4 128 133 131 4 51 1.509048
4 134 139 137 4 52 1.506752
4 140 145 143 4 53 1.500557
4 146 151 149 4 54 1.488700
4 152 157 155 4 55 1.485616
4 158 163 161 4 56 1.478322
4 164 169 167 4 57 1.471259
4 170 175 173 4 58 1.465513
4 176 181 179 4 59 1.457400
4 182 187 185 4 60 1.456326
4 188 193 191 4 61 1.441287
4 194 254 224 4 62 1.423315
4 255 255 255 4 63 1.402137
5 0 0 0 5 0 1.000000   # ieta [6], pt 0
5 1 15 8 5 1 2.373814
5 16 16 16 5 2 2.349722
5 17 17 17 5 3 2.323662
5 18 18 18 5 4 2.319182
5 19 19 19 5 5 2.292963
5 20 20 20 5 6 2.250657
5 21 21 21 5 7 2.218477
5 22 22 22 5 8 2.209614
5 23 23 23 5 9 2.183848
5 24 24 24 5 10 2.146113
5 25 25 25 5 11 2.118672
5 26 26 26 5 12 2.117205
5 27 27 27 5 13 2.081285
5 28 28 28 5 14 2.080504
5 29 29 29 5 15 2.058634
5 30 30 30 5 16 2.046265
5 31 31 31 5 17 2.009352
5 32 33 33 5 18 1.995393
5 34 35 35 5 19 1.978796
5 36 37 37 5 20 1.939338
5 38 39 39 5 21 1.918923
5 40 41 41 5 22 1.899141
5 42 43 43 5 23 1.875597
5 44 45 45 5 24 1.847710
5 46 47 47 5 25 1.832654
5 48 49 49 5 26 1.821342
5 50 51 51 5 27 1.790718
5 52 53 53 5 28 1.785704
5 54 55 55 5 29 1.765845
5 56 57 57 5 30 1.765477
5 58 59 59 5 31 1.752057
5 60 61 61 5 32 1.734730
5 62 64 63 5 33 1.724197
5 65 67 66 5 34 1.701176
5 68 70 69 5 35 1.688379
5 71 73 72 5 36 1.677820
5 74 76 75 5 37 1.656688
5 77 79 78 5 38 1.650091
5 80 82 81 5 39 1.642571
5 83 85 84 5 40 1.624624
5 86 88 87 5 41 1.623119
5 89 91 90 5 42 1.607156
5 92 94 93 5 43 1.599342
5 95 97 96 5 44 1.592640
5 98 100 99 5 45 1.587021
5 101 103 102 5 46 1.579548
5 104 109 107 5 47 1.567748
5 110 115 113 5 48 1.555751
5 116 121 119 5 49 1.546396
5 122 127 125 5 50 1.523602
5 128 133 131 5 51 1.516746
5 134 139 137 5 52 1.514438
5 140 145 143 5 53 1.508211
5 146 151 149 5 54 1.496293
5 152 157 155 5 55 1.492616
5 158 163 161 5 56 1.484342
5 164 169 167 5 57 1.475665
5 170 175 173 5 58 1.469736
5 176 181 179 5 59 1.461270
5 182 187 185 5 60 1.459032
5 188 193 191 5 61 1.443767
5 194 254 224 5 62 1.426187
5 255 255 255 5 63 1.405282
6 0 0 0 6 0 1.000000   # ieta [7], pt 0
6 1 15 8 6 1 2.386709
6 16 16 16 6 2 2.350615
6 17 17 17 6 3 2.336521
6 18 18 18 6 4 2.325221
6 19 19 19 6 5 2.299264
6 20 20 20 6 6 2.260667
6 21 21 21 6 7 2.237203
6 22 22 22 6 8 2.224927
6 23 23 23 6 9 2.201759
6 24 24 24 6 10 2.165536
6 25 25 25 6 11 2.137847
6 26 26 26 6 12 2.136367
6 27 27 27 6 13 2.097971
6 28 28 28 6 14 2.097184
6 29 29 29 6 15 2.072064
6 30 30 30 6 16 2.057132
6 31 31 31 6 17 2.009352
6 32 33 33 6 18 1.995393
6 34 35 35 6 19 1.978796
6 36 37 37 6 20 1.939338
6 38 39 39 6 21 1.918923
6 40 41 41 6 22 1.899141
6 42 43 43 6 23 1.875597
6 44 45 45 6 24 1.847710
6 46 47 47 6 25 1.832654
6 48 49 49 6 26 1.821342
6 50 51 51 6 27 1.790718
6 52 53 53 6 28 1.785704
6 54 55 55 6 29 1.765845
6 56 57 57 6 30 1.765477
6 58 59 59 6 31 1.752057
6 60 61 61 6 32 1.734730
6 62 64 63 6 33 1.724197
6 65 67 66 6 34 1.701176
6 68 70 69 6 35 1.688379
6 71 73 72 6 36 1.678002
6 74 76 75 6 37 1.656958
6 77 79 78 6 38 1.650359
6 80 82 81 6 39 1.643585
6 83 85 84 6 40 1.626067
6 86 88 87 6 41 1.624560
6 89 91 90 6 42 1.608583
6 92 94 93 6 43 1.600763
6 95 97 96 6 44 1.594055
6 98 100 99 6 45 1.588431
6 101 103 102 6 46 1.580951
6 104 109 107 6 47 1.569141
6 110 115 113 6 48 1.557729
6 116 121 119 6 49 1.548481
6 122 127 125 6 50 1.529985
6 128 133 131 6 51 1.518790
6 134 139 137 6 52 1.516479
6 140 145 143 6 53 1.510131
6 146 151 149 6 54 1.497630
6 152 157 155 6 55 1.493949
6 158 163 161 6 56 1.485667
6 164 169 167 6 57 1.476982
6 170 175 173 6 58 1.470929
6 176 181 179 6 59 1.462337
6 182 187 185 6 60 1.460098
6 188 193 191 6 61 1.444268
6 194 254 224 6 62 1.426573
6 255 255 255 6 63 1.405662
7 0 0 0 7 0 1.000000   # ieta [8], pt 0
7 1 15 8 7 1 2.381157
7 16 16 16 7 2 2.345146
7 17 17 17 7 3 2.323203
7 18 18 18 7 4 2.319811
7 19 19 19 7 5 2.294483
7 20 20 20 7 6 2.255966
7 21 21 21 7 7 2.233651
7 22 22 22 7 8 2.221395
7 23 23 23 7 9 2.198264
7 24 24 24 7 10 2.162098
7 25 25 25 7 11 2.134453
7 26 26 26 7 12 2.132975
7 27 27 27 7 13 2.094640
7 28 28 28 7 14 2.093855
7 29 29 29 7 15 2.068775
7 30 30 30 7 16 2.053867
7 31 31 31 7 17 2.006162
7 32 33 33 7 18 1.992225
7 34 35 35 7 19 1.975655
7 36 37 37 7 20 1.936259
7 38 39 39 7 21 1.916069
7 40 41 41 7 22 1.896511
7 42 43 43 7 23 1.873000
7 44 45 45 7 24 1.845151
7 46 47 47 7 25 1.830116
7 48 49 49 7 26 1.818820
7 50 51 51 7 27 1.788238
7 52 53 53 7 28 1.783231
7 54 55 55 7 29 1.763400
7 56 57 57 7 30 1.763033
7 58 59 59 7 31 1.749631
7 60 61 61 7 32 1.732328
7 62 64 63 7 33 1.721928
7 65 67 66 7 34 1.699172
7 68 70 69 7 35 1.686391
7 71 73 72 7 36 1.676025
7 74 76 75 7 37 1.655006
7 77 79 78 7 38 1.648415
7 80 82 81 7 39 1.641649
7 83 85 84 7 40 1.624152
7 86 88 87 7 41 1.622647
7 89 91 90 7 42 1.606688
7 92 94 93 7 43 1.598877
7 95 97 96 7 44 1.592177
7 98 100 99 7 45 1.586560
7 101 103 102 7 46 1.579088
7 104 109 107 7 47 1.567293
7 110 115 113 7 48 1.555894
7 116 121 119 7 49 1.546657
7 122 127 125 7 50 1.528183
7 128 133 131 7 51 1.517001
7 134 139 137 7 52 1.514693
7 140 145 143 7 53 1.508352
7 146 151 149 7 54 1.495866
7 152 157 155 7 55 1.492189
7 158 163 161 7 56 1.483917
7 164 169 167 7 57 1.475243
7 170 175 173 7 58 1.469197
7 176 181 179 7 59 1.460614
7 182 187 185 7 60 1.458378
7 188 193 191 7 61 1.442567
7 194 254 224 7 62 1.424893
7 255 255 255 7 63 1.404007
8 0 0 0 8 0 1.000000   # ieta [9], pt 0
8 1 15 8 8 1 2.417376
8 16 16 16 8 2 2.380130
8 17 17 17 8 3 2.370650
8 18 18 18 8 4 2.367047
8 19 19 19 8 5 2.340369
8 20 20 20 8 6 2.282518
8 21 21 21 8 7 2.261233
8 22 22 22 8 8 2.249832
8 23 23 23 8 9 2.219906
8 24 24 24 8 10 2.197437
8 25 25 25 8 11 2.171005
8 26 26 26 8 12 2.171104
8 27 27 27 8 13 2.121636
8 28 28 28 8 14 2.120840
8 29 29 29 8 15 2.090678
8 30 30 30 8 16 2.075612
8 31 31 31 8 17 2.032711
8 32 33 33 8 18 2.020350
8 34 35 35 8 19 2.001318
8 36 37 37 8 20 1.962226
8 38 39 39 8 21 1.943129
8 40 41 41 8 22 1.923931
8 42 43 43 8 23 1.896024
8 44 45 45 8 24 1.859239
8 46 47 47 8 25 1.845495
8 48 49 49 8 26 1.832125
8 50 51 51 8 27 1.802410
8 52 53 53 8 28 1.798495
8 54 55 55 8 29 1.781502
8 56 57 57 8 30 1.781131
8 58 59 59 8 31 1.767948
8 60 61 61 8 32 1.747400
8 62 64 63 8 33 1.733673
8 65 67 66 8 34 1.707791
8 68 70 69 8 35 1.696589
8 71 73 72 8 36 1.686985
8 74 76 75 8 37 1.665828
8 77 79 78 8 38 1.659194
8 80 82 81 8 39 1.649712
8 83 85 84 8 40 1.630699
8 86 88 87 8 41 1.629188
8 89 91 90 8 42 1.610713
8 92 94 93 8 43 1.601653
8 95 97 96 8 44 1.594941
8 98 100 99 8 45 1.589619
8 101 103 102 8 46 1.582056
8 104 109 107 8 47 1.570418
8 110 115 113 8 48 1.563258
8 116 121 119 8 49 1.556301
8 122 127 125 8 50 1.537711
8 128 133 131 8 51 1.526461
8 134 139 137 8 52 1.524598
8 140 145 143 8 53 1.518674
8 146 151 149 8 54 1.506059
8 152 157 155 8 55 1.502068
8 158 163 161 8 56 1.492572
8 164 169 167 8 57 1.483047
8 170 175 173 8 58 1.476969
8 176 181 179 8 59 1.468341
8 182 187 185 8 60 1.465587
8 188 193 191 8 61 1.448735
8 194 254 224 8 62 1.432169
8 255 255 255 8 63 1.412550
9 0 0 0 9 0 1.000000   # ieta [10], pt 0
9 1 15 8 9 1 2.439919
9 16 16 16 9 2 2.402530
9 17 17 17 9 3 2.394826
9 18 18 18 9 4 2.386511
9 19 19 19 9 5 2.366893
9 20 20 20 9 6 2.301862
9 21 21 21 9 7 2.274891
9 22 22 22 9 8 2.259979
9 23 23 23 9 9 2.226161
9 24 24 24 9 10 2.206519
9 25 25 25 9 11 2.179978
9 26 26 26 9 12 2.180077
9 27 27 27 9 13 2.123741
9 28 28 28 9 14 2.122945
9 29 29 29 9 15 2.090678
9 30 30 30 9 16 2.075612
9 31 31 31 9 17 2.032711
9 32 33 33 9 18 2.020350
9 34 35 35 9 19 2.005625
9 36 37 37 9 20 1.971846
9 38 39 39 9 21 1.954376
9 40 41 41 9 22 1.936219
9 42 43 43 9 23 1.919188
9 44 45 45 9 24 1.886952
9 46 47 47 9 25 1.875453
9 48 49 49 9 26 1.861293
9 50 51 51 9 27 1.824030
9 52 53 53 9 28 1.821885
9 54 55 55 9 29 1.804458
9 56 57 57 9 30 1.804082
9 58 59 59 9 31 1.792729
9 60 61 61 9 32 1.766871
9 62 64 63 9 33 1.748319
9 65 67 66 9 34 1.725292
9 68 70 69 9 35 1.713426
9 71 73 72 9 36 1.704517
9 74 76 75 9 37 1.685001
9 77 79 78 9 38 1.678999
9 80 82 81 9 39 1.669404
9 83 85 84 9 40 1.647139
9 86 88 87 9 41 1.645612
9 89 91 90 9 42 1.625880
9 92 94 93 9 43 1.615864
9 95 97 96 9 44 1.608231
9 98 100 99 9 45 1.601693
9 101 103 102 9 46 1.591712
9 104 109 107 9 47 1.575231
9 110 115 113 9 48 1.566971
9 116 121 119 9 49 1.560742
9 122 127 125 9 50 1.541898
9 128 133 131 9 51 1.529615
9 134 139 137 9 52 1.527748
9 140 145 143 9 53 1.522197
9 146 151 149 9 54 1.509936
9 152 157 155 9 55 1.505935
9 158 163 161 9 56 1.496414
9 164 169 167 9 57 1.486865
9 170 175 173 9 58 1.480566
9 176 181 179 9 59 1.471711
9 182 187 185 9 60 1.468596
9 188 193 191 9 61 1.451534
9 194 254 224 9 62 1.435598
9 255 255 255 9 63 1.416494
10 0 0 0 10 0 1.000000   # ieta [11], pt 0
10 1 15 8 10 1 2.446520
10 16 16 16 10 2 2.434403
10 17 17 17 10 3 2.428182
10 18 18 18 10 4 2.415543
10 19 19 19 10 5 2.402972
10 20 20 20 10 6 2.350084
10 21 21 21 10 7 2.322548
10 22 22 22 10 8 2.307323
10 23 23 23 10 9 2.262665
10 24 24 24 10 10 2.244982
10 25 25 25 10 11 2.196981
10 26 26 26 10 12 2.193318
10 27 27 27 10 13 2.157495
10 28 28 28 10 14 2.156686
10 29 29 29 10 15 2.135615
10 30 30 30 10 16 2.117279
10 31 31 31 10 17 2.072285
10 32 33 33 10 18 2.060189
10 34 35 35 10 19 2.041698
10 36 37 37 10 20 1.991842
10 38 39 39 10 21 1.968160
10 40 41 41 10 22 1.942219
10 42 43 43 10 23 1.927080
10 44 45 45 10 24 1.894793
10 46 47 47 10 25 1.880869
10 48 49 49 10 26 1.866669
10 50 51 51 10 27 1.829297
10 52 53 53 10 28 1.825707
10 54 55 55 10 29 1.806814
10 56 57 57 10 30 1.806438
10 58 59 59 10 31 1.794169
10 60 61 61 10 32 1.767393
10 62 64 63 10 33 1.748835
10 65 67 66 10 34 1.725801
10 68 70 69 10 35 1.715243
10 71 73 72 10 36 1.706981
10 74 76 75 10 37 1.688226
10 77 79 78 10 38 1.682213
10 80 82 81 10 39 1.674528
10 83 85 84 10 40 1.658700
10 86 88 87 10 41 1.657163
10 89 91 90 10 42 1.642286
10 92 94 93 10 43 1.634177
10 95 97 96 10 44 1.626845
10 98 100 99 10 45 1.620978
10 101 103 102 10 46 1.612542
10 104 109 107 10 47 1.599528
10 110 115 113 10 48 1.591968
10 116 121 119 10 49 1.584115
10 122 127 125 10 50 1.558050
10 128 133 131 10 51 1.542331
10 134 139 137 10 52 1.538694
10 140 145 143 10 53 1.531526
10 146 151 149 10 54 1.518075
10 152 157 155 10 55 1.512828
10 158 163 161 10 56 1.501553
10 164 169 167 10 57 1.490706
10 170 175 173 10 58 1.483899
10 176 181 179 10 59 1.474531
10 182 187 185 10 60 1.471410
10 188 193 191 10 61 1.454316
10 194 254 224 10 62 1.439080
10 255 255 255 10 63 1.420439
11 0 0 0 11 0 1.000000   # ieta [12], pt 0
11 1 15 8 11 1 2.491148
11 16 16 16 11 2 2.473170
11 17 17 17 11 3 2.459313
11 18 18 18 11 4 2.454153
11 19 19 19 11 5 2.441698
11 20 20 20 11 6 2.395868
11 21 21 21 11 7 2.376144
11 22 22 22 11 8 2.359102
11 23 23 23 11 9 2.311035
11 24 24 24 11 10 2.287453
11 25 25 25 11 11 2.228634
11 26 26 26 11 12 2.224919
11 27 27 27 11 13 2.192165
11 28 28 28 11 14 2.191342
11 29 29 29 11 15 2.166995
11 30 30 30 11 16 2.148389
11 31 31 31 11 17 2.111984
11 32 33 33 11 18 2.097199
11 34 35 35 11 19 2.077123
11 36 37 37 11 20 2.022388
11 38 39 39 11 21 1.994334
11 40 41 41 11 22 1.964680
11 42 43 43 11 23 1.942866
11 44 45 45 11 24 1.901128
11 46 47 47 11 25 1.886390
11 48 49 49 11 26 1.873024
11 50 51 51 11 27 1.837531
11 52 53 53 11 28 1.834598
11 54 55 55 11 29 1.816914
11 56 57 57 11 30 1.816535
11 58 59 59 11 31 1.804198
11 60 61 61 11 32 1.777272
11 62 64 63 11 33 1.759059
11 65 67 66 11 34 1.744818
11 68 70 69 11 35 1.735836
11 71 73 72 11 36 1.728077
11 74 76 75 11 37 1.712697
11 77 79 78 11 38 1.707215
11 80 82 81 11 39 1.697752
11 83 85 84 11 40 1.674475
11 86 88 87 11 41 1.672924
11 89 91 90 11 42 1.656149
11 92 94 93 11 43 1.648088
11 95 97 96 11 44 1.640961
11 98 100 99 11 45 1.635830
11 101 103 102 11 46 1.627709
11 104 109 107 11 47 1.613605
11 110 115 113 11 48 1.602370
11 116 121 119 11 49 1.591882
11 122 127 125 11 50 1.565689
11 128 133 131 11 51 1.551014
11 134 139 137 11 52 1.548192
11 140 145 143 11 53 1.541425
11 146 151 149 11 54 1.527887
11 152 157 155 11 55 1.522709
11 158 163 161 11 56 1.511869
11 164 169 167 11 57 1.500486
11 170 175 173 11 58 1.493886
11 176 181 179 11 59 1.484205
11 182 187 185 11 60 1.481063
11 188 193 191 11 61 1.463857
11 194 254 224 11 62 1.447484
11 255 255 255 11 63 1.428471
12 0 0 0 12 0 1.000000   # ieta [13], pt 0
12 1 15 8 12 1 2.590119
12 16 16 16 12 2 2.556234
12 17 17 17 12 3 2.527891
12 18 18 18 12 4 2.514454
12 19 19 19 12 5 2.483542
12 20 20 20 12 6 2.440989
12 21 21 21 12 7 2.415860
12 22 22 22 12 8 2.398925
12 23 23 23 12 9 2.349745
12 24 24 24 12 10 2.321595
12 25 25 25 12 11 2.265186
12 26 26 26 12 12 2.261410
12 27 27 27 12 13 2.222829
12 28 28 28 12 14 2.221322
12 29 29 29 12 15 2.196642
12 30 30 30 12 16 2.183593
12 31 31 31 12 17 2.146522
12 32 33 33 12 18 2.130305
12 34 35 35 12 19 2.110710
12 36 37 37 12 20 2.063109
12 38 39 39 12 21 2.038383
12 40 41 41 12 22 2.007578
12 42 43 43 12 23 1.969973
12 44 45 45 12 24 1.940249
12 46 47 47 12 25 1.924768
12 48 49 49 12 26 1.913020
12 50 51 51 12 27 1.876991
12 52 53 53 12 28 1.868319
12 54 55 55 12 29 1.844703
12 56 57 57 12 30 1.844318
12 58 59 59 12 31 1.831372
12 60 61 61 12 32 1.804574
12 62 64 63 12 33 1.789169
12 65 67 66 12 34 1.770862
12 68 70 69 12 35 1.764655
12 71 73 72 12 36 1.757250
12 74 76 75 12 37 1.737528
12 77 79 78 12 38 1.729807
12 80 82 81 12 39 1.717234
12 83 85 84 12 40 1.694089
12 86 88 87 12 41 1.694269
12 89 91 90 12 42 1.677212
12 92 94 93 12 43 1.666247
12 95 97 96 12 44 1.657282
12 98 100 99 12 45 1.650913
12 101 103 102 12 46 1.642718
12 104 109 107 12 47 1.626590
12 110 115 113 12 48 1.609725
12 116 121 119 12 49 1.598462
12 122 127 125 12 50 1.572004
12 128 133 131 12 51 1.556492
12 134 139 137 12 52 1.553660
12 140 145 143 12 53 1.548800
12 146 151 149 12 54 1.537121
12 152 157 155 12 55 1.531912
12 158 163 161 12 56 1.521007
12 164 169 167 12 57 1.509555
12 170 175 173 12 58 1.502915
12 176 181 179 12 59 1.493176
12 182 187 185 12 60 1.490015
12 188 193 191 12 61 1.472704
12 194 254 224 12 62 1.456232
12 255 255 255 12 63 1.437104
13 0 0 0 13 0 1.000000   # ieta [14], pt 0
13 1 15 8 13 1 2.605719
13 16 16 16 13 2 2.577002
13 17 17 17 13 3 2.554078
13 18 18 18 13 4 2.541717
13 19 19 19 13 5 2.511218
13 20 20 20 13 6 2.471738
13 21 21 21 13 7 2.446403
13 22 22 22 13 8 2.424551
13 23 23 23 13 9 2.380418
13 24 24 24 13 10 2.352794
13 25 25 25 13 11 2.297053
13 26 26 26 13 12 2.292405
13 27 27 27 13 13 2.252673
13 28 28 28 13 14 2.251146
13 29 29 29 13 15 2.226134
13 30 30 30 13 16 2.215670
13 31 31 31 13 17 2.179274
13 32 33 33 13 18 2.155268
13 34 35 35 13 19 2.135548
13 36 37 37 13 20 2.091832
13 38 39 39 13 21 2.067898
13 40 41 41 13 22 2.040876
13 42 43 43 13 23 1.996298
13 44 45 45 13 24 1.968431
13 46 47 47 13 25 1.952224
13 48 49 49 13 26 1.940127
13 50 51 51 13 27 1.901938
13 52 53 53 13 28 1.893552
13 54 55 55 13 29 1.865302
13 56 57 57 13 30 1.864886
13 58 59 59 13 31 1.848057
13 60 61 61 13 32 1.819168
13 62 64 63 13 33 1.802514
13 65 67 66 13 34 1.782713
13 68 70 69 13 35 1.772268
13 71 73 72 13 36 1.763510
13 74 76 75 13 37 1.745458
13 77 79 78 13 38 1.737703
13 80 82 81 13 39 1.725072
13 83 85 84 13 40 1.702564
13 86 88 87 13 41 1.701753
13 89 91 90 13 42 1.684130
13 92 94 93 13 43 1.673887
13 95 97 96 13 44 1.665265
13 98 100 99 13 45 1.658865
13 101 103 102 13 46 1.650630
13 104 109 107 13 47 1.635058
13 110 115 113 13 48 1.619338
13 116 121 119 13 49 1.608607
13 122 127 125 13 50 1.582157
13 128 133 131 13 51 1.568707
13 134 139 137 13 52 1.565822
13 140 145 143 13 53 1.561302
13 146 151 149 13 54 1.549936
13 152 157 155 13 55 1.544684
13 158 163 161 13 56 1.533688
13 164 169 167 13 57 1.522141
13 170 175 173 13 58 1.515445
13 176 181 179 13 59 1.505625
13 182 187 185 13 60 1.502437
13 188 193 191 13 61 1.484983
13 194 254 224 13 62 1.468751
13 255 255 255 13 63 1.449721
14 0 0 0 14 0 1.000000   # ieta [15], pt 0
14 1 15 8 14 1 2.605719
14 16 16 16 14 2 2.577002
14 17 17 17 14 3 2.554078
14 18 18 18 14 4 2.541717
14 19 19 19 14 5 2.511218
14 20 20 20 14 6 2.471738
14 21 21 21 14 7 2.446403
14 22 22 22 14 8 2.424551
14 23 23 23 14 9 2.380418
14 24 24 24 14 10 2.352794
14 25 25 25 14 11 2.297053
14 26 26 26 14 12 2.292405
14 27 27 27 14 13 2.252673
14 28 28 28 14 14 2.251146
14 29 29 29 14 15 2.226134
14 30 30 30 14 16 2.215670
14 31 31 31 14 17 2.179274
14 32 33 33 14 18 2.155268
14 34 35 35 14 19 2.135548
14 36 37 37 14 20 2.091832
14 38 39 39 14 21 2.069748
14 40 41 41 14 22 2.044896
14 42 43 43 14 23 2.001410
14 44 45 45 14 24 1.976771
14 46 47 47 14 25 1.965914
14 48 49 49 14 26 1.954764
14 50 51 51 14 27 1.920803
14 52 53 53 14 28 1.914161
14 54 55 55 14 29 1.887729
14 56 57 57 14 30 1.887615
14 58 59 59 14 31 1.872424
14 60 61 61 14 32 1.844997
14 62 64 63 14 33 1.828180
14 65 67 66 14 34 1.808631
14 68 70 69 14 35 1.797414
14 71 73 72 14 36 1.786130
14 74 76 75 14 37 1.763401
14 77 79 78 14 38 1.755566
14 80 82 81 14 39 1.740956
14 83 85 84 14 40 1.715116
14 86 88 87 14 41 1.713319
14 89 91 90 14 42 1.694804
14 92 94 93 14 43 1.682911
14 95 97 96 14 44 1.673626
14 98 100 99 14 45 1.667195
14 101 103 102 14 46 1.659653
14 104 109 107 14 47 1.645458
14 110 115 113 14 48 1.629639
14 116 121 119 14 49 1.618839
14 122 127 125 14 50 1.592221
14 128 133 131 14 51 1.578980
14 134 139 137 14 52 1.576223
14 140 145 143 14 53 1.571673
14 146 151 149 14 54 1.560232
14 152 157 155 14 55 1.554944
14 158 163 161 14 56 1.543875
14 164 169 167 14 57 1.531771
14 170 175 173 14 58 1.525033
14 176 181 179 14 59 1.515150
14 182 187 185 14 60 1.511943
14 188 193 191 14 61 1.494378
14 194 254 224 14 62 1.478920
14 255 255 255 14 63 1.459989
15 0 0 0 15 0 1.000000   # ieta [16], pt 0
15 1 15 8 15 1 2.543782
15 16 16 16 15 2 2.524253
15 17 17 17 15 3 2.516636
15 18 18 18 15 4 2.516318
15 19 19 19 15 5 2.499287
15 20 20 20 15 6 2.464544
15 21 21 21 15 7 2.445835
15 22 22 22 15 8 2.423988
15 23 23 23 15 9 2.379865
15 24 24 24 15 10 2.352249
15 25 25 25 15 11 2.296519
15 26 26 26 15 12 2.291873
15 27 27 27 15 13 2.252150
15 28 28 28 15 14 2.250623
15 29 29 29 15 15 2.225617
15 30 30 30 15 16 2.215947
15 31 31 31 15 17 2.179546
15 32 33 33 15 18 2.161171
15 34 35 35 15 19 2.138184
15 36 37 37 15 20 2.098889
15 38 39 39 15 21 2.083014
15 40 41 41 15 22 2.065935
15 42 43 43 15 23 2.021944
15 44 45 45 15 24 1.997052
15 46 47 47 15 25 1.986978
15 48 49 49 15 26 1.976838
15 50 51 51 15 27 1.943068
15 52 53 53 15 28 1.936897
15 54 55 55 15 29 1.911842
15 56 57 57 15 30 1.912167
15 58 59 59 15 31 1.897649
15 60 61 61 15 32 1.870720
15 62 64 63 15 33 1.853669
15 65 67 66 15 34 1.835584
15 68 70 69 15 35 1.824200
15 71 73 72 15 36 1.813161
15 74 76 75 15 37 1.790293
15 77 79 78 15 38 1.782338
15 80 82 81 15 39 1.767505
15 83 85 84 15 40 1.740750
15 86 88 87 15 41 1.738926
15 89 91 90 15 42 1.721352
15 92 94 93 15 43 1.710294
15 95 97 96 15 44 1.701778
15 98 100 99 15 45 1.695239
15 101 103 102 15 46 1.687570
15 104 109 107 15 47 1.673418
15 110 115 113 15 48 1.657611
15 116 121 119 15 49 1.646627
15 122 127 125 15 50 1.620091
15 128 133 131 15 51 1.607820
15 134 139 137 15 52 1.605013
15 140 145 143 15 53 1.600422
15 146 151 149 15 54 1.588985
15 152 157 155 15 55 1.583523
15 158 163 161 15 56 1.572097
15 164 169 167 15 57 1.559771
15 170 175 173 15 58 1.553021
15 176 181 179 15 59 1.543510
15 182 187 185 15 60 1.539919
15 188 193 191 15 61 1.521326
15 194 254 224 15 62 1.507156
15 255 255 255 15 63 1.490067
16 0 0 0 16 0 1.000000   # ieta [17], pt 0
16 1 15 8 16 1 2.687585
16 16 16 16 16 2 2.644605
16 17 17 17 16 3 2.630934
16 18 18 18 16 4 2.598615
16 19 19 19 16 5 2.559662
16 20 20 20 16 6 2.515457
16 21 21 21 16 7 2.486717
16 22 22 22 16 8 2.489567
16 23 23 23 16 9 2.455060
16 24 24 24 16 10 2.428198
16 25 25 25 16 11 2.372581
16 26 26 26 16 12 2.370638
16 27 27 27 16 13 2.329550
16 28 28 28 16 14 2.326769
16 29 29 29 16 15 2.300917
16 30 30 30 16 16 2.288326
16 31 31 31 16 17 2.249939
16 32 33 33 16 18 2.241589
16 34 35 35 16 19 2.224902
16 36 37 37 16 20 2.178413
16 38 39 39 16 21 2.161132
16 40 41 41 16 22 2.135048
16 42 43 43 16 23 2.086197
16 44 45 45 16 24 2.057959
16 46 47 47 16 25 2.047826
16 48 49 49 16 26 2.036559
16 50 51 51 16 27 1.998465
16 52 53 53 16 28 1.990368
16 54 55 55 16 29 1.962831
16 56 57 57 16 30 1.963114
16 58 59 59 16 31 1.949762
16 60 61 61 16 32 1.923645
16 62 64 63 16 33 1.906112
16 65 67 66 16 34 1.885488
16 68 70 69 16 35 1.872555
16 71 73 72 16 36 1.860604
16 74 76 75 16 37 1.837137
16 77 79 78 16 38 1.828974
16 80 82 81 16 39 1.813753
16 83 85 84 16 40 1.786298
16 86 88 87 16 41 1.784427
16 89 91 90 16 42 1.766392
16 92 94 93 16 43 1.755045
16 95 97 96 16 44 1.746307
16 98 100 99 16 45 1.739596
16 101 103 102 16 46 1.731726
16 104 109 107 16 47 1.717205
16 110 115 113 16 48 1.700984
16 116 121 119 16 49 1.689712
16 122 127 125 16 50 1.662482
16 128 133 131 16 51 1.649890
16 134 139 137 16 52 1.647009
16 140 145 143 16 53 1.642298
16 146 151 149 16 54 1.630562
16 152 157 155 16 55 1.624957
16 158 163 161 16 56 1.613232
16 164 169 167 16 57 1.600584
16 170 175 173 16 58 1.593657
16 176 181 179 16 59 1.583897
16 182 187 185 16 60 1.580213
16 188 193 191 16 61 1.561132
16 194 254 224 16 62 1.546592
16 255 255 255 16 63 1.529055
17 0 0 0 17 0 1.000000   # ieta [18], pt 0
17 1 15 8 17 1 2.615124
17 16 16 16 17 2 2.582803
17 17 17 17 17 3 2.570933
17 18 18 18 17 4 2.554401
17 19 19 19 17 5 2.535030
17 20 20 20 17 6 2.480992
17 21 21 21 17 7 2.449003
17 22 22 22 17 8 2.424727
17 23 23 23 17 9 2.392328
17 24 24 24 17 10 2.366153
17 25 25 25 17 11 2.309621
17 26 26 26 17 12 2.304348
17 27 27 27 17 13 2.263319
17 28 28 28 17 14 2.260617
17 29 29 29 17 15 2.235499
17 30 30 30 17 16 2.220287
17 31 31 31 17 17 2.181500
17 32 33 33 17 18 2.161582
17 34 35 35 17 19 2.140563
17 36 37 37 17 20 2.096983
17 38 39 39 17 21 2.080191
17 40 41 41 17 22 2.053511
17 42 43 43 17 23 2.006866
17 44 45 45 17 24 1.982548
17 46 47 47 17 25 1.968843
17 48 49 49 17 26 1.958995
17 50 51 51 17 27 1.921771
17 52 53 53 17 28 1.914433
17 54 55 55 17 29 1.891396
17 56 57 57 17 30 1.891396
17 58 59 59 17 31 1.871382
17 60 61 61 17 32 1.840704
17 62 64 63 17 33 1.825215
17 65 67 66 17 34 1.804163
17 68 70 69 17 35 1.792501
17 71 73 72 17 36 1.781167
17 74 76 75 17 37 1.756064
17 77 79 78 17 38 1.748262
17 80 82 81 17 39 1.733712
17 83 85 84 17 40 1.708853
17 86 88 87 17 41 1.706671
17 89 91 90 17 42 1.688647
17 92 94 93 17 43 1.678911
17 95 97 96 17 44 1.671109
17 98 100 99 17 45 1.664688
17 101 103 102 17 46 1.657157
17 104 109 107 17 47 1.641891
17 110 115 113 17 48 1.624010
17 116 121 119 17 49 1.612747
17 122 127 125 17 50 1.586321
17 128 133 131 17 51 1.573873
17 134 139 137 17 52 1.570750
17 140 145 143 17 53 1.565882
17 146 151 149 17 54 1.554414
17 152 157 155 17 55 1.547845
17 158 163 161 17 56 1.537310
17 164 169 167 17 57 1.525257
17 170 175 173 17 58 1.517187
17 176 181 179 17 59 1.506454
17 182 187 185 17 60 1.502578
17 188 193 191 17 61 1.484755
17 194 254 224 17 62 1.471151
17 255 255 255 17 63 1.452761
18 0 0 0 18 0 1.000000   # ieta [19], pt 0
18 1 15 8 18 1 2.628169
18 16 16 16 18 2 2.592348
18 17 17 17 18 3 2.580435
18 18 18 18 18 4 2.553832
18 19 19 19 18 5 2.534466
18 20 20 20 18 6 2.480440
18 21 21 21 18 7 2.448458
18 22 22 22 18 8 2.418661
18 23 23 23 18 9 2.375899
18 24 24 24 18 10 2.347296
18 25 25 25 18 11 2.291215
18 26 26 26 18 12 2.285983
18 27 27 27 18 13 2.245282
18 28 28 28 18 14 2.242601
18 29 29 29 18 15 2.217684
18 30 30 30 18 16 2.204261
18 31 31 31 18 17 2.165753
18 32 33 33 18 18 2.145979
18 34 35 35 18 19 2.125112
18 36 37 37 18 20 2.081846
18 38 39 39 18 21 2.065942
18 40 41 41 18 22 2.043191
18 42 43 43 18 23 2.002264
18 44 45 45 18 24 1.978001
18 46 47 47 18 25 1.966589
18 48 49 49 18 26 1.956753
18 50 51 51 18 27 1.921704
18 52 53 53 18 28 1.914366
18 54 55 55 18 29 1.891330
18 56 57 57 18 30 1.891330
18 58 59 59 18 31 1.871316
18 60 61 61 18 32 1.840639
18 62 64 63 18 33 1.825152
18 65 67 66 18 34 1.804100
18 68 70 69 18 35 1.792438
18 71 73 72 18 36 1.781104
18 74 76 75 18 37 1.756003
18 77 79 78 18 38 1.748200
18 80 82 81 18 39 1.733652
18 83 85 84 18 40 1.708793
18 86 88 87 18 41 1.706611
18 89 91 90 18 42 1.688588
18 92 94 93 18 43 1.678852
18 95 97 96 18 44 1.671051
18 98 100 99 18 45 1.664629
18 101 103 102 18 46 1.657099
18 104 109 107 18 47 1.641834
18 110 115 113 18 48 1.623953
18 116 121 119 18 49 1.612691
18 122 127 125 18 50 1.586265
18 128 133 131 18 51 1.573817
18 134 139 137 18 52 1.570695
18 140 145 143 18 53 1.565827
18 146 151 149 18 54 1.554360
18 152 157 155 18 55 1.547791
18 158 163 161 18 56 1.536925
18 164 169 167 18 57 1.523219
18 170 175 173 18 58 1.514850
18 176 181 179 18 59 1.503824
18 182 187 185 18 60 1.499526
18 188 193 191 18 61 1.480985
18 194 254 224 18 62 1.468368
18 255 255 255 18 63 1.450856
19 0 0 0 19 0 1.000000   # ieta [20], pt 0
19 1 15 8 19 1 2.593985
19 16 16 16 19 2 2.554814
19 17 17 17 19 3 2.536997
19 18 18 18 19 4 2.505993
19 19 19 19 19 5 2.478273
19 20 20 20 19 6 2.425446
19 21 21 21 19 7 2.395375
19 22 22 22 19 8 2.369452
19 23 23 23 19 9 2.323634
19 24 24 24 19 10 2.295571
19 25 25 25 19 11 2.242775
19 26 26 26 19 12 2.238772
19 27 27 27 19 13 2.201295
19 28 28 28 19 14 2.201746
19 29 29 29 19 15 2.177283
19 30 30 30 19 16 2.165306
19 31 31 31 19 17 2.113973
19 32 33 33 19 18 2.085988
19 34 35 35 19 19 2.068136
19 36 37 37 19 20 2.019563
19 38 39 39 19 21 1.999362
19 40 41 41 19 22 1.980271
19 42 43 43 19 23 1.940226
19 44 45 45 19 24 1.903344
19 46 47 47 19 25 1.891003
19 48 49 49 19 26 1.877408
19 50 51 51 19 27 1.836838
19 52 53 53 19 28 1.833558
19 54 55 55 19 29 1.817331
19 56 57 57 19 30 1.817216
19 58 59 59 19 31 1.804255
19 60 61 61 19 32 1.784266
19 62 64 63 19 33 1.771997
19 65 67 66 19 34 1.762411
19 68 70 69 19 35 1.754530
19 71 73 72 19 36 1.744500
19 74 76 75 19 37 1.726157
19 77 79 78 19 38 1.720702
19 80 82 81 19 39 1.711804
19 83 85 84 19 40 1.689151
19 86 88 87 19 41 1.686134
19 89 91 90 19 42 1.668970
19 92 94 93 19 43 1.659591
19 95 97 96 19 44 1.651879
19 98 100 99 19 45 1.645938
19 101 103 102 19 46 1.638695
19 104 109 107 19 47 1.622964
19 110 115 113 19 48 1.607256
19 116 121 119 19 49 1.596630
19 122 127 125 19 50 1.570468
19 128 133 131 19 51 1.558144
19 134 139 137 19 52 1.555052
19 140 145 143 19 53 1.550233
19 146 151 149 19 54 1.538880
19 152 157 155 19 55 1.532478
19 158 163 161 19 56 1.521923
19 164 169 167 19 57 1.508351
19 170 175 173 19 58 1.500118
19 176 181 179 19 59 1.489304
19 182 187 185 19 60 1.485311
19 188 193 191 19 61 1.466839
19 194 254 224 19 62 1.455493
19 255 255 255 19 63 1.438491
20 0 0 0 20 0 1.000000   # ieta [21], pt 0
20 1 15 8 20 1 2.572758
20 16 16 16 20 2 2.512657
20 17 17 17 20 3 2.495133
20 18 18 18 20 4 2.464641
20 19 19 19 20 5 2.434707
20 20 20 20 20 6 2.371061
20 21 21 21 20 7 2.336983
20 22 22 22 20 8 2.311692
20 23 23 23 20 9 2.267910
20 24 24 24 20 10 2.246701
20 25 25 25 20 11 2.214354
20 26 26 26 20 12 2.207274
20 27 27 27 20 13 2.176281
20 28 28 28 20 14 2.176727
20 29 29 29 20 15 2.152542
20 30 30 30 20 16 2.141508
20 31 31 31 20 17 2.087294
20 32 33 33 20 18 2.058355
20 34 35 35 20 19 2.036553
20 36 37 37 20 20 1.984566
20 38 39 39 20 21 1.962432
20 40 41 41 20 22 1.943189
20 42 43 43 20 23 1.905130
20 44 45 45 20 24 1.871398
20 46 47 47 20 25 1.859737
20 48 49 49 20 26 1.850469
20 50 51 51 20 27 1.815245
20 52 53 53 20 28 1.809357
20 54 55 55 20 29 1.786074
20 56 57 57 20 30 1.784862
20 58 59 59 20 31 1.774677
20 60 61 61 20 32 1.761417
20 62 64 63 20 33 1.754173
20 65 67 66 20 34 1.735119
20 68 70 69 20 35 1.726103
20 71 73 72 20 36 1.716775
20 74 76 75 20 37 1.698992
20 77 79 78 20 38 1.693623
20 80 82 81 20 39 1.686701
20 83 85 84 20 40 1.667772
20 86 88 87 20 41 1.664286
20 89 91 90 20 42 1.649007
20 92 94 93 20 43 1.638587
20 95 97 96 20 44 1.630540
20 98 100 99 20 45 1.623449
20 101 103 102 20 46 1.615129
20 104 109 107 20 47 1.599890
20 110 115 113 20 48 1.588733
20 116 121 119 20 49 1.579053
20 122 127 125 20 50 1.553179
20 128 133 131 20 51 1.540990
20 134 139 137 20 52 1.537932
20 140 145 143 20 53 1.533166
20 146 151 149 20 54 1.522098
20 152 157 155 20 55 1.516083
20 158 163 161 20 56 1.505641
20 164 169 167 20 57 1.492214
20 170 175 173 20 58 1.484208
20 176 181 179 20 59 1.473649
20 182 187 185 20 60 1.469697
20 188 193 191 20 61 1.451420
20 194 254 224 20 62 1.440362
20 255 255 255 20 63 1.423601
21 0 0 0 21 0 1.000000   # ieta [22], pt 0
21 1 15 8 21 1 2.528462
21 16 16 16 21 2 2.461103
21 17 17 17 21 3 2.426456
21 18 18 18 21 4 2.402514
21 19 19 19 21 5 2.354701
21 20 20 20 21 6 2.307888
21 21 21 21 21 7 2.283992
21 22 22 22 21 8 2.254871
21 23 23 23 21 9 2.228779
21 24 24 24 21 10 2.205097
21 25 25 25 21 11 2.161800
21 26 26 26 21 12 2.156166
21 27 27 27 21 13 2.132459
21 28 28 28 21 14 2.132896
21 29 29 29 21 15 2.111595
21 30 30 30 21 16 2.092732
21 31 31 31 21 17 2.042930
21 32 33 33 21 18 2.020930
21 34 35 35 21 19 2.004659
21 36 37 37 21 20 1.955516
21 38 39 39 21 21 1.932743
21 40 41 41 21 22 1.914537
21 42 43 43 21 23 1.886736
21 44 45 45 21 24 1.858737
21 46 47 47 21 25 1.847156
21 48 49 49 21 26 1.837140
21 50 51 51 21 27 1.808724
21 52 53 53 21 28 1.801959
21 54 55 55 21 29 1.777722
21 56 57 57 21 30 1.776357
21 58 59 59 21 31 1.763815
21 60 61 61 21 32 1.747275
21 62 64 63 21 33 1.740548
21 65 67 66 21 34 1.721641
21 68 70 69 21 35 1.710791
21 71 73 72 21 36 1.700595
21 74 76 75 21 37 1.682979
21 77 79 78 21 38 1.677261
21 80 82 81 21 39 1.669610
21 83 85 84 21 40 1.650873
21 86 88 87 21 41 1.647599
21 89 91 90 21 42 1.633911
21 92 94 93 21 43 1.624571
21 95 97 96 21 44 1.616815
21 98 100 99 21 45 1.609323
21 101 103 102 21 46 1.602267
21 104 109 107 21 47 1.589517
21 110 115 113 21 48 1.573630
21 116 121 119 21 49 1.561379
21 122 127 125 21 50 1.534824
21 128 133 131 21 51 1.520249
21 134 139 137 21 52 1.517564
21 140 145 143 21 53 1.512411
21 146 151 149 21 54 1.497177
21 152 157 155 21 55 1.490753
21 158 163 161 21 56 1.480895
21 164 169 167 21 57 1.469738
21 170 175 173 21 58 1.463116
21 176 181 179 21 59 1.453338
21 182 187 185 21 60 1.449209
21 188 193 191 21 61 1.429338
21 194 254 224 21 62 1.418879
21 255 255 255 21 63 1.402325
22 0 0 0 22 0 1.000000   # ieta [23], pt 0
22 1 15 8 22 1 2.473894
22 16 16 16 22 2 2.398313
22 17 17 17 22 3 2.377065
22 18 18 18 22 4 2.357377
22 19 19 19 22 5 2.343251
22 20 20 20 22 6 2.290469
22 21 21 21 22 7 2.259809
22 22 22 22 22 8 2.230089
22 23 23 23 22 9 2.206867
22 24 24 24 22 10 2.183418
22 25 25 25 22 11 2.140547
22 26 26 26 22 12 2.134968
22 27 27 27 22 13 2.107502
22 28 28 28 22 14 2.106678
22 29 29 29 22 15 2.088291
22 30 30 30 22 16 2.069636
22 31 31 31 22 17 2.032471
22 32 33 33 22 18 2.010583
22 34 35 35 22 19 1.993784
22 36 37 37 22 20 1.934183
22 38 39 39 22 21 1.899597
22 40 41 41 22 22 1.874919
22 42 43 43 22 23 1.846989
22 44 45 45 22 24 1.828451
22 46 47 47 22 25 1.818260
22 48 49 49 22 26 1.807394
22 50 51 51 22 27 1.774453
22 52 53 53 22 28 1.767817
22 54 55 55 22 29 1.735373
22 56 57 57 22 30 1.732791
22 58 59 59 22 31 1.723306
22 60 61 61 22 32 1.707007
22 62 64 63 22 33 1.698984
22 65 67 66 22 34 1.686985
22 68 70 69 22 35 1.677105
22 71 73 72 22 36 1.665192
22 74 76 75 22 37 1.647391
22 77 79 78 22 38 1.641812
22 80 82 81 22 39 1.637708
22 83 85 84 22 40 1.620595
22 86 88 87 22 41 1.617380
22 89 91 90 22 42 1.605804
22 92 94 93 22 43 1.601075
22 95 97 96 22 44 1.595502
22 98 100 99 22 45 1.588525
22 101 103 102 22 46 1.582553
22 104 109 107 22 47 1.574210
22 110 115 113 22 48 1.561313
22 116 121 119 22 49 1.550472
22 122 127 125 22 50 1.523410
22 128 133 131 22 51 1.510810
22 134 139 137 22 52 1.508283
22 140 145 143 22 53 1.503423
22 146 151 149 22 54 1.488833
22 152 157 155 22 55 1.477422
22 158 163 161 22 56 1.460720
22 164 169 167 22 57 1.448567
22 170 175 173 22 58 1.441290
22 176 181 179 22 59 1.430909
22 182 187 185 22 60 1.425558
22 188 193 191 22 61 1.404401
22 194 254 224 22 62 1.394086
22 255 255 255 22 63 1.377670
23 0 0 0 23 0 1.000000   # ieta [24], pt 0
23 1 15 8 23 1 2.428710
23 16 16 16 23 2 2.360269
23 17 17 17 23 3 2.338546
23 18 18 18 23 4 2.320343
23 19 19 19 23 5 2.293583
23 20 20 20 23 6 2.252322
23 21 21 21 23 7 2.222479
23 22 22 22 23 8 2.192620
23 23 23 23 23 9 2.177403
23 24 24 24 23 10 2.131358
23 25 25 25 23 11 2.100239
23 26 26 26 23 12 2.095644
23 27 27 27 23 13 2.051526
23 28 28 28 23 14 2.050725
23 29 29 29 23 15 2.026839
23 30 30 30 23 16 2.018911
23 31 31 31 23 17 1.992386
23 32 33 33 23 18 1.974808
23 34 35 35 23 19 1.958309
23 36 37 37 23 20 1.915657
23 38 39 39 23 21 1.890868
23 40 41 41 23 22 1.874847
23 42 43 43 23 23 1.845875
23 44 45 45 23 24 1.821305
23 46 47 47 23 25 1.804843
23 48 49 49 23 26 1.795682
23 50 51 51 23 27 1.762954
23 52 53 53 23 28 1.756361
23 54 55 55 23 29 1.729485
23 56 57 57 23 30 1.726549
23 58 59 59 23 31 1.714232
23 60 61 61 23 32 1.695157
23 62 64 63 23 33 1.686382
23 65 67 66 23 34 1.672867
23 68 70 69 23 35 1.663069
23 71 73 72 23 36 1.651255
23 74 76 75 23 37 1.636038
23 77 79 78 23 38 1.631721
23 80 82 81 23 39 1.625299
23 83 85 84 23 40 1.599496
23 86 88 87 23 41 1.593721
23 89 91 90 23 42 1.578325
23 92 94 93 23 43 1.569626
23 95 97 96 23 44 1.559729
23 98 100 99 23 45 1.550543
23 101 103 102 23 46 1.547923
23 104 109 107 23 47 1.540266
23 110 115 113 23 48 1.527258
23 116 121 119 23 49 1.516858
23 122 127 125 23 50 1.496136
23 128 133 131 23 51 1.484532
23 134 139 137 23 52 1.482049
23 140 145 143 23 53 1.478254
23 146 151 149 23 54 1.468808
23 152 157 155 23 55 1.458182
23 158 163 161 23 56 1.445415
23 164 169 167 23 57 1.434518
23 170 175 173 23 58 1.427312
23 176 181 179 23 59 1.417032
23 182 187 185 23 60 1.411733
23 188 193 191 23 61 1.390781
23 194 254 224 23 62 1.377171
23 255 255 255 23 63 1.354169
24 0 0 0 24 0 1.000000   # ieta [25], pt 0
24 1 15 8 24 1 2.429031
24 16 16 16 24 2 2.360580
24 17 17 17 24 3 2.338854
24 18 18 18 24 4 2.320264
24 19 19 19 24 5 2.286764
24 20 20 20 24 6 2.242521
24 21 21 21 24 7 2.215091
24 22 22 22 24 8 2.184154
24 23 23 23 24 9 2.168550
24 24 24 24 24 10 2.122691
24 25 25 25 24 11 2.092161
24 26 26 26 24 12 2.087583
24 27 27 27 24 13 2.045761
24 28 28 28 24 14 2.046052
24 29 29 29 24 15 2.022221
24 30 30 30 24 16 2.015659
24 31 31 31 24 17 1.990748
24 32 33 33 24 18 1.974808
24 34 35 35 24 19 1.958309
24 36 37 37 24 20 1.915657
24 38 39 39 24 21 1.890868
24 40 41 41 24 22 1.874847
24 42 43 43 24 23 1.845875
24 44 45 45 24 24 1.821305
24 46 47 47 24 25 1.804843
24 48 49 49 24 26 1.795682
24 50 51 51 24 27 1.762954
24 52 53 53 24 28 1.756361
24 54 55 55 24 29 1.729485
24 56 57 57 24 30 1.726549
24 58 59 59 24 31 1.714232
24 60 61 61 24 32 1.695157
24 62 64 63 24 33 1.686382
24 65 67 66 24 34 1.672867
24 68 70 69 24 35 1.663069
24 71 73 72 24 36 1.651255
24 74 76 75 24 37 1.636038
24 77 79 78 24 38 1.631721
24 80 82 81 24 39 1.625299
24 83 85 84 24 40 1.599496
24 86 88 87 24 41 1.593721
24 89 91 90 24 42 1.578325
24 92 94 93 24 43 1.569626
24 95 97 96 24 44 1.559729
24 98 100 99 24 45 1.550543
24 101 103 102 24 46 1.547923
24 104 109 107 24 47 1.540266
24 110 115 113 24 48 1.527258
24 116 121 119 24 49 1.516858
24 122 127 125 24 50 1.493702
24 128 133 131 24 51 1.484532
24 134 139 137 24 52 1.482049
24 140 145 143 24 53 1.478254
24 146 151 149 24 54 1.468808
24 152 157 155 24 55 1.458182
24 158 163 161 24 56 1.445415
24 164 169 167 24 57 1.434518
24 170 175 173 24 58 1.427312
24 176 181 179 24 59 1.417032
24 182 187 185 24 60 1.411733
24 188 193 191 24 61 1.390781
24 194 254 224 24 62 1.377171
24 255 255 255 24 63 1.354169
25 0 0 0 25 0 1.000000   # ieta [26], pt 0
25 1 15 8 25 1 2.336712
25 16 16 16 25 2 2.273887
25 17 17 17 25 3 2.239380
25 18 18 18 25 4 2.192178
25 19 19 19 25 5 2.136019
25 20 20 20 25 6 2.055033
25 21 21 21 25 7 2.067817
25 22 22 22 25 8 2.062993
25 23 23 23 25 9 2.024453
25 24 24 24 25 10 1.971108
25 25 25 25 25 11 1.991555
25 26 26 26 25 12 1.988424
25 27 27 27 25 13 1.981925
25 28 28 28 25 14 1.982207
25 29 29 29 25 15 1.955997
25 30 30 30 25 16 1.947992
25 31 31 31 25 17 1.939265
25 32 33 33 25 18 1.925435
25 34 35 35 25 19 1.901504
25 36 37 37 25 20 1.852370
25 38 39 39 25 21 1.828971
25 40 41 41 25 22 1.813881
25 42 43 43 25 23 1.792260
25 44 45 45 25 24 1.766493
25 46 47 47 25 25 1.742227
25 48 49 49 25 26 1.739982
25 50 51 51 25 27 1.719477
25 52 53 53 25 28 1.716568
25 54 55 55 25 29 1.706255
25 56 57 57 25 30 1.703358
25 58 59 59 25 31 1.691805
25 60 61 61 25 32 1.670013
25 62 64 63 25 33 1.656748
25 65 67 66 25 34 1.636851
25 68 70 69 25 35 1.624719
25 71 73 72 25 36 1.613253
25 74 76 75 25 37 1.591473
25 77 79 78 25 38 1.570159
25 80 82 81 25 39 1.561749
25 83 85 84 25 40 1.552528
25 86 88 87 25 41 1.549809
25 89 91 90 25 42 1.542791
25 92 94 93 25 43 1.536734
25 95 97 96 25 44 1.532873
25 98 100 99 25 45 1.529605
25 101 103 102 25 46 1.527021
25 104 109 107 25 47 1.521313
25 110 115 113 25 48 1.510321
25 116 121 119 25 49 1.500502
25 122 127 125 25 50 1.477603
25 128 133 131 25 51 1.468536
25 134 139 137 25 52 1.466085
25 140 145 143 25 53 1.462335
25 146 151 149 25 54 1.452991
25 152 157 155 25 55 1.442479
25 158 163 161 25 56 1.429850
25 164 169 167 25 57 1.420586
25 170 175 173 25 58 1.414040
25 176 181 179 25 59 1.404445
25 182 187 185 25 60 1.398654
25 188 193 191 25 61 1.378106
25 194 254 224 25 62 1.363943
25 255 255 255 25 63 1.340306
26 0 0 0 26 0 1.000000   # ieta [27], pt 0
26 1 15 8 26 1 2.550937
26 16 16 16 26 2 2.369922
26 17 17 17 26 3 2.305648
26 18 18 18 26 4 2.235669
26 19 19 19 26 5 2.178292
26 20 20 20 26 6 2.107201
26 21 21 21 26 7 2.102517
26 22 22 22 26 8 2.076131
26 23 23 23 26 9 2.033627
26 24 24 24 26 10 1.986069
26 25 25 25 26 11 1.984128
26 26 26 26 26 12 1.976950
26 27 27 27 26 13 1.967521
26 28 28 28 26 14 1.967800
26 29 29 29 26 15 1.941781
26 30 30 30 26 16 1.933007
26 31 31 31 26 17 1.916874
26 32 33 33 26 18 1.905159
26 34 35 35 26 19 1.878045
26 36 37 37 26 20 1.823700
26 38 39 39 26 21 1.803639
26 40 41 41 26 22 1.790419
26 42 43 43 26 23 1.769949
26 44 45 45 26 24 1.745117
26 46 47 47 26 25 1.716756
26 48 49 49 26 26 1.711892
26 50 51 51 26 27 1.693069
26 52 53 53 26 28 1.691363
26 54 55 55 26 29 1.679072
26 56 57 57 26 30 1.668223
26 58 59 59 26 31 1.655057
26 60 61 61 26 32 1.624116
26 62 64 63 26 33 1.603264
26 65 67 66 26 34 1.586769
26 68 70 69 26 35 1.582027
26 71 73 72 26 36 1.574019
26 74 76 75 26 37 1.559497
26 77 79 78 26 38 1.541791
26 80 82 81 26 39 1.538453
26 83 85 84 26 40 1.529369
26 86 88 87 26 41 1.522732
26 89 91 90 26 42 1.516047
26 92 94 93 26 43 1.510045
26 95 97 96 26 44 1.501615
26 98 100 99 26 45 1.498559
26 101 103 102 26 46 1.495850
26 104 109 107 26 47 1.485603
26 110 115 113 26 48 1.476779
26 116 121 119 26 49 1.468329
26 122 127 125 26 50 1.445995
26 128 133 131 26 51 1.430183
26 134 139 137 26 52 1.428977
26 140 145 143 26 53 1.426528
26 146 151 149 26 54 1.419159
26 152 157 155 26 55 1.403134
26 158 163 161 26 56 1.391522
26 164 169 167 26 57 1.384795
26 170 175 173 26 58 1.378414
26 176 181 179 26 59 1.369061
26 182 187 185 26 60 1.365016
26 188 193 191 26 61 1.347592
26 194 254 224 26 62 1.321511
26 255 255 255 26 63 1.297194
27 0 0 0 27 0 1.000000   # ieta [28], pt 0
27 1 15 8 27 1 2.612237
27 16 16 16 27 2 2.426873
27 17 17 17 27 3 2.361775
27 18 18 18 27 4 2.290882
27 19 19 19 27 5 2.232632
27 20 20 20 27 6 2.162613
27 21 21 21 27 7 2.134248
27 22 22 22 27 8 2.094978
27 23 23 23 27 9 2.041835
27 24 24 24 27 10 1.991366
27 25 25 25 27 11 1.957168
27 26 26 26 27 12 1.937871
27 27 27 27 27 13 1.935879
27 28 28 28 27 14 1.936154
27 29 29 29 27 15 1.910553
27 30 30 30 27 16 1.901920
27 31 31 31 27 17 1.871349
27 32 33 33 27 18 1.854715
27 34 35 35 27 19 1.818468
27 36 37 37 27 20 1.769704
27 38 39 39 27 21 1.741708
27 40 41 41 27 22 1.726444
27 42 43 43 27 23 1.707226
27 44 45 45 27 24 1.674899
27 46 47 47 27 25 1.636371
27 48 49 49 27 26 1.624935
27 50 51 51 27 27 1.614248
27 52 53 53 27 28 1.614248
27 54 55 55 27 29 1.604157
27 56 57 57 27 30 1.593812
27 58 59 59 27 31 1.584637
27 60 61 61 27 32 1.556813
27 62 64 63 27 33 1.530709
27 65 67 66 27 34 1.520994
27 68 70 69 27 35 1.518191
27 71 73 72 27 36 1.512459
27 74 76 75 27 37 1.500541
27 77 79 78 27 38 1.476264
27 80 82 81 27 39 1.470802
27 83 85 84 27 40 1.465770
27 86 88 87 27 41 1.459409
27 89 91 90 27 42 1.453446
27 92 94 93 27 43 1.444396
27 95 97 96 27 44 1.428399
27 98 100 99 27 45 1.424985
27 101 103 102 27 46 1.415549
27 104 109 107 27 47 1.403591
27 110 115 113 27 48 1.399731
27 116 121 119 27 49 1.395786
27 122 127 125 27 50 1.379629
27 128 133 131 27 51 1.367246
27 134 139 137 27 52 1.368192
27 140 145 143 27 53 1.367587
27 146 151 149 27 54 1.359596
27 152 157 155 27 55 1.344253
27 158 163 161 27 56 1.339986
27 164 169 167 27 57 1.334450
27 170 175 173 27 58 1.328707
27 176 181 179 27 59 1.316967
27 182 187 185 27 60 1.313678
27 188 193 191 27 61 1.302957
27 194 254 224 27 62 1.280535
27 255 255 255 27 63 1.261830
28 0 0 0 28 0 1.000000   # ieta [29], pt 0
28 1 15 8 28 1 2.419918
28 16 16 16 28 2 2.231525
28 17 17 17 28 3 2.140554
28 18 18 18 28 4 2.086832
28 19 19 19 28 5 2.029747
28 20 20 20 28 6 1.943822
28 21 21 21 28 7 1.911195
28 22 22 22 28 8 1.842877
28 23 23 23 28 9 1.774464
28 24 24 24 28 10 1.757230
28 25 25 25 28 11 1.703025
28 26 26 26 28 12 1.679428
28 27 27 27 28 13 1.666051
28 28 28 28 28 14 1.610296
28 29 29 29 28 15 1.599313
28 30 30 30 28 16 1.598656
28 31 31 31 28 17 1.579659
28 32 33 33 28 18 1.552597
28 34 35 35 28 19 1.519541
28 36 37 37 28 20 1.501135
28 38 39 39 28 21 1.497248
28 40 41 41 28 22 1.493058
28 42 43 43 28 23 1.491762
28 44 45 45 28 24 1.475140
28 46 47 47 28 25 1.471144
28 48 49 49 28 26 1.462735
28 50 51 51 28 27 1.450823
28 52 53 53 28 28 1.441770
28 54 55 55 28 29 1.424294
28 56 57 57 28 30 1.422788
28 58 59 59 28 31 1.421282
28 60 61 61 28 32 1.404503
28 62 64 63 28 33 1.380856
28 65 67 66 28 34 1.382535
28 68 70 69 28 35 1.382535
28 71 73 72 28 36 1.382535
28 74 76 75 28 37 1.379868
28 77 79 78 28 38 1.353176
28 80 82 81 28 39 1.341295
28 83 85 84 28 40 1.341295
28 86 88 87 28 41 1.341295
28 89 91 90 28 42 1.341295
28 92 94 93 28 43 1.341295
28 95 97 96 28 44 1.329427
28 98 100 99 28 45 1.323048
28 101 103 102 28 46 1.314427
28 104 109 107 28 47 1.305344
28 110 115 113 28 48 1.303024
28 116 121 119 28 49 1.303024
28 122 127 125 28 50 1.291959
28 128 133 131 28 51 1.286525
28 134 139 137 28 52 1.287696
28 140 145 143 28 53 1.286167
28 146 151 149 28 54 1.281836
28 152 157 155 28 55 1.274101
28 158 163 161 28 56 1.274101
28 164 169 167 28 57 1.274101
28 170 175 173 28 58 1.279296
28 176 181 179 28 59 1.269567
28 182 187 185 28 60 1.267102
28 188 193 191 28 61 1.256930
28 194 254 224 28 62 1.221115
28 255 255 255 28 63 1.194270
29 0 0 0 29 0 1.000000   # ieta [30], pt 0
29 1 15 8 29 1 2.496146
29 16 16 16 29 2 2.307753
29 17 17 17 29 3 2.186646
29 18 18 18 29 4 2.152594
29 19 19 19 29 5 2.068474
29 20 20 20 29 6 1.962291
29 21 21 21 29 7 1.913756
29 22 22 22 29 8 1.845438
29 23 23 23 29 9 1.777025
29 24 24 24 29 10 1.759791
29 25 25 25 29 11 1.705586
29 26 26 26 29 12 1.681989
29 27 27 27 29 13 1.647328
29 28 28 28 29 14 1.591573
29 29 29 29 29 15 1.572676
29 30 30 30 29 16 1.572019
29 31 31 31 29 17 1.536279
29 32 33 33 29 18 1.508301
29 34 35 35 29 19 1.479409
29 36 37 37 29 20 1.451878
29 38 39 39 29 21 1.431539
29 40 41 41 29 22 1.404341
29 42 43 43 29 23 1.394154
29 44 45 45 29 24 1.369580
29 46 47 47 29 25 1.358684
29 48 49 49 29 26 1.350274
29 50 51 51 29 27 1.338362
29 52 53 53 29 28 1.338362
29 54 55 55 29 29 1.329191
29 56 57 57 29 30 1.321902
29 58 59 59 29 31 1.320396
29 60 61 61 29 32 1.325000
29 62 64 63 29 33 1.322737
29 65 67 66 29 34 1.308008
29 68 70 69 29 35 1.284822
29 71 73 72 29 36 1.284822
29 74 76 75 29 37 1.282155
29 77 79 78 29 38 1.263033
29 80 82 81 29 39 1.254936
29 83 85 84 29 40 1.254936
29 86 88 87 29 41 1.244110
29 89 91 90 29 42 1.244110
29 92 94 93 29 43 1.244110
29 95 97 96 29 44 1.244110
29 98 100 99 29 45 1.243665
29 101 103 102 29 46 1.226753
29 104 109 107 29 47 1.217670
29 110 115 113 29 48 1.215350
29 116 121 119 29 49 1.215350
29 122 127 125 29 50 1.188329
29 128 133 131 29 51 1.179704
29 134 139 137 29 52 1.180875
29 140 145 143 29 53 1.179347
29 146 151 149 29 54 1.178882
29 152 157 155 29 55 1.178882
29 158 163 161 29 56 1.178882
29 164 169 167 29 57 1.178882
29 170 175 173 29 58 1.184078
29 176 181 179 29 59 1.174349
29 182 187 185 29 60 1.171884
29 188 193 191 29 61 1.163314
29 194 254 224 29 62 1.130704
29 255 255 255 29 63 1.103859
30 0 0 0 30 0 1.000000   # ieta [31], pt 0
30 1 15 8 30 1 2.491954
30 16 16 16 30 2 2.303561
30 17 17 17 30 3 2.182454
30 18 18 18 30 4 2.148402
30 19 19 19 30 5 2.064282
30 20 20 20 30 6 1.954209
30 21 21 21 30 7 1.905695
30 22 22 22 30 8 1.831310
30 23 23 23 30 9 1.766727
30 24 24 24 30 10 1.755924
30 25 25 25 30 11 1.691487
30 26 26 26 30 12 1.651583
30 27 27 27 30 13 1.599917
30 28 28 28 30 14 1.532422
30 29 29 29 30 15 1.519707
30 30 30 30 30 16 1.519050
30 31 31 31 30 17 1.475021
30 32 33 33 30 18 1.453500
30 34 35 35 30 19 1.418671
30 36 37 37 30 20 1.395195
30 38 39 39 30 21 1.377652
30 40 41 41 30 22 1.347380
30 42 43 43 30 23 1.339235
30 44 45 45 30 24 1.316704
30 46 47 47 30 25 1.313597
30 48 49 49 30 26 1.308861
30 50 51 51 30 27 1.306903
30 52 53 53 30 28 1.302173
30 54 55 55 30 29 1.288273
30 56 57 57 30 30 1.282489
30 58 59 59 30 31 1.282489
30 60 61 61 30 32 1.287093
30 62 64 63 30 33 1.284830
30 65 67 66 30 34 1.270101
30 68 70 69 30 35 1.246915
30 71 73 72 30 36 1.246915
30 74 76 75 30 37 1.244247
30 77 79 78 30 38 1.241319
30 80 82 81 30 39 1.241319
30 83 85 84 30 40 1.241319
30 86 88 87 30 41 1.230493
30 89 91 90 30 42 1.230493
30 92 94 93 30 43 1.230493
30 95 97 96 30 44 1.230493
30 98 100 99 30 45 1.230048
30 101 103 102 30 46 1.214861
30 104 109 107 30 47 1.205778
30 110 115 113 30 48 1.203458
30 116 121 119 30 49 1.203458
30 122 127 125 30 50 1.181460
30 128 133 131 30 51 1.177858
30 134 139 137 30 52 1.179030
30 140 145 143 30 53 1.177501
30 146 151 149 30 54 1.177037
30 152 157 155 30 55 1.177037
30 158 163 161 30 56 1.177037
30 164 169 167 30 57 1.177037
30 170 175 173 30 58 1.182232
30 176 181 179 30 59 1.172503
30 182 187 185 30 60 1.170038
30 188 193 191 30 61 1.161469
30 194 254 224 30 62 1.128859
30 255 255 255 30 63 1.102013
31 0 0 0 31 0 1.000000   # ieta [32], pt 0
31 1 15 8 31 1 2.453172
31 16 16 16 31 2 2.264778
31 17 17 17 31 3 2.124047
31 18 18 18 31 4 2.054202
31 19 19 19 31 5 1.929577
31 20 20 20 31 6 1.831454
31 21 21 21 31 7 1.788771
31 22 22 22 31 8 1.755398
31 23 23 23 31 9 1.661026
31 24 24 24 31 10 1.630930
31 25 25 25 31 11 1.584238
31 26 26 26 31 12 1.544806
31 27 27 27 31 13 1.492133
31 28 28 28 31 14 1.445969
31 29 29 29 31 15 1.419718
31 30 30 30 31 16 1.419062
31 31 31 31 31 17 1.377092
31 32 33 33 31 18 1.365454
31 34 35 35 31 19 1.317915
31 36 37 37 31 20 1.296920
31 38 39 39 31 21 1.282489
31 40 41 41 31 22 1.271267
31 42 43 43 31 23 1.266034
31 44 45 45 31 24 1.228016
31 46 47 47 31 25 1.217340
31 48 49 49 31 26 1.215525
31 50 51 51 31 27 1.216489
31 52 53 53 31 28 1.211759
31 54 55 55 31 29 1.191122
31 56 57 57 31 30 1.188995
31 58 59 59 31 31 1.178358
31 60 61 61 31 32 1.182962
31 62 64 63 31 33 1.180699
31 65 67 66 31 34 1.182378
31 68 70 69 31 35 1.176440
31 71 73 72 31 36 1.176440
31 74 76 75 31 37 1.168805
31 77 79 78 31 38 1.158265
31 80 82 81 31 39 1.155700
31 83 85 84 31 40 1.155700
31 86 88 87 31 41 1.155700
31 89 91 90 31 42 1.155700
31 92 94 93 31 43 1.155700
31 95 97 96 31 44 1.155700
31 98 100 99 31 45 1.155254
31 101 103 102 31 46 1.152900
31 104 109 107 31 47 1.152900
31 110 115 113 31 48 1.150580
31 116 121 119 31 49 1.150580
31 122 127 125 31 50 1.140532
31 128 133 131 31 51 1.139320
31 134 139 137 31 52 1.140491
31 140 145 143 31 53 1.138963
31 146 151 149 31 54 1.138499
31 152 157 155 31 55 1.138499
31 158 163 161 31 56 1.138499
31 164 169 167 31 57 1.138499
31 170 175 173 31 58 1.145605
31 176 181 179 31 59 1.137787
31 182 187 185 31 60 1.135322
31 188 193 191 31 61 1.126753
31 194 254 224 31 62 1.096939
31 255 255 255 31 63 1.070926
32 0 0 0 32 0 1.000000   # ieta [33], pt 0
32 1 15 8 32 1 2.397642
32 16 16 16 32 2 2.166380
32 17 17 17 32 3 2.042726
32 18 18 18 32 4 1.989178
32 19 19 19 32 5 1.871383
32 20 20 20 32 6 1.756004
32 21 21 21 32 7 1.735317
32 22 22 22 32 8 1.681590
32 23 23 23 32 9 1.609045
32 24 24 24 32 10 1.564544
32 25 25 25 32 11 1.528084
32 26 26 26 32 12 1.477040
32 27 27 27 32 13 1.419787
32 28 28 28 32 14 1.373643
32 29 29 29 32 15 1.347894
32 30 30 30 32 16 1.347237
32 31 31 31 32 17 1.292729
32 32 33 33 32 18 1.275448
32 34 35 35 32 19 1.240810
32 36 37 37 32 20 1.221810
32 38 39 39 32 21 1.197569
32 40 41 41 32 22 1.150931
32 42 43 43 32 23 1.141641
32 44 45 45 32 24 1.120789
32 46 47 47 32 25 1.119181
32 48 49 49 32 26 1.119181
32 50 51 51 32 27 1.120145
32 52 53 53 32 28 1.120145
32 54 55 55 32 29 1.118486
32 56 57 57 32 30 1.116358
32 58 59 59 32 31 1.116358
32 60 61 61 32 32 1.117180
32 62 64 63 32 33 1.103052
32 65 67 66 32 34 1.104731
32 68 70 69 32 35 1.104731
32 71 73 72 32 36 1.104731
32 74 76 75 32 37 1.097096
32 77 79 78 32 38 1.086555
32 80 82 81 32 39 1.083990
32 83 85 84 32 40 1.083990
32 86 88 87 32 41 1.083990
32 89 91 90 32 42 1.083990
32 92 94 93 32 43 1.083990
32 95 97 96 32 44 1.083990
32 98 100 99 32 45 1.083545
32 101 103 102 32 46 1.081191
32 104 109 107 32 47 1.081191
32 110 115 113 32 48 1.078871
32 116 121 119 32 49 1.078871
32 122 127 125 32 50 1.068822
32 128 133 131 32 51 1.067610
32 134 139 137 32 52 1.068781
32 140 145 143 32 53 1.067253
32 146 151 149 32 54 1.066789
32 152 157 155 32 55 1.066789
32 158 163 161 32 56 1.066789
32 164 169 167 32 57 1.066789
32 170 175 173 32 58 1.073895
32 176 181 179 32 59 1.066077
32 182 187 185 32 60 1.063612
32 188 193 191 32 61 1.055042
32 194 254 224 32 62 1.025229
32 255 255 255 32 63 0.999216
33 0 0 0 33 0 1.000000   # ieta [34], pt 0
33 1 15 8 33 1 2.397642
33 16 16 16 33 2 2.166380
33 17 17 17 33 3 2.042726
33 18 18 18 33 4 1.989178
33 19 19 19 33 5 1.867199
33 20 20 20 33 6 1.751821
33 21 21 21 33 7 1.731133
33 22 22 22 33 8 1.677407
33 23 23 23 33 9 1.604861
33 24 24 24 33 10 1.560360
33 25 25 25 33 11 1.523900
33 26 26 26 33 12 1.472856
33 27 27 27 33 13 1.410912
33 28 28 28 33 14 1.367213
33 29 29 29 33 15 1.335251
33 30 30 30 33 16 1.330691
33 31 31 31 33 17 1.279711
33 32 33 33 33 18 1.262430
33 34 35 35 33 19 1.230138
33 36 37 37 33 20 1.213483
33 38 39 39 33 21 1.189242
33 40 41 41 33 22 1.142604
33 42 43 43 33 23 1.133314
33 44 45 45 33 24 1.112462
33 46 47 47 33 25 1.110854
33 48 49 49 33 26 1.110854
33 50 51 51 33 27 1.105726
33 52 53 53 33 28 1.105726
33 54 55 55 33 29 1.104067
33 56 57 57 33 30 1.101940
33 58 59 59 33 31 1.101940
33 60 61 61 33 32 1.102761
33 62 64 63 33 33 1.089528
33 65 67 66 33 34 1.092997
33 68 70 69 33 35 1.092997
33 71 73 72 33 36 1.092997
33 74 76 75 33 37 1.087964
33 77 79 78 33 38 1.078724
33 80 82 81 33 39 1.076160
33 83 85 84 33 40 1.076160
33 86 88 87 33 41 1.076160
33 89 91 90 33 42 1.076160
33 92 94 93 33 43 1.076160
33 95 97 96 33 44 1.076160
33 98 100 99 33 45 1.075714
33 101 103 102 33 46 1.073360
33 104 109 107 33 47 1.073360
33 110 115 113 33 48 1.071040
33 116 121 119 33 49 1.071040
33 122 127 125 33 50 1.066068
33 128 133 131 33 51 1.065872
33 134 139 137 33 52 1.067042
33 140 145 143 33 53 1.065514
33 146 151 149 33 54 1.065050
33 152 157 155 33 55 1.065050
33 158 163 161 33 56 1.065050
33 164 169 167 33 57 1.065050
33 170 175 173 33 58 1.072157
33 176 181 179 33 59 1.064338
33 182 187 185 33 60 1.061873
33 188 193 191 33 61 1.053304
33 194 254 224 33 62 1.023490
33 255 255 255 33 63 0.997478
34 0 0 0 34 0 1.000000   # ieta [35], pt 0
34 1 15 8 34 1 2.397642
34 16 16 16 34 2 2.166380
34 17 17 17 34 3 2.042726
34 18 18 18 34 4 1.989178
34 19 19 19 34 5 1.867199
34 20 20 20 34 6 1.751821
34 21 21 21 34 7 1.731133
34 22 22 22 34 8 1.677407
34 23 23 23 34 9 1.604861
34 24 24 24 34 10 1.560360
34 25 25 25 34 11 1.523900
34 26 26 26 34 12 1.472856
34 27 27 27 34 13 1.410912
34 28 28 28 34 14 1.367213
34 29 29 29 34 15 1.335251
34 30 30 30 34 16 1.330691
34 31 31 31 34 17 1.279711
34 32 33 33 34 18 1.262430
34 34 35 35 34 19 1.230138
34 36 37 37 34 20 1.213483
34 38 39 39 34 21 1.189242
34 40 41 41 34 22 1.142604
34 42 43 43 34 23 1.133314
34 44 45 45 34 24 1.112462
34 46 47 47 34 25 1.110854
34 48 49 49 34 26 1.110854
34 50 51 51 34 27 1.105726
34 52 53 53 34 28 1.105726
34 54 55 55 34 29 1.093801
34 56 57 57 34 30 1.091674
34 58 59 59 34 31 1.091674
34 60 61 61 34 32 1.092495
34 62 64 63 34 33 1.079262
34 65 67 66 34 34 1.082731
34 68 70 69 34 35 1.082731
34 71 73 72 34 36 1.082731
34 74 76 75 34 37 1.077698
34 77 79 78 34 38 1.068458
34 80 82 81 34 39 1.065894
34 83 85 84 34 40 1.065894
34 86 88 87 34 41 1.065894
34 89 91 90 34 42 1.065894
34 92 94 93 34 43 1.065894
34 95 97 96 34 44 1.065894
34 98 100 99 34 45 1.065448
34 101 103 102 34 46 1.063094
34 104 109 107 34 47 1.063094
34 110 115 113 34 48 1.060774
34 116 121 119 34 49 1.060774
34 122 127 125 34 50 1.055802
34 128 133 131 34 51 1.055605
34 134 139 137 34 52 1.056776
34 140 145 143 34 53 1.055248
34 146 151 149 34 54 1.054784
34 152 157 155 34 55 1.054784
34 158 163 161 34 56 1.054784
34 164 169 167 34 57 1.054784
34 170 175 173 34 58 1.061891
34 176 181 179 34 59 1.054072
34 182 187 185 34 60 1.051607
34 188 193 191 34 61 1.043038
34 194 254 224 34 62 1.013224
34 255 255 255 34 63 0.987211
35 0 0 0 35 0 1.000000   # ieta [36], pt 0
35 1 15 8 35 1 2.397642
35 16 16 16 35 2 2.166380
35 17 17 17 35 3 2.042726
35 18 18 18 35 4 1.989178
35 19 19 19 35 5 1.867199
35 20 20 20 35 6 1.751821
35 21 21 21 35 7 1.731133
35 22 22 22 35 8 1.677407
35 23 23 23 35 9 1.604861
35 24 24 24 35 10 1.560360
35 25 25 25 35 11 1.523900
35 26 26 26 35 12 1.472856
35 27 27 27 35 13 1.410912
35 28 28 28 35 14 1.367213
35 29 29 29 35 15 1.335251
35 30 30 30 35 16 1.330691
35 31 31 31 35 17 1.279711
35 32 33 33 35 18 1.262430
35 34 35 35 35 19 1.230138
35 36 37 37 35 20 1.213483
35 38 39 39 35 21 1.189242
35 40 41 41 35 22 1.142604
35 42 43 43 35 23 1.133314
35 44 45 45 35 24 1.112462
35 46 47 47 35 25 1.110854
35 48 49 49 35 26 1.110854
35 50 51 51 35 27 1.105726
35 52 53 53 35 28 1.105726
35 54 55 55 35 29 1.093801
35 56 57 57 35 30 1.091674
35 58 59 59 35 31 1.091674
35 60 61 61 35 32 1.092495
35 62 64 63 35 33 1.079262
35 65 67 66 35 34 1.082731
35 68 70 69 35 35 1.082731
35 71 73 72 35 36 1.082731
35 74 76 75 35 37 1.077698
35 77 79 78 35 38 1.068458
35 80 82 81 35 39 1.065894
35 83 85 84 35 40 1.065894
35 86 88 87 35 41 1.065894
35 89 91 90 35 42 1.065894
35 92 94 93 35 43 1.065894
35 95 97 96 35 44 1.065894
35 98 100 99 35 45 1.065448
35 101 103 102 35 46 1.063094
35 104 109 107 35 47 1.063094
35 110 115 113 35 48 1.060774
35 116 121 119 35 49 1.060774
35 122 127 125 35 50 1.055802
35 128 133 131 35 51 1.055605
35 134 139 137 35 52 1.056776
35 140 145 143 35 53 1.055248
35 146 151 149 35 54 1.054784
35 152 157 155 35 55 1.054784
35 158 163 161 35 56 1.054784
35 164 169 167 35 57 1.054784
35 170 175 173 35 58 1.061891
35 176 181 179 35 59 1.054072
35 182 187 185 35 60 1.051607
35 188 193 191 35 61 1.043038
35 194 254 224 35 62 1.013224
35 255 255 255 35 63 0.987211
36 0 0 0 36 0 1.000000   # ieta [37], pt 0
36 1 15 8 36 1 2.397642
36 16 16 16 36 2 2.166380
36 17 17 17 36 3 2.042726
36 18 18 18 36 4 1.989178
36 19 19 19 36 5 1.876640
36 20 20 20 36 6 1.767832
36 21 21 21 36 7 1.747145
36 22 22 22 36 8 1.693418
36 23 23 23 36 9 1.620873
36 24 24 24 36 10 1.576372
36 25 25 25 36 11 1.539912
36 26 26 26 36 12 1.488868
36 27 27 27 36 13 1.426924
36 28 28 28 36 14 1.380780
36 29 29 29 36 15 1.348817
36 30 30 30 36 16 1.344258
36 31 31 31 36 17 1.293278
36 32 33 33 36 18 1.275997
36 34 35 35 36 19 1.243705
36 36 37 37 36 20 1.227049
36 38 39 39 36 21 1.202809
36 40 41 41 36 22 1.156171
36 42 43 43 36 23 1.146881
36 44 45 45 36 24 1.126029
36 46 47 47 36 25 1.124421
36 48 49 49 36 26 1.120510
36 50 51 51 36 27 1.111471
36 52 53 53 36 28 1.111471
36 54 55 55 36 29 1.092975
36 56 57 57 36 30 1.090847
36 58 59 59 36 31 1.090847
36 60 61 61 36 32 1.091669
36 62 64 63 36 33 1.078436
36 65 67 66 36 34 1.081905
36 68 70 69 36 35 1.081905
36 71 73 72 36 36 1.081905
36 74 76 75 36 37 1.076872
36 77 79 78 36 38 1.067632
36 80 82 81 36 39 1.065067
36 83 85 84 36 40 1.065067
36 86 88 87 36 41 1.065067
36 89 91 90 36 42 1.065067
36 92 94 93 36 43 1.065067
36 95 97 96 36 44 1.065067
36 98 100 99 36 45 1.064622
36 101 103 102 36 46 1.062268
36 104 109 107 36 47 1.062268
36 110 115 113 36 48 1.059948
36 116 121 119 36 49 1.059948
36 122 127 125 36 50 1.054976
36 128 133 131 36 51 1.054779
36 134 139 137 36 52 1.055950
36 140 145 143 36 53 1.054422
36 146 151 149 36 54 1.053958
36 152 157 155 36 55 1.053958
36 158 163 161 36 56 1.053958
36 164 169 167 36 57 1.053958
36 170 175 173 36 58 1.061065
36 176 181 179 36 59 1.053246
36 182 187 185 36 60 1.050781
36 188 193 191 36 61 1.042212
36 194 254 224 36 62 1.012398
36 255 255 255 36 63 0.986385
37 0 0 0 37 0 1.000000   # ieta [38], pt 0
37 1 15 8 37 1 2.397642
37 16 16 16 37 2 2.166380
37 17 17 17 37 3 2.042726
37 18 18 18 37 4 1.998679
37 19 19 19 37 5 1.917308
37 20 20 20 37 6 1.767832
37 21 21 21 37 7 1.747145
37 22 22 22 37 8 1.693418
37 23 23 23 37 9 1.620873
37 24 24 24 37 10 1.576372
37 25 25 25 37 11 1.539912
37 26 26 26 37 12 1.488868
37 27 27 27 37 13 1.426924
37 28 28 28 37 14 1.380780
37 29 29 29 37 15 1.348817
37 30 30 30 37 16 1.344258
37 31 31 31 37 17 1.293278
37 32 33 33 37 18 1.275997
37 34 35 35 37 19 1.243705
37 36 37 37 37 20 1.227049
37 38 39 39 37 21 1.202809
37 40 41 41 37 22 1.156171
37 42 43 43 37 23 1.146881
37 44 45 45 37 24 1.126029
37 46 47 47 37 25 1.124421
37 48 49 49 37 26 1.120510
37 50 51 51 37 27 1.111471
37 52 53 53 37 28 1.111471
37 54 55 55 37 29 1.092975
37 56 57 57 37 30 1.090847
37 58 59 59 37 31 1.090847
37 60 61 61 37 32 1.091669
37 62 64 63 37 33 1.078436
37 65 67 66 37 34 1.081905
37 68 70 69 37 35 1.081905
37 71 73 72 37 36 1.081905
37 74 76 75 37 37 1.076872
37 77 79 78 37 38 1.067632
37 80 82 81 37 39 1.065067
37 83 85 84 37 40 1.065067
37 86 88 87 37 41 1.065067
37 89 91 90 37 42 1.065067
37 92 94 93 37 43 1.065067
37 95 97 96 37 44 1.065067
37 98 100 99 37 45 1.064622
37 101 103 102 37 46 1.062268
37 104 109 107 37 47 1.062268
37 110 115 113 37 48 1.059948
37 116 121 119 37 49 1.059948
37 122 127 125 37 50 1.054976
37 128 133 131 37 51 1.054779
37 134 139 137 37 52 1.055950
37 140 145 143 37 53 1.054422
37 146 151 149 37 54 1.053958
37 152 157 155 37 55 1.053958
37 158 163 161 37 56 1.053958
37 164 169 167 37 57 1.053958
37 170 175 173 37 58 1.061065
37 176 181 179 37 59 1.053246
37 182 187 185 37 60 1.050781
37 188 193 191 37 61 1.042212
37 194 254 224 37 62 1.012398
37 255 255 255 37 63 0.986385
38 0 0 0 38 0 1.000000   # ieta [39], pt 0
38 1 15 8 38 1 2.397642
38 16 16 16 38 2 2.166380
38 17 17 17 38 3 2.042726
38 18 18 18 38 4 1.998679
38 19 19 19 38 5 1.958886
38 20 20 20 38 6 1.809410
38 21 21 21 38 7 1.788723
38 22 22 22 38 8 1.734996
38 23 23 23 38 9 1.662451
38 24 24 24 38 10 1.617950
38 25 25 25 38 11 1.581490
38 26 26 26 38 12 1.530446
38 27 27 27 38 13 1.468502
38 28 28 28 38 14 1.422358
38 29 29 29 38 15 1.435574
38 30 30 30 38 16 1.431015
38 31 31 31 38 17 1.380035
38 32 33 33 38 18 1.362754
38 34 35 35 38 19 1.330462
38 36 37 37 38 20 1.313806
38 38 39 39 38 21 1.289566
38 40 41 41 38 22 1.242928
38 42 43 43 38 23 1.233637
38 44 45 45 38 24 1.212785
38 46 47 47 38 25 1.211178
38 48 49 49 38 26 1.186478
38 50 51 51 38 27 1.156650
38 52 53 53 38 28 1.156650
38 54 55 55 38 29 1.138154
38 56 57 57 38 30 1.136026
38 58 59 59 38 31 1.136026
38 60 61 61 38 32 1.136848
38 62 64 63 38 33 1.108555
38 65 67 66 38 34 1.081905
38 68 70 69 38 35 1.081905
38 71 73 72 38 36 1.081905
38 74 76 75 38 37 1.076872
38 77 79 78 38 38 1.067632
38 80 82 81 38 39 1.065067
38 83 85 84 38 40 1.065067
38 86 88 87 38 41 1.065067
38 89 91 90 38 42 1.065067
38 92 94 93 38 43 1.065067
38 95 97 96 38 44 1.065067
38 98 100 99 38 45 1.064622
38 101 103 102 38 46 1.062268
38 104 109 107 38 47 1.062268
38 110 115 113 38 48 1.059948
38 116 121 119 38 49 1.059948
38 122 127 125 38 50 1.054976
38 128 133 131 38 51 1.054779
38 134 139 137 38 52 1.055950
38 140 145 143 38 53 1.054422
38 146 151 149 38 54 1.053958
38 152 157 155 38 55 1.053958
38 158 163 161 38 56 1.053958
38 164 169 167 38 57 1.053958
38 170 175 173 38 58 1.061065
38 176 181 179 38 59 1.053246
38 182 187 185 38 60 1.050781
38 188 193 191 38 61 1.042212
38 194 254 224 38 62 1.012398
38 255 255 255 38 63 0.986385
39 0 0 0 39 0 1.000000   # ieta [40], pt 0
39 1 15 8 39 1 2.397642
39 16 16 16 39 2 2.166380
39 17 17 17 39 3 2.042726
39 18 18 18 39 4 1.998679
39 19 19 19 39 5 1.958886
39 20 20 20 39 6 1.809410
39 21 21 21 39 7 1.788723
39 22 22 22 39 8 1.734996
39 23 23 23 39 9 1.662451
39 24 24 24 39 10 1.617950
39 25 25 25 39 11 1.581490
39 26 26 26 39 12 1.530446
39 27 27 27 39 13 1.468502
39 28 28 28 39 14 1.422358
39 29 29 29 39 15 1.435574
39 30 30 30 39 16 1.431015
39 31 31 31 39 17 1.380035
39 32 33 33 39 18 1.362754
39 34 35 35 39 19 1.330462
39 36 37 37 39 20 1.313806
39 38 39 39 39 21 1.289566
39 40 41 41 39 22 1.242928
39 42 43 43 39 23 1.233637
39 44 45 45 39 24 1.212785
39 46 47 47 39 25 1.211178
39 48 49 49 39 26 1.186478
39 50 51 51 39 27 1.156650
39 52 53 53 39 28 1.156650
39 54 55 55 39 29 1.138154
39 56 57 57 39 30 1.136026
39 58 59 59 39 31 1.136026
39 60 61 61 39 32 1.136848
39 62 64 63 39 33 1.108555
39 65 67 66 39 34 1.081905
39 68 70 69 39 35 1.081905
39 71 73 72 39 36 1.081905
39 74 76 75 39 37 1.076872
39 77 79 78 39 38 1.067632
39 80 82 81 39 39 1.065067
39 83 85 84 39 40 1.065067
39 86 88 87 39 41 1.065067
39 89 91 90 39 42 1.065067
39 92 94 93 39 43 1.065067
39 95 97 96 39 44 1.065067
39 98 100 99 39 45 1.064622
39 101 103 102 39 46 1.062268
39 104 109 107 39 47 1.062268
39 110 115 113 39 48 1.059948
39 116 121 119 39 49 1.059948
39 122 127 125 39 50 1.054976
39 128 133 131 39 51 1.054779
39 134 139 137 39 52 1.055950
39 140 145 143 39 53 1.054422
39 146 151 149 39 54 1.053958
39 152 157 155 39 55 1.053958
39 158 163 161 39 56 1.053958
39 164 169 167 39 57 1.053958
39 170 175 173 39 58 1.061065
39 176 181 179 39 59 1.053246
39 182 187 185 39 60 1.050781
39 188 193 191 39 61 1.042212
39 194 254 224 39 62 1.012398
39 255 255 255 39 63 0.986385
