# columns 
# CaloToolMPEtaBin PtMin PtMax avgPt IEtaBin_forLUT_col1 PtBin_forLUT SF
0 0 0 0 0 0 1.000000   # ieta [1], pt 0
0 1 15 8 0 1 2.355748
0 16 16 16 0 2 2.336009
0 17 17 17 0 3 2.338651
0 18 18 18 0 4 2.317933
0 19 19 19 0 5 2.317014
0 20 20 20 0 6 2.306765
0 21 21 21 0 7 2.281145
0 22 22 22 0 8 2.259307
0 23 23 23 0 9 2.253154
0 24 24 24 0 10 2.210702
0 25 25 25 0 11 2.209526
0 26 26 26 0 12 2.179972
0 27 27 27 0 13 2.155087
0 28 28 28 0 14 2.145725
0 29 29 29 0 15 2.140297
0 30 30 30 0 16 2.100337
0 31 31 31 0 17 2.081561
0 32 33 33 0 18 2.034212
0 34 35 35 0 19 1.996326
0 36 37 37 0 20 1.974764
0 38 39 39 0 21 1.950461
0 40 41 41 0 22 1.904985
0 42 43 43 0 23 1.882303
0 44 45 45 0 24 1.873261
0 46 47 47 0 25 1.841395
0 48 49 49 0 26 1.826460
0 50 51 51 0 27 1.795106
0 52 53 53 0 28 1.784166
0 54 55 55 0 29 1.773064
0 56 57 57 0 30 1.758194
0 58 59 59 0 31 1.750961
0 60 61 61 0 32 1.749708
0 62 64 63 0 33 1.725127
0 65 67 66 0 34 1.707582
0 68 70 69 0 35 1.689921
0 71 73 72 0 36 1.673246
0 74 76 75 0 37 1.661903
0 77 79 78 0 38 1.639048
0 80 82 81 0 39 1.625903
0 83 85 84 0 40 1.612881
0 86 88 87 0 41 1.613885
0 89 91 90 0 42 1.603269
0 92 94 93 0 43 1.590173
0 95 97 96 0 44 1.584729
0 98 100 99 0 45 1.575514
0 101 103 102 0 46 1.558640
0 104 109 107 0 47 1.545308
0 110 115 113 0 48 1.530909
0 116 121 119 0 49 1.521445
0 122 127 125 0 50 1.496214
0 128 133 131 0 51 1.492104
0 134 139 137 0 52 1.485438
0 140 145 143 0 53 1.474093
0 146 151 149 0 54 1.471805
0 152 157 155 0 55 1.462694
0 158 163 161 0 56 1.457369
0 164 169 167 0 57 1.456618
0 170 175 173 0 58 1.443411
0 176 181 179 0 59 1.433202
0 182 187 185 0 60 1.429129
0 188 193 191 0 61 1.423653
0 194 254 224 0 62 1.392158
0 255 255 255 0 63 1.371804
1 0 0 0 1 0 1.000000   # ieta [2], pt 0
1 1 15 8 1 1 2.505481
1 16 16 16 1 2 2.497612
1 17 17 17 1 3 2.442402
1 18 18 18 1 4 2.423544
1 19 19 19 1 5 2.405908
1 20 20 20 1 6 2.375925
1 21 21 21 1 7 2.341494
1 22 22 22 1 8 2.320353
1 23 23 23 1 9 2.311562
1 24 24 24 1 10 2.275080
1 25 25 25 1 11 2.252473
1 26 26 26 1 12 2.220085
1 27 27 27 1 13 2.196165
1 28 28 28 1 14 2.183009
1 29 29 29 1 15 2.164472
1 30 30 30 1 16 2.131082
1 31 31 31 1 17 2.112032
1 32 33 33 1 18 2.069287
1 34 35 35 1 19 2.033833
1 36 37 37 1 20 2.005257
1 38 39 39 1 21 1.991998
1 40 41 41 1 22 1.945347
1 42 43 43 1 23 1.922036
1 44 45 45 1 24 1.913408
1 46 47 47 1 25 1.874663
1 48 49 49 1 26 1.860534
1 50 51 51 1 27 1.828595
1 52 53 53 1 28 1.813435
1 54 55 55 1 29 1.797052
1 56 57 57 1 30 1.779207
1 58 59 59 1 31 1.770157
1 60 61 61 1 32 1.768891
1 62 64 63 1 33 1.744040
1 65 67 66 1 34 1.722511
1 68 70 69 1 35 1.704138
1 71 73 72 1 36 1.684870
1 74 76 75 1 37 1.674617
1 77 79 78 1 38 1.653916
1 80 82 81 1 39 1.641950
1 83 85 84 1 40 1.629443
1 86 88 87 1 41 1.629617
1 89 91 90 1 42 1.618898
1 92 94 93 1 43 1.604706
1 95 97 96 1 44 1.599211
1 98 100 99 1 45 1.589912
1 101 103 102 1 46 1.572884
1 104 109 107 1 47 1.560485
1 110 115 113 1 48 1.543298
1 116 121 119 1 49 1.530685
1 122 127 125 1 50 1.502282
1 128 133 131 1 51 1.497913
1 134 139 137 1 52 1.490012
1 140 145 143 1 53 1.478631
1 146 151 149 1 54 1.476337
1 152 157 155 1 55 1.467198
1 158 163 161 1 56 1.461856
1 164 169 167 1 57 1.461102
1 170 175 173 1 58 1.447855
1 176 181 179 1 59 1.437615
1 182 187 185 1 60 1.433529
1 188 193 191 1 61 1.428037
1 194 254 224 1 62 1.398002
1 255 255 255 1 63 1.378990
2 0 0 0 2 0 1.000000   # ieta [3], pt 0
2 1 15 8 2 1 2.484123
2 16 16 16 2 2 2.465934
2 17 17 17 2 3 2.426873
2 18 18 18 2 4 2.408135
2 19 19 19 2 5 2.395035
2 20 20 20 2 6 2.365188
2 21 21 21 2 7 2.333587
2 22 22 22 2 8 2.312517
2 23 23 23 2 9 2.303756
2 24 24 24 2 10 2.267397
2 25 25 25 2 11 2.244867
2 26 26 26 2 12 2.212588
2 27 27 27 2 13 2.188748
2 28 28 28 2 14 2.175637
2 29 29 29 2 15 2.157163
2 30 30 30 2 16 2.125723
2 31 31 31 2 17 2.106721
2 32 33 33 2 18 2.064083
2 34 35 35 2 19 2.028718
2 36 37 37 2 20 2.000214
2 38 39 39 2 21 1.988024
2 40 41 41 2 22 1.942490
2 42 43 43 2 23 1.919214
2 44 45 45 2 24 1.910597
2 46 47 47 2 25 1.871910
2 48 49 49 2 26 1.857802
2 50 51 51 2 27 1.826539
2 52 53 53 2 28 1.811396
2 54 55 55 2 29 1.795032
2 56 57 57 2 30 1.777734
2 58 59 59 2 31 1.769222
2 60 61 61 2 32 1.767956
2 62 64 63 2 33 1.743118
2 65 67 66 2 34 1.721601
2 68 70 69 2 35 1.703238
2 71 73 72 2 36 1.683979
2 74 76 75 2 37 1.673732
2 77 79 78 2 38 1.653042
2 80 82 81 2 39 1.641082
2 83 85 84 2 40 1.628582
2 86 88 87 2 41 1.628756
2 89 91 90 2 42 1.618042
2 92 94 93 2 43 1.603857
2 95 97 96 2 44 1.598366
2 98 100 99 2 45 1.589072
2 101 103 102 2 46 1.572053
2 104 109 107 2 47 1.559351
2 110 115 113 2 48 1.541563
2 116 121 119 2 49 1.528964
2 122 127 125 2 50 1.500592
2 128 133 131 2 51 1.496228
2 134 139 137 2 52 1.488336
2 140 145 143 2 53 1.476968
2 146 151 149 2 54 1.474677
2 152 157 155 2 55 1.465548
2 158 163 161 2 56 1.460212
2 164 169 167 2 57 1.459460
2 170 175 173 2 58 1.446227
2 176 181 179 2 59 1.435998
2 182 187 185 2 60 1.431918
2 188 193 191 2 61 1.426431
2 194 254 224 2 62 1.396430
2 255 255 255 2 63 1.377440
3 0 0 0 3 0 1.000000   # ieta [4], pt 0
3 1 15 8 3 1 2.484861
3 16 16 16 3 2 2.466667
3 17 17 17 3 3 2.427594
3 18 18 18 3 4 2.408850
3 19 19 19 3 5 2.395746
3 20 20 20 3 6 2.365890
3 21 21 21 3 7 2.334280
3 22 22 22 3 8 2.313838
3 23 23 23 3 9 2.305072
3 24 24 24 3 10 2.268692
3 25 25 25 3 11 2.246149
3 26 26 26 3 12 2.213851
3 27 27 27 3 13 2.189998
3 28 28 28 3 14 2.176880
3 29 29 29 3 15 2.158099
3 30 30 30 3 16 2.126645
3 31 31 31 3 17 2.107634
3 32 33 33 3 18 2.066419
3 34 35 35 3 19 2.031633
3 36 37 37 3 20 2.003703
3 38 39 39 3 21 1.991492
3 40 41 41 3 22 1.945878
3 42 43 43 3 23 1.925037
3 44 45 45 3 24 1.916395
3 46 47 47 3 25 1.877590
3 48 49 49 3 26 1.863439
3 50 51 51 3 27 1.832081
3 52 53 53 3 28 1.816893
3 54 55 55 3 29 1.800478
3 56 57 57 3 30 1.783128
3 58 59 59 3 31 1.774590
3 60 61 61 3 32 1.773678
3 62 64 63 3 33 1.748265
3 65 67 66 3 34 1.726262
3 68 70 69 3 35 1.707850
3 71 73 72 3 36 1.688539
3 74 76 75 3 37 1.678809
3 77 79 78 3 38 1.659142
3 80 82 81 3 39 1.647138
3 83 85 84 3 40 1.634592
3 86 88 87 3 41 1.634766
3 89 91 90 3 42 1.623352
3 92 94 93 3 43 1.608792
3 95 97 96 3 44 1.603283
3 98 100 99 3 45 1.593960
3 101 103 102 3 46 1.576889
3 104 109 107 3 47 1.564149
3 110 115 113 3 48 1.546306
3 116 121 119 3 49 1.532418
3 122 127 125 3 50 1.503736
3 128 133 131 3 51 1.499363
3 134 139 137 3 52 1.491454
3 140 145 143 3 53 1.480062
3 146 151 149 3 54 1.477766
3 152 157 155 3 55 1.468618
3 158 163 161 3 56 1.463271
3 164 169 167 3 57 1.462517
3 170 175 173 3 58 1.449257
3 176 181 179 3 59 1.439006
3 182 187 185 3 60 1.434917
3 188 193 191 3 61 1.429419
3 194 254 224 3 62 1.399355
3 255 255 255 3 63 1.380325
4 0 0 0 4 0 1.000000   # ieta [5], pt 0
4 1 15 8 4 1 2.601031
4 16 16 16 4 2 2.577020
4 17 17 17 4 3 2.544046
4 18 18 18 4 4 2.516944
4 19 19 19 4 5 2.484271
4 20 20 20 4 6 2.459916
4 21 21 21 4 7 2.392094
4 22 22 22 4 8 2.376156
4 23 23 23 4 9 2.367501
4 24 24 24 4 10 2.331506
4 25 25 25 4 11 2.299433
4 26 26 26 4 12 2.266370
4 27 27 27 4 13 2.244169
4 28 28 28 4 14 2.228901
4 29 29 29 4 15 2.206653
4 30 30 30 4 16 2.170718
4 31 31 31 4 17 2.146565
4 32 33 33 4 18 2.103451
4 34 35 35 4 19 2.065861
4 36 37 37 4 20 2.041430
4 38 39 39 4 21 2.025799
4 40 41 41 4 22 1.973492
4 42 43 43 4 23 1.953750
4 44 45 45 4 24 1.945281
4 46 47 47 4 25 1.907242
4 48 49 49 4 26 1.890322
4 50 51 51 4 27 1.859021
4 52 53 53 4 28 1.843609
4 54 55 55 4 29 1.827747
4 56 57 57 4 30 1.809637
4 58 59 59 4 31 1.799682
4 60 61 61 4 32 1.797490
4 62 64 63 4 33 1.767932
4 65 67 66 4 34 1.745682
4 68 70 69 4 35 1.727063
4 71 73 72 4 36 1.704918
4 74 76 75 4 37 1.693555
4 77 79 78 4 38 1.670716
4 80 82 81 4 39 1.656914
4 83 85 84 4 40 1.652280
4 86 88 87 4 41 1.646609
4 89 91 90 4 42 1.636732
4 92 94 93 4 43 1.621446
4 95 97 96 4 44 1.615894
4 98 100 99 4 45 1.609315
4 101 103 102 4 46 1.592080
4 104 109 107 4 47 1.579094
4 110 115 113 4 48 1.559297
4 116 121 119 4 49 1.543789
4 122 127 125 4 50 1.516146
4 128 133 131 4 51 1.512262
4 134 139 137 4 52 1.504285
4 140 145 143 4 53 1.492796
4 146 151 149 4 54 1.490479
4 152 157 155 4 55 1.481253
4 158 163 161 4 56 1.475860
4 164 169 167 4 57 1.475099
4 170 175 173 4 58 1.461725
4 176 181 179 4 59 1.451386
4 182 187 185 4 60 1.447262
4 188 193 191 4 61 1.441717
4 194 254 224 4 62 1.410462
4 255 255 255 4 63 1.391139
5 0 0 0 5 0 1.000000   # ieta [6], pt 0
5 1 15 8 5 1 2.613776
5 16 16 16 5 2 2.587928
5 17 17 17 5 3 2.575898
5 18 18 18 5 4 2.527598
5 19 19 19 5 5 2.494787
5 20 20 20 5 6 2.470329
5 21 21 21 5 7 2.398224
5 22 22 22 5 8 2.382246
5 23 23 23 5 9 2.373569
5 24 24 24 5 10 2.337481
5 25 25 25 5 11 2.305326
5 26 26 26 5 12 2.272178
5 27 27 27 5 13 2.249921
5 28 28 28 5 14 2.234613
5 29 29 29 5 15 2.217811
5 30 30 30 5 16 2.181694
5 31 31 31 5 17 2.157419
5 32 33 33 5 18 2.112613
5 34 35 35 5 19 2.074860
5 36 37 37 5 20 2.048212
5 38 39 39 5 21 2.032642
5 40 41 41 5 22 1.981619
5 42 43 43 5 23 1.961796
5 44 45 45 5 24 1.953293
5 46 47 47 5 25 1.915097
5 48 49 49 5 26 1.898107
5 50 51 51 5 27 1.866677
5 52 53 53 5 28 1.850613
5 54 55 55 5 29 1.834098
5 56 57 57 5 30 1.815925
5 58 59 59 5 31 1.805935
5 60 61 61 5 32 1.803735
5 62 64 63 5 33 1.772495
5 65 67 66 5 34 1.749403
5 68 70 69 5 35 1.730744
5 71 73 72 5 36 1.708552
5 74 76 75 5 37 1.697165
5 77 79 78 5 38 1.674278
5 80 82 81 5 39 1.660446
5 83 85 84 5 40 1.655803
5 86 88 87 5 41 1.650120
5 89 91 90 5 42 1.639695
5 92 94 93 5 43 1.624120
5 95 97 96 5 44 1.618559
5 98 100 99 5 45 1.611969
5 101 103 102 5 46 1.594705
5 104 109 107 5 47 1.581698
5 110 115 113 5 48 1.561869
5 116 121 119 5 49 1.546335
5 122 127 125 5 50 1.518647
5 128 133 131 5 51 1.514756
5 134 139 137 5 52 1.506766
5 140 145 143 5 53 1.495257
5 146 151 149 5 54 1.492937
5 152 157 155 5 55 1.484731
5 158 163 161 5 56 1.478294
5 164 169 167 5 57 1.477532
5 170 175 173 5 58 1.464136
5 176 181 179 5 59 1.453780
5 182 187 185 5 60 1.449649
5 188 193 191 5 61 1.444094
5 194 254 224 5 62 1.412788
5 255 255 255 5 63 1.393433
6 0 0 0 6 0 1.000000   # ieta [7], pt 0
6 1 15 8 6 1 2.557547
6 16 16 16 6 2 2.527774
6 17 17 17 6 3 2.484121
6 18 18 18 6 4 2.459167
6 19 19 19 6 5 2.438884
6 20 20 20 6 6 2.414974
6 21 21 21 6 7 2.363929
6 22 22 22 6 8 2.348180
6 23 23 23 6 9 2.342462
6 24 24 24 6 10 2.301498
6 25 25 25 6 11 2.255365
6 26 26 26 6 12 2.222935
6 27 27 27 6 13 2.199012
6 28 28 28 6 14 2.184051
6 29 29 29 6 15 2.167135
6 30 30 30 6 16 2.130310
6 31 31 31 6 17 2.106606
6 32 33 33 6 18 2.062664
6 34 35 35 6 19 2.029365
6 36 37 37 6 20 2.013938
6 38 39 39 6 21 1.997389
6 40 41 41 6 22 1.947950
6 42 43 43 6 23 1.922794
6 44 45 45 6 24 1.913169
6 46 47 47 6 25 1.874183
6 48 49 49 6 26 1.854654
6 50 51 51 6 27 1.819842
6 52 53 53 6 28 1.804766
6 54 55 55 6 29 1.789250
6 56 57 57 6 30 1.773174
6 58 59 59 6 31 1.765082
6 60 61 61 6 32 1.765600
6 62 64 63 6 33 1.743145
6 65 67 66 6 34 1.722049
6 68 70 69 6 35 1.704585
6 71 73 72 6 36 1.688671
6 74 76 75 6 37 1.679482
6 77 79 78 6 38 1.660952
6 80 82 81 6 39 1.649066
6 83 85 84 6 40 1.644454
6 86 88 87 6 41 1.638810
6 89 91 90 6 42 1.629118
6 92 94 93 6 43 1.613973
6 95 97 96 6 44 1.608446
6 98 100 99 6 45 1.601897
6 101 103 102 6 46 1.584741
6 104 109 107 6 47 1.571816
6 110 115 113 6 48 1.552110
6 116 121 119 6 49 1.536382
6 122 127 125 6 50 1.508292
6 128 133 131 6 51 1.504474
6 134 139 137 6 52 1.496770
6 140 145 143 6 53 1.485337
6 146 151 149 6 54 1.483032
6 152 157 155 6 55 1.474881
6 158 163 161 6 56 1.468486
6 164 169 167 6 57 1.467729
6 170 175 173 6 58 1.454422
6 176 181 179 6 59 1.444135
6 182 187 185 6 60 1.440031
6 188 193 191 6 61 1.434514
6 194 254 224 6 62 1.403415
6 255 255 255 6 63 1.384189
7 0 0 0 7 0 1.000000   # ieta [8], pt 0
7 1 15 8 7 1 2.432344
7 16 16 16 7 2 2.418908
7 17 17 17 7 3 2.395674
7 18 18 18 7 4 2.378787
7 19 19 19 7 5 2.382374
7 20 20 20 7 6 2.351954
7 21 21 21 7 7 2.301635
7 22 22 22 7 8 2.276129
7 23 23 23 7 9 2.270587
7 24 24 24 7 10 2.233677
7 25 25 25 7 11 2.197189
7 26 26 26 7 12 2.160382
7 27 27 27 7 13 2.141846
7 28 28 28 7 14 2.135548
7 29 29 29 7 15 2.125937
7 30 30 30 7 16 2.096673
7 31 31 31 7 17 2.080943
7 32 33 33 7 18 2.030091
7 34 35 35 7 19 1.985083
7 36 37 37 7 20 1.966737
7 38 39 39 7 21 1.945232
7 40 41 41 7 22 1.905227
7 42 43 43 7 23 1.886406
7 44 45 45 7 24 1.877485
7 46 47 47 7 25 1.845685
7 48 49 49 7 26 1.836230
7 50 51 51 7 27 1.807817
7 52 53 53 7 28 1.788092
7 54 55 55 7 29 1.766780
7 56 57 57 7 30 1.747108
7 58 59 59 7 31 1.736465
7 60 61 61 7 32 1.734701
7 62 64 63 7 33 1.710693
7 65 67 66 7 34 1.683321
7 68 70 69 7 35 1.661054
7 71 73 72 7 36 1.647234
7 74 76 75 7 37 1.639086
7 77 79 78 7 38 1.619542
7 80 82 81 7 39 1.610631
7 83 85 84 7 40 1.596566
7 86 88 87 7 41 1.590335
7 89 91 90 7 42 1.579399
7 92 94 93 7 43 1.568532
7 95 97 96 7 44 1.563161
7 98 100 99 7 45 1.558308
7 101 103 102 7 46 1.547984
7 104 109 107 7 47 1.532188
7 110 115 113 7 48 1.521492
7 116 121 119 7 49 1.513723
7 122 127 125 7 50 1.488877
7 128 133 131 7 51 1.485290
7 134 139 137 7 52 1.477705
7 140 145 143 7 53 1.466418
7 146 151 149 7 54 1.463010
7 152 157 155 7 55 1.447704
7 158 163 161 7 56 1.434798
7 164 169 167 7 57 1.432996
7 170 175 173 7 58 1.420004
7 176 181 179 7 59 1.410409
7 182 187 185 7 60 1.405011
7 188 193 191 7 61 1.395567
7 194 254 224 7 62 1.373039
7 255 255 255 7 63 1.359932
8 0 0 0 8 0 1.000000   # ieta [9], pt 0
8 1 15 8 8 1 2.433000
8 16 16 16 8 2 2.419559
8 17 17 17 8 3 2.396319
8 18 18 18 8 4 2.378473
8 19 19 19 8 5 2.382059
8 20 20 20 8 6 2.342680
8 21 21 21 8 7 2.289083
8 22 22 22 8 8 2.256033
8 23 23 23 8 9 2.250540
8 24 24 24 8 10 2.207286
8 25 25 25 8 11 2.178223
8 26 26 26 8 12 2.141733
8 27 27 27 8 13 2.111329
8 28 28 28 8 14 2.109111
8 29 29 29 8 15 2.102807
8 30 30 30 8 16 2.061478
8 31 31 31 8 17 2.041073
8 32 33 33 8 18 1.992893
8 34 35 35 8 19 1.950759
8 36 37 37 8 20 1.939477
8 38 39 39 8 21 1.914382
8 40 41 41 8 22 1.891577
8 42 43 43 8 23 1.871187
8 44 45 45 8 24 1.859848
8 46 47 47 8 25 1.820060
8 48 49 49 8 26 1.809206
8 50 51 51 8 27 1.781042
8 52 53 53 8 28 1.765614
8 54 55 55 8 29 1.740599
8 56 57 57 8 30 1.720319
8 58 59 59 8 31 1.708935
8 60 61 61 8 32 1.706592
8 62 64 63 8 33 1.687770
8 65 67 66 8 34 1.671758
8 68 70 69 8 35 1.652320
8 71 73 72 8 36 1.638573
8 74 76 75 8 37 1.628526
8 77 79 78 8 38 1.609020
8 80 82 81 8 39 1.602065
8 83 85 84 8 40 1.588075
8 86 88 87 8 41 1.581877
8 89 91 90 8 42 1.570999
8 92 94 93 8 43 1.560190
8 95 97 96 8 44 1.550437
8 98 100 99 8 45 1.544447
8 101 103 102 8 46 1.532630
8 104 109 107 8 47 1.516927
8 110 115 113 8 48 1.502929
8 116 121 119 8 49 1.494505
8 122 127 125 8 50 1.469974
8 128 133 131 8 51 1.466433
8 134 139 137 8 52 1.462011
8 140 145 143 8 53 1.459327
8 146 151 149 8 54 1.457372
8 152 157 155 8 55 1.443816
8 158 163 161 8 56 1.432647
8 164 169 167 8 57 1.430848
8 170 175 173 8 58 1.419646
8 176 181 179 8 59 1.410409
8 182 187 185 8 60 1.405011
8 188 193 191 8 61 1.395567
8 194 254 224 8 62 1.373039
8 255 255 255 8 63 1.359932
9 0 0 0 9 0 1.000000   # ieta [10], pt 0
9 1 15 8 9 1 2.363830
9 16 16 16 9 2 2.356009
9 17 17 17 9 3 2.321586
9 18 18 18 9 4 2.287545
9 19 19 19 9 5 2.282440
9 20 20 20 9 6 2.256803
9 21 21 21 9 7 2.211878
9 22 22 22 9 8 2.189827
9 23 23 23 9 9 2.178677
9 24 24 24 9 10 2.147335
9 25 25 25 9 11 2.122851
9 26 26 26 9 12 2.107431
9 27 27 27 9 13 2.076874
9 28 28 28 9 14 2.074692
9 29 29 29 9 15 2.066172
9 30 30 30 9 16 2.033713
9 31 31 31 9 17 2.015160
9 32 33 33 9 18 1.966278
9 34 35 35 9 19 1.927504
9 36 37 37 9 20 1.914358
9 38 39 39 9 21 1.878184
9 40 41 41 9 22 1.850229
9 42 43 43 9 23 1.833787
9 44 45 45 9 24 1.826198
9 46 47 47 9 25 1.800075
9 48 49 49 9 26 1.776974
9 50 51 51 9 27 1.754779
9 52 53 53 9 28 1.741172
9 54 55 55 9 29 1.718102
9 56 57 57 9 30 1.708015
9 58 59 59 9 31 1.699564
9 60 61 61 9 32 1.697235
9 62 64 63 9 33 1.678516
9 65 67 66 9 34 1.664442
9 68 70 69 9 35 1.643490
9 71 73 72 9 36 1.629691
9 74 76 75 9 37 1.619699
9 77 79 78 9 38 1.599621
9 80 82 81 9 39 1.589585
9 83 85 84 9 40 1.575696
9 86 88 87 9 41 1.571285
9 89 91 90 9 42 1.560480
9 92 94 93 9 43 1.550383
9 95 97 96 9 44 1.540691
9 98 100 99 9 45 1.534740
9 101 103 102 9 46 1.522996
9 104 109 107 9 47 1.507392
9 110 115 113 9 48 1.493161
9 116 121 119 9 49 1.485728
9 122 127 125 9 50 1.466830
9 128 133 131 9 51 1.463296
9 134 139 137 9 52 1.456466
9 140 145 143 9 53 1.449864
9 146 151 149 9 54 1.446410
9 152 157 155 9 55 1.434480
9 158 163 161 9 56 1.424919
9 164 169 167 9 57 1.423129
9 170 175 173 9 58 1.414793
9 176 181 179 9 59 1.406150
9 182 187 185 9 60 1.400768
9 188 193 191 9 61 1.391352
9 194 254 224 9 62 1.362877
9 255 255 255 9 63 1.350828
10 0 0 0 10 0 1.000000   # ieta [11], pt 0
10 1 15 8 10 1 2.299000
10 16 16 16 10 2 2.282512
10 17 17 17 10 3 2.259842
10 18 18 18 10 4 2.256302
10 19 19 19 10 5 2.248794
10 20 20 20 10 6 2.231669
10 21 21 21 10 7 2.203878
10 22 22 22 10 8 2.181906
10 23 23 23 10 9 2.163994
10 24 24 24 10 10 2.135371
10 25 25 25 10 11 2.111024
10 26 26 26 10 12 2.098807
10 27 27 27 10 13 2.063862
10 28 28 28 10 14 2.061694
10 29 29 29 10 15 2.058712
10 30 30 30 10 16 2.026371
10 31 31 31 10 17 2.010091
10 32 33 33 10 18 1.963771
10 34 35 35 10 19 1.926551
10 36 37 37 10 20 1.912455
10 38 39 39 10 21 1.876316
10 40 41 41 10 22 1.848390
10 42 43 43 10 23 1.831964
10 44 45 45 10 24 1.824383
10 46 47 47 10 25 1.798285
10 48 49 49 10 26 1.772220
10 50 51 51 10 27 1.750955
10 52 53 53 10 28 1.735785
10 54 55 55 10 29 1.711190
10 56 57 57 10 30 1.689195
10 58 59 59 10 31 1.678384
10 60 61 61 10 32 1.674615
10 62 64 63 10 33 1.657189
10 65 67 66 10 34 1.643071
10 68 70 69 10 35 1.623751
10 71 73 72 10 36 1.599735
10 74 76 75 10 37 1.591364
10 77 79 78 10 38 1.575579
10 80 82 81 10 39 1.565287
10 83 85 84 10 40 1.551612
10 86 88 87 10 41 1.547269
10 89 91 90 10 42 1.537854
10 92 94 93 10 43 1.526930
10 95 97 96 10 44 1.522341
10 98 100 99 10 45 1.518807
10 101 103 102 10 46 1.507185
10 104 109 107 10 47 1.495991
10 110 115 113 10 48 1.483377
10 116 121 119 10 49 1.475358
10 122 127 125 10 50 1.452171
10 128 133 131 10 51 1.448428
10 134 139 137 10 52 1.441363
10 140 145 143 10 53 1.429519
10 146 151 149 10 54 1.426114
10 152 157 155 10 55 1.414351
10 158 163 161 10 56 1.402825
10 164 169 167 10 57 1.398963
10 170 175 173 10 58 1.397357
10 176 181 179 10 59 1.390282
10 182 187 185 10 60 1.384094
10 188 193 191 10 61 1.376311
10 194 254 224 10 62 1.349570
10 255 255 255 10 63 1.338339
11 0 0 0 11 0 1.000000   # ieta [12], pt 0
11 1 15 8 11 1 2.292728
11 16 16 16 11 2 2.275022
11 17 17 17 11 3 2.245769
11 18 18 18 11 4 2.235287
11 19 19 19 11 5 2.227849
11 20 20 20 11 6 2.216185
11 21 21 21 11 7 2.184384
11 22 22 22 11 8 2.162607
11 23 23 23 11 9 2.144853
11 24 24 24 11 10 2.116483
11 25 25 25 11 11 2.091975
11 26 26 26 11 12 2.081871
11 27 27 27 11 13 2.047209
11 28 28 28 11 14 2.038450
11 29 29 29 11 15 2.026494
11 30 30 30 11 16 1.996441
11 31 31 31 11 17 1.980402
11 32 33 33 11 18 1.944404
11 34 35 35 11 19 1.917253
11 36 37 37 11 20 1.893109
11 38 39 39 11 21 1.860283
11 40 41 41 11 22 1.825253
11 42 43 43 11 23 1.813595
11 44 45 45 11 24 1.806022
11 46 47 47 11 25 1.775659
11 48 49 49 11 26 1.748046
11 50 51 51 11 27 1.724285
11 52 53 53 11 28 1.714173
11 54 55 55 11 29 1.694727
11 56 57 57 11 30 1.674033
11 58 59 59 11 31 1.664415
11 60 61 61 11 32 1.660805
11 62 64 63 11 33 1.646649
11 65 67 66 11 34 1.632960
11 68 70 69 11 35 1.614436
11 71 73 72 11 36 1.584747
11 74 76 75 11 37 1.577199
11 77 79 78 11 38 1.562543
11 80 82 81 11 39 1.554214
11 83 85 84 11 40 1.540636
11 86 88 87 11 41 1.536323
11 89 91 90 11 42 1.526975
11 92 94 93 11 43 1.516129
11 95 97 96 11 44 1.511572
11 98 100 99 11 45 1.506376
11 101 103 102 11 46 1.493530
11 104 109 107 11 47 1.487582
11 110 115 113 11 48 1.475981
11 116 121 119 11 49 1.469345
11 122 127 125 11 50 1.449762
11 128 133 131 11 51 1.446025
11 134 139 137 11 52 1.438605
11 140 145 143 11 53 1.422275
11 146 151 149 11 54 1.419512
11 152 157 155 11 55 1.409524
11 158 163 161 11 56 1.398514
11 164 169 167 11 57 1.394663
11 170 175 173 11 58 1.388743
11 176 181 179 11 59 1.378050
11 182 187 185 11 60 1.371464
11 188 193 191 11 61 1.363752
11 194 254 224 11 62 1.341200
11 255 255 255 11 63 1.333564
12 0 0 0 12 0 1.000000   # ieta [13], pt 0
12 1 15 8 12 1 2.205685
12 16 16 16 12 2 2.185218
12 17 17 17 12 3 2.172085
12 18 18 18 12 4 2.164160
12 19 19 19 12 5 2.162795
12 20 20 20 12 6 2.158029
12 21 21 21 12 7 2.129050
12 22 22 22 12 8 2.104318
12 23 23 23 12 9 2.098483
12 24 24 24 12 10 2.054217
12 25 25 25 12 11 2.039954
12 26 26 26 12 12 2.034717
12 27 27 27 12 13 2.009029
12 28 28 28 12 14 2.000434
12 29 29 29 12 15 1.992689
12 30 30 30 12 16 1.961776
12 31 31 31 12 17 1.944174
12 32 33 33 12 18 1.905601
12 34 35 35 12 19 1.880387
12 36 37 37 12 20 1.856408
12 38 39 39 12 21 1.823330
12 40 41 41 12 22 1.789152
12 42 43 43 12 23 1.780167
12 44 45 45 12 24 1.774027
12 46 47 47 12 25 1.747960
12 48 49 49 12 26 1.717650
12 50 51 51 12 27 1.694302
12 52 53 53 12 28 1.684650
12 54 55 55 12 29 1.666587
12 56 57 57 12 30 1.647498
12 58 59 59 12 31 1.638541
12 60 61 61 12 32 1.634987
12 62 64 63 12 33 1.621893
12 65 67 66 12 34 1.607640
12 68 70 69 12 35 1.587869
12 71 73 72 12 36 1.559368
12 74 76 75 12 37 1.553270
12 77 79 78 12 38 1.541503
12 80 82 81 12 39 1.533286
12 83 85 84 12 40 1.519891
12 86 88 87 12 41 1.516689
12 89 91 90 12 42 1.507460
12 92 94 93 12 43 1.495272
12 95 97 96 12 44 1.490778
12 98 100 99 12 45 1.485653
12 101 103 102 12 46 1.472984
12 104 109 107 12 47 1.467881
12 110 115 113 12 48 1.456533
12 116 121 119 12 49 1.451149
12 122 127 125 12 50 1.431918
12 128 133 131 12 51 1.428226
12 134 139 137 12 52 1.420898
12 140 145 143 12 53 1.404769
12 146 151 149 12 54 1.402040
12 152 157 155 12 55 1.392496
12 158 163 161 12 56 1.381942
12 164 169 167 12 57 1.378137
12 170 175 173 12 58 1.374065
12 176 181 179 12 59 1.364372
12 182 187 185 12 60 1.357851
12 188 193 191 12 61 1.350215
12 194 254 224 12 62 1.325394
12 255 255 255 12 63 1.315341
13 0 0 0 13 0 1.000000   # ieta [14], pt 0
13 1 15 8 13 1 2.201401
13 16 16 16 13 2 2.175797
13 17 17 17 13 3 2.167460
13 18 18 18 13 4 2.159552
13 19 19 19 13 5 2.157631
13 20 20 20 13 6 2.152877
13 21 21 21 13 7 2.126025
13 22 22 22 13 8 2.102554
13 23 23 23 13 9 2.096724
13 24 24 24 13 10 2.051051
13 25 25 25 13 11 2.036810
13 26 26 26 13 12 2.031581
13 27 27 27 13 13 2.005933
13 28 28 28 13 14 1.997351
13 29 29 29 13 15 1.983077
13 30 30 30 13 16 1.952312
13 31 31 31 13 17 1.934795
13 32 33 33 13 18 1.901944
13 34 35 35 13 19 1.876779
13 36 37 37 13 20 1.852017
13 38 39 39 13 21 1.818597
13 40 41 41 13 22 1.784088
13 42 43 43 13 23 1.774120
13 44 45 45 13 24 1.767610
13 46 47 47 13 25 1.742249
13 48 49 49 13 26 1.712038
13 50 51 51 13 27 1.688766
13 52 53 53 13 28 1.679339
13 54 55 55 13 29 1.661526
13 56 57 57 13 30 1.642495
13 58 59 59 13 31 1.633565
13 60 61 61 13 32 1.629409
13 62 64 63 13 33 1.615749
13 65 67 66 13 34 1.601549
13 68 70 69 13 35 1.581853
13 71 73 72 13 36 1.553460
13 74 76 75 13 37 1.547385
13 77 79 78 13 38 1.535664
13 80 82 81 13 39 1.527478
13 83 85 84 13 40 1.514133
13 86 88 87 13 41 1.510943
13 89 91 90 13 42 1.501750
13 92 94 93 13 43 1.489607
13 95 97 96 13 44 1.485130
13 98 100 99 13 45 1.480025
13 101 103 102 13 46 1.467404
13 104 109 107 13 47 1.462320
13 110 115 113 13 48 1.451015
13 116 121 119 13 49 1.445651
13 122 127 125 13 50 1.426493
13 128 133 131 13 51 1.422816
13 134 139 137 13 52 1.415515
13 140 145 143 13 53 1.399448
13 146 151 149 13 54 1.396728
13 152 157 155 13 55 1.387221
13 158 163 161 13 56 1.376707
13 164 169 167 13 57 1.372916
13 170 175 173 13 58 1.368860
13 176 181 179 13 59 1.359203
13 182 187 185 13 60 1.352707
13 188 193 191 13 61 1.345100
13 194 254 224 13 62 1.320373
13 255 255 255 13 63 1.310358
14 0 0 0 14 0 1.000000   # ieta [15], pt 0
14 1 15 8 14 1 2.170363
14 16 16 16 14 2 2.148437
14 17 17 17 14 3 2.140205
14 18 18 18 14 4 2.132396
14 19 19 19 14 5 2.136446
14 20 20 20 14 6 2.126545
14 21 21 21 14 7 2.108714
14 22 22 22 14 8 2.087441
14 23 23 23 14 9 2.083104
14 24 24 24 14 10 2.033778
14 25 25 25 14 11 2.024408
14 26 26 26 14 12 2.019211
14 27 27 27 14 13 1.993718
14 28 28 28 14 14 1.985189
14 29 29 29 14 15 1.972053
14 30 30 30 14 16 1.944924
14 31 31 31 14 17 1.927473
14 32 33 33 14 18 1.899071
14 34 35 35 14 19 1.878306
14 36 37 37 14 20 1.844129
14 38 39 39 14 21 1.812479
14 40 41 41 14 22 1.778696
14 42 43 43 14 23 1.768758
14 44 45 45 14 24 1.762267
14 46 47 47 14 25 1.740357
14 48 49 49 14 26 1.710179
14 50 51 51 14 27 1.686932
14 52 53 53 14 28 1.678177
14 54 55 55 14 29 1.661038
14 56 57 57 14 30 1.642013
14 58 59 59 14 31 1.633085
14 60 61 61 14 32 1.628931
14 62 64 63 14 33 1.615275
14 65 67 66 14 34 1.601080
14 68 70 69 14 35 1.581389
14 71 73 72 14 36 1.553004
14 74 76 75 14 37 1.546931
14 77 79 78 14 38 1.535213
14 80 82 81 14 39 1.527029
14 83 85 84 14 40 1.513689
14 86 88 87 14 41 1.510500
14 89 91 90 14 42 1.501452
14 92 94 93 14 43 1.489384
14 95 97 96 14 44 1.484907
14 98 100 99 14 45 1.479803
14 101 103 102 14 46 1.467184
14 104 109 107 14 47 1.462100
14 110 115 113 14 48 1.450797
14 116 121 119 14 49 1.445435
14 122 127 125 14 50 1.426279
14 128 133 131 14 51 1.422602
14 134 139 137 14 52 1.415303
14 140 145 143 14 53 1.399237
14 146 151 149 14 54 1.396519
14 152 157 155 14 55 1.387012
14 158 163 161 14 56 1.376500
14 164 169 167 14 57 1.372710
14 170 175 173 14 58 1.368654
14 176 181 179 14 59 1.358999
14 182 187 185 14 60 1.352504
14 188 193 191 14 61 1.344898
14 194 254 224 14 62 1.320175
14 255 255 255 14 63 1.310161
15 0 0 0 15 0 1.000000   # ieta [16], pt 0
15 1 15 8 15 1 2.158524
15 16 16 16 15 2 2.137257
15 17 17 17 15 3 2.131614
15 18 18 18 15 4 2.127721
15 19 19 19 15 5 2.131762
15 20 20 20 15 6 2.121883
15 21 21 21 15 7 2.107015
15 22 22 22 15 8 2.091743
15 23 23 23 15 9 2.090931
15 24 24 24 15 10 2.060371
15 25 25 25 15 11 2.055701
15 26 26 26 15 12 2.050424
15 27 27 27 15 13 2.024537
15 28 28 28 15 14 2.019448
15 29 29 29 15 15 2.006085
15 30 30 30 15 16 1.979671
15 31 31 31 15 17 1.961908
15 32 33 33 15 18 1.939211
15 34 35 35 15 19 1.915894
15 36 37 37 15 20 1.881008
15 38 39 39 15 21 1.847660
15 40 41 41 15 22 1.821911
15 42 43 43 15 23 1.818980
15 44 45 45 15 24 1.813209
15 46 47 47 15 25 1.788517
15 48 49 49 15 26 1.757327
15 50 51 51 15 27 1.737795
15 52 53 53 15 28 1.728904
15 54 55 55 15 29 1.711628
15 56 57 57 15 30 1.694397
15 58 59 59 15 31 1.687318
15 60 61 61 15 32 1.685174
15 62 64 63 15 33 1.673188
15 65 67 66 15 34 1.659350
15 68 70 69 15 35 1.642482
15 71 73 72 15 36 1.618491
15 74 76 75 15 37 1.611469
15 77 79 78 15 38 1.596735
15 80 82 81 15 39 1.585276
15 83 85 84 15 40 1.567719
15 86 88 87 15 41 1.563481
15 89 91 90 15 42 1.553227
15 92 94 93 15 43 1.540299
15 95 97 96 15 44 1.535670
15 98 100 99 15 45 1.528033
15 101 103 102 15 46 1.513978
15 104 109 107 15 47 1.507903
15 110 115 113 15 48 1.495195
15 116 121 119 15 49 1.489704
15 122 127 125 15 50 1.466935
15 128 133 131 15 51 1.462593
15 134 139 137 15 52 1.455088
15 140 145 143 15 53 1.440264
15 146 151 149 15 54 1.437465
15 152 157 155 15 55 1.427680
15 158 163 161 15 56 1.416860
15 164 169 167 15 57 1.412958
15 170 175 173 15 58 1.408784
15 176 181 179 15 59 1.400168
15 182 187 185 15 60 1.393741
15 188 193 191 15 61 1.385903
15 194 254 224 15 62 1.363975
15 255 255 255 15 63 1.356693
16 0 0 0 16 0 1.000000   # ieta [17], pt 0
16 1 15 8 16 1 2.385359
16 16 16 16 16 2 2.365368
16 17 17 17 16 3 2.357440
16 18 18 18 16 4 2.321700
16 19 19 19 16 5 2.313902
16 20 20 20 16 6 2.288623
16 21 21 21 16 7 2.252075
16 22 22 22 16 8 2.226668
16 23 23 23 16 9 2.200080
16 24 24 24 16 10 2.156673
16 25 25 25 16 11 2.144343
16 26 26 26 16 12 2.136794
16 27 27 27 16 13 2.094942
16 28 28 28 16 14 2.085290
16 29 29 29 16 15 2.070895
16 30 30 30 16 16 2.033041
16 31 31 31 16 17 2.014800
16 32 33 33 16 18 1.983748
16 34 35 35 16 19 1.966219
16 36 37 37 16 20 1.947968
16 38 39 39 16 21 1.905859
16 40 41 41 16 22 1.874062
16 42 43 43 16 23 1.865552
16 44 45 45 16 24 1.858094
16 46 47 47 16 25 1.833827
16 48 49 49 16 26 1.816169
16 50 51 51 16 27 1.795983
16 52 53 53 16 28 1.785778
16 54 55 55 16 29 1.766918
16 56 57 57 16 30 1.747109
16 58 59 59 16 31 1.737781
16 60 61 61 16 32 1.735573
16 62 64 63 16 33 1.723228
16 65 67 66 16 34 1.708976
16 68 70 69 16 35 1.691604
16 71 73 72 16 36 1.663799
16 74 76 75 16 37 1.652260
16 77 79 78 16 38 1.628489
16 80 82 81 16 39 1.616803
16 83 85 84 16 40 1.598896
16 86 88 87 16 41 1.594574
16 89 91 90 16 42 1.583355
16 92 94 93 16 43 1.575854
16 95 97 96 16 44 1.571118
16 98 100 99 16 45 1.563305
16 101 103 102 16 46 1.548924
16 104 109 107 16 47 1.542709
16 110 115 113 16 48 1.529709
16 116 121 119 16 49 1.524090
16 122 127 125 16 50 1.500796
16 128 133 131 16 51 1.496475
16 134 139 137 16 52 1.489397
16 140 145 143 16 53 1.474222
16 146 151 149 16 54 1.471358
16 152 157 155 16 55 1.461706
16 158 163 161 16 56 1.452446
16 164 169 167 16 57 1.448447
16 170 175 173 16 58 1.444167
16 176 181 179 16 59 1.435335
16 182 187 185 16 60 1.428746
16 188 193 191 16 61 1.420712
16 194 254 224 16 62 1.398790
16 255 255 255 16 63 1.391595
17 0 0 0 17 0 1.000000   # ieta [18], pt 0
17 1 15 8 17 1 2.319996
17 16 16 16 17 2 2.311791
17 17 17 17 17 3 2.304043
17 18 18 18 17 4 2.281306
17 19 19 19 17 5 2.273643
17 20 20 20 17 6 2.252652
17 21 21 21 17 7 2.234530
17 22 22 22 17 8 2.209184
17 23 23 23 17 9 2.179324
17 24 24 24 17 10 2.130505
17 25 25 25 17 11 2.115410
17 26 26 26 17 12 2.104436
17 27 27 27 17 13 2.063217
17 28 28 28 17 14 2.053711
17 29 29 29 17 15 2.040209
17 30 30 30 17 16 2.004432
17 31 31 31 17 17 1.986447
17 32 33 33 17 18 1.951653
17 34 35 35 17 19 1.921925
17 36 37 37 17 20 1.892039
17 38 39 39 17 21 1.862330
17 40 41 41 17 22 1.834774
17 42 43 43 17 23 1.826077
17 44 45 45 17 24 1.820274
17 46 47 47 17 25 1.796052
17 48 49 49 17 26 1.771889
17 50 51 51 17 27 1.752195
17 52 53 53 17 28 1.742829
17 54 55 55 17 29 1.725787
17 56 57 57 17 30 1.709216
17 58 59 59 17 31 1.702112
17 60 61 61 17 32 1.699011
17 62 64 63 17 33 1.685993
17 65 67 66 17 34 1.668659
17 68 70 69 17 35 1.649095
17 71 73 72 17 36 1.616626
17 74 76 75 17 37 1.607462
17 77 79 78 17 38 1.587921
17 80 82 81 17 39 1.575469
17 83 85 84 17 40 1.558020
17 86 88 87 17 41 1.553808
17 89 91 90 17 42 1.543408
17 92 94 93 17 43 1.532085
17 95 97 96 17 44 1.527480
17 98 100 99 17 45 1.519885
17 101 103 102 17 46 1.505904
17 104 109 107 17 47 1.499861
17 110 115 113 17 48 1.487972
17 116 121 119 17 49 1.482882
17 122 127 125 17 50 1.460218
17 128 133 131 17 51 1.456013
17 134 139 137 17 52 1.449126
17 140 145 143 17 53 1.434362
17 146 151 149 17 54 1.431576
17 152 157 155 17 55 1.422185
17 158 163 161 17 56 1.413175
17 164 169 167 17 57 1.409284
17 170 175 173 17 58 1.405120
17 176 181 179 17 59 1.396526
17 182 187 185 17 60 1.390116
17 188 193 191 17 61 1.382299
17 194 254 224 17 62 1.360969
17 255 255 255 17 63 1.353969
18 0 0 0 18 0 1.000000   # ieta [19], pt 0
18 1 15 8 18 1 2.391177
18 16 16 16 18 2 2.370792
18 17 17 17 18 3 2.357153
18 18 18 18 18 4 2.331179
18 19 19 19 18 5 2.312816
18 20 20 20 18 6 2.273763
18 21 21 21 18 7 2.245360
18 22 22 22 18 8 2.219891
18 23 23 23 18 9 2.187995
18 24 24 24 18 10 2.136721
18 25 25 25 18 11 2.121582
18 26 26 26 18 12 2.110576
18 27 27 27 18 13 2.069237
18 28 28 28 18 14 2.059703
18 29 29 29 18 15 2.045382
18 30 30 30 18 16 2.007060
18 31 31 31 18 17 1.989052
18 32 33 33 18 18 1.954212
18 34 35 35 18 19 1.924445
18 36 37 37 18 20 1.894520
18 38 39 39 18 21 1.863560
18 40 41 41 18 22 1.834774
18 42 43 43 18 23 1.824930
18 44 45 45 18 24 1.817979
18 46 47 47 18 25 1.793788
18 48 49 49 18 26 1.769656
18 50 51 51 18 27 1.749986
18 52 53 53 18 28 1.740632
18 54 55 55 18 29 1.723611
18 56 57 57 18 30 1.707062
18 58 59 59 18 31 1.699966
18 60 61 61 18 32 1.696870
18 62 64 63 18 33 1.683868
18 65 67 66 18 34 1.666556
18 68 70 69 18 35 1.647016
18 71 73 72 18 36 1.614588
18 74 76 75 18 37 1.605436
18 77 79 78 18 38 1.585920
18 80 82 81 18 39 1.573483
18 83 85 84 18 40 1.556056
18 86 88 87 18 41 1.551850
18 89 91 90 18 42 1.541463
18 92 94 93 18 43 1.530154
18 95 97 96 18 44 1.525555
18 98 100 99 18 45 1.517969
18 101 103 102 18 46 1.504006
18 104 109 107 18 47 1.497971
18 110 115 113 18 48 1.486096
18 116 121 119 18 49 1.481013
18 122 127 125 18 50 1.458377
18 128 133 131 18 51 1.454009
18 134 139 137 18 52 1.446289
18 140 145 143 18 53 1.431554
18 146 151 149 18 54 1.428772
18 152 157 155 18 55 1.418948
18 158 163 161 18 56 1.407704
18 164 169 167 18 57 1.403827
18 170 175 173 18 58 1.399680
18 176 181 179 18 59 1.389301
18 182 187 185 18 60 1.382560
18 188 193 191 18 61 1.374786
18 194 254 224 18 62 1.352073
18 255 255 255 18 63 1.342594
19 0 0 0 19 0 1.000000   # ieta [20], pt 0
19 1 15 8 19 1 2.391177
19 16 16 16 19 2 2.387649
19 17 17 17 19 3 2.352143
19 18 18 18 19 4 2.326223
19 19 19 19 19 5 2.307899
19 20 20 20 19 6 2.268930
19 21 21 21 19 7 2.240588
19 22 22 22 19 8 2.218670
19 23 23 23 19 9 2.181159
19 24 24 24 19 10 2.130045
19 25 25 25 19 11 2.114953
19 26 26 26 19 12 2.102757
19 27 27 27 19 13 2.061571
19 28 28 28 19 14 2.052073
19 29 29 29 19 15 2.037805
19 30 30 30 19 16 2.000898
19 31 31 31 19 17 1.980045
19 32 33 33 19 18 1.945363
19 34 35 35 19 19 1.913089
19 36 37 37 19 20 1.878591
19 38 39 39 19 21 1.844104
19 40 41 41 19 22 1.812765
19 42 43 43 19 23 1.802977
19 44 45 45 19 24 1.796110
19 46 47 47 19 25 1.768886
19 48 49 49 19 26 1.739550
19 50 51 51 19 27 1.720215
19 52 53 53 19 28 1.711020
19 54 55 55 19 29 1.692595
19 56 57 57 19 30 1.673047
19 58 59 59 19 31 1.665592
19 60 61 61 19 32 1.664330
19 62 64 63 19 33 1.652226
19 65 67 66 19 34 1.636974
19 68 70 69 19 35 1.617169
19 71 73 72 19 36 1.592655
19 74 76 75 19 37 1.586099
19 77 79 78 19 38 1.570985
19 80 82 81 19 39 1.560984
19 83 85 84 19 40 1.544028
19 86 88 87 19 41 1.539855
19 89 91 90 19 42 1.529548
19 92 94 93 19 43 1.518093
19 95 97 96 19 44 1.513531
19 98 100 99 19 45 1.506004
19 101 103 102 19 46 1.492151
19 104 109 107 19 47 1.486164
19 110 115 113 19 48 1.472062
19 116 121 119 19 49 1.465078
19 122 127 125 19 50 1.438757
19 128 133 131 19 51 1.433815
19 134 139 137 19 52 1.424940
19 140 145 143 19 53 1.409655
19 146 151 149 19 54 1.406149
19 152 157 155 19 55 1.396480
19 158 163 161 19 56 1.385413
19 164 169 167 19 57 1.381598
19 170 175 173 19 58 1.377517
19 176 181 179 19 59 1.368925
19 182 187 185 19 60 1.363754
19 188 193 191 19 61 1.356657
19 194 254 224 19 62 1.335555
19 255 255 255 19 63 1.326831
20 0 0 0 20 0 1.000000   # ieta [21], pt 0
20 1 15 8 20 1 2.527176
20 16 16 16 20 2 2.455795
20 17 17 17 20 3 2.403870
20 18 18 18 20 4 2.353908
20 19 19 19 20 5 2.335366
20 20 20 20 20 6 2.274568
20 21 21 21 20 7 2.243649
20 22 22 22 20 8 2.218107
20 23 23 23 20 9 2.186236
20 24 24 24 20 10 2.135003
20 25 25 25 20 11 2.119876
20 26 26 26 20 12 2.107652
20 27 27 27 20 13 2.066370
20 28 28 28 20 14 2.056850
20 29 29 29 20 15 2.042549
20 30 30 30 20 16 2.005556
20 31 31 31 20 17 1.984654
20 32 33 33 20 18 1.949892
20 34 35 35 20 19 1.917542
20 36 37 37 20 20 1.882964
20 38 39 39 20 21 1.848396
20 40 41 41 20 22 1.816984
20 42 43 43 20 23 1.807174
20 44 45 45 20 24 1.800291
20 46 47 47 20 25 1.773004
20 48 49 49 20 26 1.743599
20 50 51 51 20 27 1.724219
20 52 53 53 20 28 1.715003
20 54 55 55 20 29 1.696534
20 56 57 57 20 30 1.676941
20 58 59 59 20 31 1.669469
20 60 61 61 20 32 1.668204
20 62 64 63 20 33 1.656072
20 65 67 66 20 34 1.640784
20 68 70 69 20 35 1.620933
20 71 73 72 20 36 1.596362
20 74 76 75 20 37 1.589791
20 77 79 78 20 38 1.574642
20 80 82 81 20 39 1.564617
20 83 85 84 20 40 1.547622
20 86 88 87 20 41 1.543439
20 89 91 90 20 42 1.533108
20 92 94 93 20 43 1.521627
20 95 97 96 20 44 1.517054
20 98 100 99 20 45 1.509510
20 101 103 102 20 46 1.495624
20 104 109 107 20 47 1.489623
20 110 115 113 20 48 1.475489
20 116 121 119 20 49 1.468489
20 122 127 125 20 50 1.442106
20 128 133 131 20 51 1.437152
20 134 139 137 20 52 1.428257
20 140 145 143 20 53 1.412936
20 146 151 149 20 54 1.409422
20 152 157 155 20 55 1.399730
20 158 163 161 20 56 1.388638
20 164 169 167 20 57 1.384814
20 170 175 173 20 58 1.380723
20 176 181 179 20 59 1.372112
20 182 187 185 20 60 1.366928
20 188 193 191 20 61 1.359815
20 194 254 224 20 62 1.338663
20 255 255 255 20 63 1.329920
21 0 0 0 21 0 1.000000   # ieta [22], pt 0
21 1 15 8 21 1 2.563405
21 16 16 16 21 2 2.488679
21 17 17 17 21 3 2.424334
21 18 18 18 21 4 2.373947
21 19 19 19 21 5 2.349884
21 20 20 20 21 6 2.288708
21 21 21 21 21 7 2.250417
21 22 22 22 21 8 2.221481
21 23 23 23 21 9 2.189562
21 24 24 24 21 10 2.138624
21 25 25 25 21 11 2.123471
21 26 26 26 21 12 2.108020
21 27 27 27 21 13 2.066731
21 28 28 28 21 14 2.057209
21 29 29 29 21 15 2.042905
21 30 30 30 21 16 2.005906
21 31 31 31 21 17 1.985000
21 32 33 33 21 18 1.950232
21 34 35 35 21 19 1.918816
21 36 37 37 21 20 1.888068
21 38 39 39 21 21 1.853406
21 40 41 41 21 22 1.821909
21 42 43 43 21 23 1.812072
21 44 45 45 21 24 1.805170
21 46 47 47 21 25 1.777809
21 48 49 49 21 26 1.748325
21 50 51 51 21 27 1.728893
21 52 53 53 21 28 1.719651
21 54 55 55 21 29 1.701133
21 56 57 57 21 30 1.681486
21 58 59 59 21 31 1.673994
21 60 61 61 21 32 1.672072
21 62 64 63 21 33 1.659260
21 65 67 66 21 34 1.643659
21 68 70 69 21 35 1.622606
21 71 73 72 21 36 1.597304
21 74 76 75 21 37 1.589917
21 77 79 78 21 38 1.574766
21 80 82 81 21 39 1.564741
21 83 85 84 21 40 1.547744
21 86 88 87 21 41 1.543561
21 89 91 90 21 42 1.533229
21 92 94 93 21 43 1.521747
21 95 97 96 21 44 1.517174
21 98 100 99 21 45 1.509629
21 101 103 102 21 46 1.495742
21 104 109 107 21 47 1.489741
21 110 115 113 21 48 1.475605
21 116 121 119 21 49 1.468605
21 122 127 125 21 50 1.442220
21 128 133 131 21 51 1.437265
21 134 139 137 21 52 1.428370
21 140 145 143 21 53 1.413048
21 146 151 149 21 54 1.409533
21 152 157 155 21 55 1.398772
21 158 163 161 21 56 1.386615
21 164 169 167 21 57 1.382796
21 170 175 173 21 58 1.378711
21 176 181 179 21 59 1.370112
21 182 187 185 21 60 1.364936
21 188 193 191 21 61 1.357834
21 194 254 224 21 62 1.336034
21 255 255 255 21 63 1.315963
22 0 0 0 22 0 1.000000   # ieta [23], pt 0
22 1 15 8 22 1 2.566289
22 16 16 16 22 2 2.491480
22 17 17 17 22 3 2.427062
22 18 18 18 22 4 2.376619
22 19 19 19 22 5 2.352529
22 20 20 20 22 6 2.291284
22 21 21 21 22 7 2.252949
22 22 22 22 22 8 2.223980
22 23 23 23 22 9 2.192026
22 24 24 24 22 10 2.141031
22 25 25 25 22 11 2.125861
22 26 26 26 22 12 2.108020
22 27 27 27 22 13 2.066731
22 28 28 28 22 14 2.057209
22 29 29 29 22 15 2.042905
22 30 30 30 22 16 2.005906
22 31 31 31 22 17 1.985000
22 32 33 33 22 18 1.950232
22 34 35 35 22 19 1.918816
22 36 37 37 22 20 1.888068
22 38 39 39 22 21 1.853406
22 40 41 41 22 22 1.821909
22 42 43 43 22 23 1.812072
22 44 45 45 22 24 1.805170
22 46 47 47 22 25 1.777809
22 48 49 49 22 26 1.748325
22 50 51 51 22 27 1.728893
22 52 53 53 22 28 1.719651
22 54 55 55 22 29 1.701133
22 56 57 57 22 30 1.681486
22 58 59 59 22 31 1.673994
22 60 61 61 22 32 1.672072
22 62 64 63 22 33 1.659260
22 65 67 66 22 34 1.643659
22 68 70 69 22 35 1.622606
22 71 73 72 22 36 1.597304
22 74 76 75 22 37 1.589917
22 77 79 78 22 38 1.574766
22 80 82 81 22 39 1.564741
22 83 85 84 22 40 1.547744
22 86 88 87 22 41 1.543561
22 89 91 90 22 42 1.533229
22 92 94 93 22 43 1.521747
22 95 97 96 22 44 1.517174
22 98 100 99 22 45 1.509629
22 101 103 102 22 46 1.495742
22 104 109 107 22 47 1.489741
22 110 115 113 22 48 1.475605
22 116 121 119 22 49 1.468605
22 122 127 125 22 50 1.442220
22 128 133 131 22 51 1.437265
22 134 139 137 22 52 1.428370
22 140 145 143 22 53 1.413048
22 146 151 149 22 54 1.409533
22 152 157 155 22 55 1.398772
22 158 163 161 22 56 1.386615
22 164 169 167 22 57 1.382796
22 170 175 173 22 58 1.377741
22 176 181 179 22 59 1.368954
22 182 187 185 22 60 1.363783
22 188 193 191 22 61 1.356686
22 194 254 224 22 62 1.335087
22 255 255 255 22 63 1.315963
23 0 0 0 23 0 1.000000   # ieta [24], pt 0
23 1 15 8 23 1 2.627384
23 16 16 16 23 2 2.554137
23 17 17 17 23 3 2.470834
23 18 18 18 23 4 2.413086
23 19 19 19 23 5 2.396382
23 20 20 20 23 6 2.333996
23 21 21 21 23 7 2.293024
23 22 22 22 23 8 2.262657
23 23 23 23 23 9 2.223612
23 24 24 24 23 10 2.162530
23 25 25 25 23 11 2.151067
23 26 26 26 23 12 2.133115
23 27 27 27 23 13 2.091334
23 28 28 28 23 14 2.081699
23 29 29 29 23 15 2.067225
23 30 30 30 23 16 2.029786
23 31 31 31 23 17 2.008706
23 32 33 33 23 18 1.975036
23 34 35 35 23 19 1.939734
23 36 37 37 23 20 1.903248
23 38 39 39 23 21 1.867715
23 40 41 41 23 22 1.835381
23 42 43 43 23 23 1.824065
23 44 45 45 23 24 1.815707
23 46 47 47 23 25 1.787122
23 48 49 49 23 26 1.755310
23 50 51 51 23 27 1.735620
23 52 53 53 23 28 1.726342
23 54 55 55 23 29 1.702632
23 56 57 57 23 30 1.681140
23 58 59 59 23 31 1.673650
23 60 61 61 23 32 1.671728
23 62 64 63 23 33 1.658919
23 65 67 66 23 34 1.643321
23 68 70 69 23 35 1.622272
23 71 73 72 23 36 1.596975
23 74 76 75 23 37 1.589590
23 77 79 78 23 38 1.574442
23 80 82 81 23 39 1.564419
23 83 85 84 23 40 1.547426
23 86 88 87 23 41 1.543243
23 89 91 90 23 42 1.532914
23 92 94 93 23 43 1.521434
23 95 97 96 23 44 1.516861
23 98 100 99 23 45 1.509318
23 101 103 102 23 46 1.495435
23 104 109 107 23 47 1.489434
23 110 115 113 23 48 1.475302
23 116 121 119 23 49 1.468302
23 122 127 125 23 50 1.441923
23 128 133 131 23 51 1.436970
23 134 139 137 23 52 1.428076
23 140 145 143 23 53 1.412757
23 146 151 149 23 54 1.409243
23 152 157 155 23 55 1.398484
23 158 163 161 23 56 1.386329
23 164 169 167 23 57 1.382512
23 170 175 173 23 58 1.377457
23 176 181 179 23 59 1.368673
23 182 187 185 23 60 1.363502
23 188 193 191 23 61 1.356407
23 194 254 224 23 62 1.335216
23 255 255 255 23 63 1.316669
24 0 0 0 24 0 1.000000   # ieta [25], pt 0
24 1 15 8 24 1 2.627384
24 16 16 16 24 2 2.554137
24 17 17 17 24 3 2.470834
24 18 18 18 24 4 2.413086
24 19 19 19 24 5 2.396382
24 20 20 20 24 6 2.333996
24 21 21 21 24 7 2.304357
24 22 22 22 24 8 2.288546
24 23 23 23 24 9 2.233294
24 24 24 24 24 10 2.171947
24 25 25 25 24 11 2.160433
24 26 26 26 24 12 2.142403
24 27 27 27 24 13 2.100441
24 28 28 28 24 14 2.090763
24 29 29 29 24 15 2.076226
24 30 30 30 24 16 2.031310
24 31 31 31 24 17 2.019712
24 32 33 33 24 18 1.986341
24 34 35 35 24 19 1.950836
24 36 37 37 24 20 1.915998
24 38 39 39 24 21 1.880227
24 40 41 41 24 22 1.847676
24 42 43 43 24 23 1.832438
24 44 45 45 24 24 1.824042
24 46 47 47 24 25 1.795325
24 48 49 49 24 26 1.763367
24 50 51 51 24 27 1.739131
24 52 53 53 24 28 1.728836
24 54 55 55 24 29 1.708367
24 56 57 57 24 30 1.686803
24 58 59 59 24 31 1.679287
24 60 61 61 24 32 1.677360
24 62 64 63 24 33 1.664507
24 65 67 66 24 34 1.648857
24 68 70 69 24 35 1.627737
24 71 73 72 24 36 1.602354
24 74 76 75 24 37 1.594944
24 77 79 78 24 38 1.579746
24 80 82 81 24 39 1.569689
24 83 85 84 24 40 1.552638
24 86 88 87 24 41 1.546796
24 89 91 90 24 42 1.532859
24 92 94 93 24 43 1.520766
24 95 97 96 24 44 1.516195
24 98 100 99 24 45 1.512624
24 101 103 102 24 46 1.498710
24 104 109 107 24 47 1.492696
24 110 115 113 24 48 1.478533
24 116 121 119 24 49 1.471518
24 122 127 125 24 50 1.445081
24 128 133 131 24 51 1.440117
24 134 139 137 24 52 1.431204
24 140 145 143 24 53 1.415852
24 146 151 149 24 54 1.412329
24 152 157 155 24 55 1.401547
24 158 163 161 24 56 1.389366
24 164 169 167 24 57 1.385540
24 170 175 173 24 58 1.380474
24 176 181 179 24 59 1.371670
24 182 187 185 24 60 1.366488
24 188 193 191 24 61 1.359378
24 194 254 224 24 62 1.338141
24 255 255 255 24 63 1.319553
25 0 0 0 25 0 1.000000   # ieta [26], pt 0
25 1 15 8 25 1 2.617239
25 16 16 16 25 2 2.540667
25 17 17 17 25 3 2.457803
25 18 18 18 25 4 2.398661
25 19 19 19 25 5 2.382057
25 20 20 20 25 6 2.320043
25 21 21 21 25 7 2.272976
25 22 22 22 25 8 2.238223
25 23 23 23 25 9 2.199600
25 24 24 24 25 10 2.142500
25 25 25 25 25 11 2.133792
25 26 26 26 25 12 2.125438
25 27 27 27 25 13 2.084855
25 28 28 28 25 14 2.075250
25 29 29 29 25 15 2.060821
25 30 30 30 25 16 2.022355
25 31 31 31 25 17 2.002015
25 32 33 33 25 18 1.968936
25 34 35 35 25 19 1.933742
25 36 37 37 25 20 1.899210
25 38 39 39 25 21 1.863752
25 40 41 41 25 22 1.831536
25 42 43 43 25 23 1.822962
25 44 45 45 25 24 1.814609
25 46 47 47 25 25 1.787984
25 48 49 49 25 26 1.756156
25 50 51 51 25 27 1.731962
25 52 53 53 25 28 1.721710
25 54 55 55 25 29 1.703576
25 56 57 57 25 30 1.680461
25 58 59 59 25 31 1.672973
25 60 61 61 25 32 1.670330
25 62 64 63 25 33 1.656812
25 65 67 66 25 34 1.638334
25 68 70 69 25 35 1.614173
25 71 73 72 25 36 1.589002
25 74 76 75 25 37 1.580942
25 77 79 78 25 38 1.564448
25 80 82 81 25 39 1.554488
25 83 85 84 25 40 1.537604
25 86 88 87 25 41 1.530856
25 89 91 90 25 42 1.520304
25 92 94 93 25 43 1.503106
25 95 97 96 25 44 1.498588
25 98 100 99 25 45 1.490131
25 101 103 102 25 46 1.478868
25 104 109 107 25 47 1.467351
25 110 115 113 25 48 1.453428
25 116 121 119 25 49 1.446211
25 122 127 125 25 50 1.422720
25 128 133 131 25 51 1.420667
25 134 139 137 25 52 1.413603
25 140 145 143 25 53 1.399344
25 146 151 149 25 54 1.394409
25 152 157 155 25 55 1.381887
25 158 163 161 25 56 1.370896
25 164 169 167 25 57 1.367121
25 170 175 173 25 58 1.359870
25 176 181 179 25 59 1.350747
25 182 187 185 25 60 1.346265
25 188 193 191 25 61 1.336794
25 194 254 224 25 62 1.311356
25 255 255 255 25 63 1.280637
26 0 0 0 26 0 1.000000   # ieta [27], pt 0
26 1 15 8 26 1 2.577553
26 16 16 16 26 2 2.494882
26 17 17 17 26 3 2.402028
26 18 18 18 26 4 2.319212
26 19 19 19 26 5 2.333519
26 20 20 20 26 6 2.250558
26 21 21 21 26 7 2.208799
26 22 22 22 26 8 2.191825
26 23 23 23 26 9 2.158673
26 24 24 24 26 10 2.080616
26 25 25 25 26 11 2.073535
26 26 26 26 26 12 2.052171
26 27 27 27 26 13 2.002091
26 28 28 28 26 14 1.985264
26 29 29 29 26 15 1.975950
26 30 30 30 26 16 1.947697
26 31 31 31 26 17 1.934440
26 32 33 33 26 18 1.909760
26 34 35 35 26 19 1.887323
26 36 37 37 26 20 1.857376
26 38 39 39 26 21 1.826611
26 40 41 41 26 22 1.802639
26 42 43 43 26 23 1.796770
26 44 45 45 26 24 1.791119
26 46 47 47 26 25 1.772166
26 48 49 49 26 26 1.747722
26 50 51 51 26 27 1.726542
26 52 53 53 26 28 1.715659
26 54 55 55 26 29 1.696822
26 56 57 57 26 30 1.671714
26 58 59 59 26 31 1.661287
26 60 61 61 26 32 1.649341
26 62 64 63 26 33 1.632325
26 65 67 66 26 34 1.609742
26 68 70 69 26 35 1.581558
26 71 73 72 26 36 1.563960
26 74 76 75 26 37 1.557002
26 77 79 78 26 38 1.543310
26 80 82 81 26 39 1.534664
26 83 85 84 26 40 1.511609
26 86 88 87 26 41 1.503668
26 89 91 90 26 42 1.483550
26 92 94 93 26 43 1.462745
26 95 97 96 26 44 1.458349
26 98 100 99 26 45 1.454383
26 101 103 102 26 46 1.444797
26 104 109 107 26 47 1.438793
26 110 115 113 26 48 1.428000
26 116 121 119 26 49 1.423251
26 122 127 125 26 50 1.414750
26 128 133 131 26 51 1.414914
26 134 139 137 26 52 1.411654
26 140 145 143 26 53 1.396344
26 146 151 149 26 54 1.390348
26 152 157 155 26 55 1.374545
26 158 163 161 26 56 1.354460
26 164 169 167 26 57 1.349135
26 170 175 173 26 58 1.344574
26 176 181 179 26 59 1.335554
26 182 187 185 26 60 1.331123
26 188 193 191 26 61 1.318729
26 194 254 224 26 62 1.294289
26 255 255 255 26 63 1.267828
27 0 0 0 27 0 1.000000   # ieta [28], pt 0
27 1 15 8 27 1 2.661022
27 16 16 16 27 2 2.565550
27 17 17 17 27 3 2.456698
27 18 18 18 27 4 2.384444
27 19 19 19 27 5 2.363540
27 20 20 20 27 6 2.243633
27 21 21 21 27 7 2.238969
27 22 22 22 27 8 2.191446
27 23 23 23 27 9 2.158300
27 24 24 24 27 10 2.080284
27 25 25 25 27 11 2.073204
27 26 26 26 27 12 2.051843
27 27 27 27 27 13 2.001772
27 28 28 28 27 14 1.984947
27 29 29 29 27 15 1.975635
27 30 30 30 27 16 1.947386
27 31 31 31 27 17 1.934131
27 32 33 33 27 18 1.910912
27 34 35 35 27 19 1.892516
27 36 37 37 27 20 1.865921
27 38 39 39 27 21 1.835015
27 40 41 41 27 22 1.806358
27 42 43 43 27 23 1.800478
27 44 45 45 27 24 1.794815
27 46 47 47 27 25 1.775823
27 48 49 49 27 26 1.751328
27 50 51 51 27 27 1.730104
27 52 53 53 27 28 1.719199
27 54 55 55 27 29 1.700323
27 56 57 57 27 30 1.675163
27 58 59 59 27 31 1.664715
27 60 61 61 27 32 1.652744
27 62 64 63 27 33 1.635693
27 65 67 66 27 34 1.613064
27 68 70 69 27 35 1.584822
27 71 73 72 27 36 1.567187
27 74 76 75 27 37 1.560215
27 77 79 78 27 38 1.546495
27 80 82 81 27 39 1.537831
27 83 85 84 27 40 1.514729
27 86 88 87 27 41 1.506771
27 89 91 90 27 42 1.486611
27 92 94 93 27 43 1.465763
27 95 97 96 27 44 1.461358
27 98 100 99 27 45 1.457384
27 101 103 102 27 46 1.447779
27 104 109 107 27 47 1.440654
27 110 115 113 27 48 1.426173
27 116 121 119 27 49 1.420694
27 122 127 125 27 50 1.412208
27 128 133 131 27 51 1.412372
27 134 139 137 27 52 1.408730
27 140 145 143 27 53 1.391519
27 146 151 149 27 54 1.385544
27 152 157 155 27 55 1.369795
27 158 163 161 27 56 1.349166
27 164 169 167 27 57 1.343862
27 170 175 173 27 58 1.339319
27 176 181 179 27 59 1.330334
27 182 187 185 27 60 1.325920
27 188 193 191 27 61 1.313575
27 194 254 224 27 62 1.291034
27 255 255 255 27 63 1.265798
28 0 0 0 28 0 1.000000   # ieta [29], pt 0
28 1 15 8 28 1 2.457164
28 16 16 16 28 2 2.347003
28 17 17 17 28 3 2.278135
28 18 18 18 28 4 2.221829
28 19 19 19 28 5 2.157004
28 20 20 20 28 6 2.077775
28 21 21 21 28 7 2.027813
28 22 22 22 28 8 1.989108
28 23 23 23 28 9 1.929792
28 24 24 24 28 10 1.890530
28 25 25 25 28 11 1.855248
28 26 26 26 28 12 1.822251
28 27 27 27 28 13 1.786189
28 28 28 28 28 14 1.781774
28 29 29 29 28 15 1.762521
28 30 30 30 28 16 1.739948
28 31 31 31 28 17 1.739948
28 32 33 33 28 18 1.717826
28 34 35 35 28 19 1.696052
28 36 37 37 28 20 1.673958
28 38 39 39 28 21 1.665810
28 40 41 41 28 22 1.645206
28 42 43 43 28 23 1.633753
28 44 45 45 28 24 1.626228
28 46 47 47 28 25 1.598519
28 48 49 49 28 26 1.576114
28 50 51 51 28 27 1.554351
28 52 53 53 28 28 1.544626
28 54 55 55 28 29 1.535136
28 56 57 57 28 30 1.523214
28 58 59 59 28 31 1.517589
28 60 61 61 28 32 1.509207
28 62 64 63 28 33 1.503386
28 65 67 66 28 34 1.498992
28 68 70 69 28 35 1.495154
28 71 73 72 28 36 1.466318
28 74 76 75 28 37 1.456442
28 77 79 78 28 38 1.440739
28 80 82 81 28 39 1.435017
28 83 85 84 28 40 1.425362
28 86 88 87 28 41 1.428023
28 89 91 90 28 42 1.418418
28 92 94 93 28 43 1.402901
28 95 97 96 28 44 1.396568
28 98 100 99 28 45 1.392185
28 101 103 102 28 46 1.396426
28 104 109 107 28 47 1.385399
28 110 115 113 28 48 1.378972
28 116 121 119 28 49 1.374340
28 122 127 125 28 50 1.341632
28 128 133 131 28 51 1.334423
28 134 139 137 28 52 1.326191
28 140 145 143 28 53 1.312922
28 146 151 149 28 54 1.309884
28 152 157 155 28 55 1.297302
28 158 163 161 28 56 1.285484
28 164 169 167 28 57 1.285456
28 170 175 173 28 58 1.282633
28 176 181 179 28 59 1.277622
28 182 187 185 28 60 1.279922
28 188 193 191 28 61 1.276562
28 194 254 224 28 62 1.252383
28 255 255 255 28 63 1.249456
29 0 0 0 29 0 1.000000   # ieta [30], pt 0
29 1 15 8 29 1 2.524797
29 16 16 16 29 2 2.377292
29 17 17 17 29 3 2.295383
29 18 18 18 29 4 2.241316
29 19 19 19 29 5 2.176491
29 20 20 20 29 6 2.081877
29 21 21 21 29 7 2.029677
29 22 22 22 29 8 1.990196
29 23 23 23 29 9 1.925374
29 24 24 24 29 10 1.884631
29 25 25 25 29 11 1.849349
29 26 26 26 29 12 1.814389
29 27 27 27 29 13 1.764072
29 28 28 28 29 14 1.756015
29 29 29 29 29 15 1.734114
29 30 30 30 29 16 1.703436
29 31 31 31 29 17 1.703436
29 32 33 33 29 18 1.677147
29 34 35 35 29 19 1.642508
29 36 37 37 29 20 1.611609
29 38 39 39 29 21 1.595490
29 40 41 41 29 22 1.570192
29 42 43 43 29 23 1.547526
29 44 45 45 29 24 1.542424
29 46 47 47 29 25 1.512622
29 48 49 49 29 26 1.483055
29 50 51 51 29 27 1.460580
29 52 53 53 29 28 1.449628
29 54 55 55 29 29 1.438911
29 56 57 57 29 30 1.431955
29 58 59 59 29 31 1.425714
29 60 61 61 29 32 1.420591
29 62 64 63 29 33 1.418589
29 65 67 66 29 34 1.412214
29 68 70 69 29 35 1.403087
29 71 73 72 29 36 1.379912
29 74 76 75 29 37 1.373735
29 77 79 78 29 38 1.360206
29 80 82 81 29 39 1.347416
29 83 85 84 29 40 1.331903
29 86 88 87 29 41 1.324799
29 89 91 90 29 42 1.313954
29 92 94 93 29 43 1.300715
29 95 97 96 29 44 1.295903
29 98 100 99 29 45 1.294960
29 101 103 102 29 46 1.304256
29 104 109 107 29 47 1.287227
29 110 115 113 29 48 1.268814
29 116 121 119 29 49 1.266253
29 122 127 125 29 50 1.267020
29 128 133 131 29 51 1.258226
29 134 139 137 29 52 1.254152
29 140 145 143 29 53 1.244448
29 146 151 149 29 54 1.241410
29 152 157 155 29 55 1.238576
29 158 163 161 29 56 1.228513
29 164 169 167 29 57 1.229323
29 170 175 173 29 58 1.226500
29 176 181 179 29 59 1.221488
29 182 187 185 29 60 1.224169
29 188 193 191 29 61 1.222713
29 194 254 224 29 62 1.199972
29 255 255 255 29 63 1.198649
30 0 0 0 30 0 1.000000   # ieta [31], pt 0
30 1 15 8 30 1 2.486122
30 16 16 16 30 2 2.363993
30 17 17 17 30 3 2.272649
30 18 18 18 30 4 2.183937
30 19 19 19 30 5 2.111786
30 20 20 20 30 6 2.020711
30 21 21 21 30 7 1.982241
30 22 22 22 30 8 1.928403
30 23 23 23 30 9 1.875829
30 24 24 24 30 10 1.834883
30 25 25 25 30 11 1.782589
30 26 26 26 30 12 1.746774
30 27 27 27 30 13 1.711109
30 28 28 28 30 14 1.697998
30 29 29 29 30 15 1.682725
30 30 30 30 30 16 1.641490
30 31 31 31 30 17 1.641490
30 32 33 33 30 18 1.614415
30 34 35 35 30 19 1.580761
30 36 37 37 30 20 1.558575
30 38 39 39 30 21 1.539595
30 40 41 41 30 22 1.528658
30 42 43 43 30 23 1.516016
30 44 45 45 30 24 1.513262
30 46 47 47 30 25 1.492435
30 48 49 49 30 26 1.462318
30 50 51 51 30 27 1.451650
30 52 53 53 30 28 1.440698
30 54 55 55 30 29 1.429981
30 56 57 57 30 30 1.423026
30 58 59 59 30 31 1.418916
30 60 61 61 30 32 1.413793
30 62 64 63 30 33 1.411791
30 65 67 66 30 34 1.405438
30 68 70 69 30 35 1.397781
30 71 73 72 30 36 1.377521
30 74 76 75 30 37 1.371344
30 77 79 78 30 38 1.357816
30 80 82 81 30 39 1.345025
30 83 85 84 30 40 1.329512
30 86 88 87 30 41 1.322408
30 89 91 90 30 42 1.311563
30 92 94 93 30 43 1.298324
30 95 97 96 30 44 1.293512
30 98 100 99 30 45 1.292570
30 101 103 102 30 46 1.301865
30 104 109 107 30 47 1.284836
30 110 115 113 30 48 1.266423
30 116 121 119 30 49 1.263862
30 122 127 125 30 50 1.264630
30 128 133 131 30 51 1.255835
30 134 139 137 30 52 1.251761
30 140 145 143 30 53 1.242057
30 146 151 149 30 54 1.239019
30 152 157 155 30 55 1.236185
30 158 163 161 30 56 1.226122
30 164 169 167 30 57 1.226932
30 170 175 173 30 58 1.224109
30 176 181 179 30 59 1.219098
30 182 187 185 30 60 1.221778
30 188 193 191 30 61 1.220322
30 194 254 224 30 62 1.197581
30 255 255 255 30 63 1.196258
31 0 0 0 31 0 1.000000   # ieta [32], pt 0
31 1 15 8 31 1 2.475227
31 16 16 16 31 2 2.361968
31 17 17 17 31 3 2.264312
31 18 18 18 31 4 2.169090
31 19 19 19 31 5 2.081075
31 20 20 20 31 6 1.984689
31 21 21 21 31 7 1.935671
31 22 22 22 31 8 1.892252
31 23 23 23 31 9 1.828129
31 24 24 24 31 10 1.774249
31 25 25 25 31 11 1.728582
31 26 26 26 31 12 1.691883
31 27 27 27 31 13 1.661578
31 28 28 28 31 14 1.641207
31 29 29 29 31 15 1.633780
31 30 30 30 31 16 1.595524
31 31 31 31 31 17 1.593257
31 32 33 33 31 18 1.554608
31 34 35 35 31 19 1.530029
31 36 37 37 31 20 1.504849
31 38 39 39 31 21 1.480724
31 40 41 41 31 22 1.466850
31 42 43 43 31 23 1.456912
31 44 45 45 31 24 1.454972
31 46 47 47 31 25 1.439108
31 48 49 49 31 26 1.420763
31 50 51 51 31 27 1.405793
31 52 53 53 31 28 1.393884
31 54 55 55 31 29 1.382210
31 56 57 57 31 30 1.373133
31 58 59 59 31 31 1.368092
31 60 61 61 31 32 1.362391
31 62 64 63 31 33 1.362291
31 65 67 66 31 34 1.353234
31 68 70 69 31 35 1.342918
31 71 73 72 31 36 1.319238
31 74 76 75 31 37 1.312438
31 77 79 78 31 38 1.299273
31 80 82 81 31 39 1.289699
31 83 85 84 31 40 1.278305
31 86 88 87 31 41 1.264546
31 89 91 90 31 42 1.252668
31 92 94 93 31 43 1.246349
31 95 97 96 31 44 1.241848
31 98 100 99 31 45 1.244823
31 101 103 102 31 46 1.261011
31 104 109 107 31 47 1.251735
31 110 115 113 31 48 1.243505
31 116 121 119 31 49 1.242983
31 122 127 125 31 50 1.249124
31 128 133 131 31 51 1.246286
31 134 139 137 31 52 1.243403
31 140 145 143 31 53 1.233699
31 146 151 149 31 54 1.229249
31 152 157 155 31 55 1.223589
31 158 163 161 31 56 1.215602
31 164 169 167 31 57 1.216411
31 170 175 173 31 58 1.213588
31 176 181 179 31 59 1.209977
31 182 187 185 31 60 1.212938
31 188 193 191 31 61 1.211482
31 194 254 224 31 62 1.191457
31 255 255 255 31 63 1.190486
32 0 0 0 32 0 1.000000   # ieta [33], pt 0
32 1 15 8 32 1 2.417891
32 16 16 16 32 2 2.279566
32 17 17 17 32 3 2.181884
32 18 18 18 32 4 2.083847
32 19 19 19 32 5 2.004536
32 20 20 20 32 6 1.925895
32 21 21 21 32 7 1.876111
32 22 22 22 32 8 1.822932
32 23 23 23 32 9 1.757583
32 24 24 24 32 10 1.712979
32 25 25 25 32 11 1.680487
32 26 26 26 32 12 1.642779
32 27 27 27 32 13 1.593914
32 28 28 28 32 14 1.568941
32 29 29 29 32 15 1.563167
32 30 30 30 32 16 1.539162
32 31 31 31 32 17 1.531267
32 32 33 33 32 18 1.504131
32 34 35 35 32 19 1.469804
32 36 37 37 32 20 1.449539
32 38 39 39 32 21 1.431764
32 40 41 41 32 22 1.420539
32 42 43 43 32 23 1.406398
32 44 45 45 32 24 1.404074
32 46 47 47 32 25 1.392729
32 48 49 49 32 26 1.375429
32 50 51 51 32 27 1.365617
32 52 53 53 32 28 1.355138
32 54 55 55 32 29 1.344893
32 56 57 57 32 30 1.329487
32 58 59 59 32 31 1.323153
32 60 61 61 32 32 1.319898
32 62 64 63 32 33 1.319798
32 65 67 66 32 34 1.307441
32 68 70 69 32 35 1.298416
32 71 73 72 32 36 1.276908
32 74 76 75 32 37 1.268010
32 77 79 78 32 38 1.253796
32 80 82 81 32 39 1.247970
32 83 85 84 32 40 1.238449
32 86 88 87 32 41 1.226710
32 89 91 90 32 42 1.217449
32 92 94 93 32 43 1.199618
32 95 97 96 32 44 1.195117
32 98 100 99 32 45 1.198092
32 101 103 102 32 46 1.214280
32 104 109 107 32 47 1.205004
32 110 115 113 32 48 1.169701
32 116 121 119 32 49 1.165153
32 122 127 125 32 50 1.172866
32 128 133 131 32 51 1.173552
32 134 139 137 32 52 1.180569
32 140 145 143 32 53 1.187455
32 146 151 149 32 54 1.189954
32 152 157 155 32 55 1.198089
32 158 163 161 32 56 1.201698
32 164 169 167 32 57 1.202508
32 170 175 173 32 58 1.199685
32 176 181 179 32 59 1.196074
32 182 187 185 32 60 1.199034
32 188 193 191 32 61 1.197578
32 194 254 224 32 62 1.177554
32 255 255 255 32 63 1.176583
33 0 0 0 33 0 1.000000   # ieta [34], pt 0
33 1 15 8 33 1 2.417891
33 16 16 16 33 2 2.279566
33 17 17 17 33 3 2.180328
33 18 18 18 33 4 2.081305
33 19 19 19 33 5 1.999369
33 20 20 20 33 6 1.920728
33 21 21 21 33 7 1.874418
33 22 22 22 33 8 1.814949
33 23 23 23 33 9 1.749601
33 24 24 24 33 10 1.700056
33 25 25 25 33 11 1.667565
33 26 26 26 33 12 1.629856
33 27 27 27 33 13 1.584383
33 28 28 28 33 14 1.559410
33 29 29 29 33 15 1.553636
33 30 30 30 33 16 1.529631
33 31 31 31 33 17 1.521736
33 32 33 33 33 18 1.498071
33 34 35 35 33 19 1.465637
33 36 37 37 33 20 1.442363
33 38 39 39 33 21 1.422841
33 40 41 41 33 22 1.408572
33 42 43 43 33 23 1.395622
33 44 45 45 33 24 1.393298
33 46 47 47 33 25 1.383458
33 48 49 49 33 26 1.367349
33 50 51 51 33 27 1.357537
33 52 53 53 33 28 1.347058
33 54 55 55 33 29 1.336813
33 56 57 57 33 30 1.321407
33 58 59 59 33 31 1.315506
33 60 61 61 33 32 1.315207
33 62 64 63 33 33 1.318380
33 65 67 66 33 34 1.304868
33 68 70 69 33 35 1.294671
33 71 73 72 33 36 1.273164
33 74 76 75 33 37 1.264266
33 77 79 78 33 38 1.250052
33 80 82 81 33 39 1.244225
33 83 85 84 33 40 1.234705
33 86 88 87 33 41 1.222966
33 89 91 90 33 42 1.214093
33 92 94 93 33 43 1.196457
33 95 97 96 33 44 1.191956
33 98 100 99 33 45 1.194931
33 101 103 102 33 46 1.211118
33 104 109 107 33 47 1.201842
33 110 115 113 33 48 1.162493
33 116 121 119 33 49 1.157945
33 122 127 125 33 50 1.165658
33 128 133 131 33 51 1.166344
33 134 139 137 33 52 1.173361
33 140 145 143 33 53 1.180247
33 146 151 149 33 54 1.182747
33 152 157 155 33 55 1.190882
33 158 163 161 33 56 1.194491
33 164 169 167 33 57 1.195301
33 170 175 173 33 58 1.192477
33 176 181 179 33 59 1.188866
33 182 187 185 33 60 1.191827
33 188 193 191 33 61 1.190371
33 194 254 224 33 62 1.170347
33 255 255 255 33 63 1.169375
34 0 0 0 34 0 1.000000   # ieta [35], pt 0
34 1 15 8 34 1 2.417891
34 16 16 16 34 2 2.276248
34 17 17 17 34 3 2.177009
34 18 18 18 34 4 2.077987
34 19 19 19 34 5 1.996051
34 20 20 20 34 6 1.919098
34 21 21 21 34 7 1.872789
34 22 22 22 34 8 1.813320
34 23 23 23 34 9 1.747971
34 24 24 24 34 10 1.698427
34 25 25 25 34 11 1.665935
34 26 26 26 34 12 1.628227
34 27 27 27 34 13 1.580858
34 28 28 28 34 14 1.555885
34 29 29 29 34 15 1.550111
34 30 30 30 34 16 1.526106
34 31 31 31 34 17 1.518210
34 32 33 33 34 18 1.494545
34 34 35 35 34 19 1.462111
34 36 37 37 34 20 1.438838
34 38 39 39 34 21 1.419316
34 40 41 41 34 22 1.405046
34 42 43 43 34 23 1.392949
34 44 45 45 34 24 1.390624
34 46 47 47 34 25 1.380784
34 48 49 49 34 26 1.364675
34 50 51 51 34 27 1.355908
34 52 53 53 34 28 1.345428
34 54 55 55 34 29 1.335184
34 56 57 57 34 30 1.319778
34 58 59 59 34 31 1.313876
34 60 61 61 34 32 1.313578
34 62 64 63 34 33 1.316750
34 65 67 66 34 34 1.304325
34 68 70 69 34 35 1.294671
34 71 73 72 34 36 1.273164
34 74 76 75 34 37 1.264266
34 77 79 78 34 38 1.250052
34 80 82 81 34 39 1.244225
34 83 85 84 34 40 1.234705
34 86 88 87 34 41 1.222966
34 89 91 90 34 42 1.214093
34 92 94 93 34 43 1.196457
34 95 97 96 34 44 1.191956
34 98 100 99 34 45 1.194931
34 101 103 102 34 46 1.211118
34 104 109 107 34 47 1.201842
34 110 115 113 34 48 1.162493
34 116 121 119 34 49 1.157945
34 122 127 125 34 50 1.165658
34 128 133 131 34 51 1.166344
34 134 139 137 34 52 1.173361
34 140 145 143 34 53 1.180247
34 146 151 149 34 54 1.182747
34 152 157 155 34 55 1.190882
34 158 163 161 34 56 1.194491
34 164 169 167 34 57 1.195301
34 170 175 173 34 58 1.192477
34 176 181 179 34 59 1.188866
34 182 187 185 34 60 1.191827
34 188 193 191 34 61 1.190371
34 194 254 224 34 62 1.170347
34 255 255 255 34 63 1.169375
35 0 0 0 35 0 1.000000   # ieta [36], pt 0
35 1 15 8 35 1 2.417891
35 16 16 16 35 2 2.276248
35 17 17 17 35 3 2.177009
35 18 18 18 35 4 2.077987
35 19 19 19 35 5 1.997368
35 20 20 20 35 6 1.920415
35 21 21 21 35 7 1.870085
35 22 22 22 35 8 1.809234
35 23 23 23 35 9 1.743885
35 24 24 24 35 10 1.689920
35 25 25 25 35 11 1.657428
35 26 26 26 35 12 1.620467
35 27 27 27 35 13 1.573098
35 28 28 28 35 14 1.548125
35 29 29 29 35 15 1.539059
35 30 30 30 35 16 1.512985
35 31 31 31 35 17 1.506917
35 32 33 33 35 18 1.483252
35 34 35 35 35 19 1.450818
35 36 37 37 35 20 1.427544
35 38 39 39 35 21 1.406759
35 40 41 41 35 22 1.391951
35 42 43 43 35 23 1.376339
35 44 45 45 35 24 1.374014
35 46 47 47 35 25 1.364174
35 48 49 49 35 26 1.350404
35 50 51 51 35 27 1.345159
35 52 53 53 35 28 1.334679
35 54 55 55 35 29 1.324435
35 56 57 57 35 30 1.310790
35 58 59 59 35 31 1.307567
35 60 61 61 35 32 1.307269
35 62 64 63 35 33 1.310441
35 65 67 66 35 34 1.299395
35 68 70 69 35 35 1.290431
35 71 73 72 35 36 1.268923
35 74 76 75 35 37 1.261768
35 77 79 78 35 38 1.248426
35 80 82 81 35 39 1.242599
35 83 85 84 35 40 1.233079
35 86 88 87 35 41 1.221339
35 89 91 90 35 42 1.213551
35 92 94 93 35 43 1.196457
35 95 97 96 35 44 1.191956
35 98 100 99 35 45 1.194931
35 101 103 102 35 46 1.211118
35 104 109 107 35 47 1.201842
35 110 115 113 35 48 1.162493
35 116 121 119 35 49 1.157945
35 122 127 125 35 50 1.165658
35 128 133 131 35 51 1.166344
35 134 139 137 35 52 1.173361
35 140 145 143 35 53 1.180247
35 146 151 149 35 54 1.182747
35 152 157 155 35 55 1.190882
35 158 163 161 35 56 1.194491
35 164 169 167 35 57 1.195301
35 170 175 173 35 58 1.192477
35 176 181 179 35 59 1.188866
35 182 187 185 35 60 1.191827
35 188 193 191 35 61 1.190371
35 194 254 224 35 62 1.170347
35 255 255 255 35 63 1.169375
36 0 0 0 36 0 1.000000   # ieta [37], pt 0
36 1 15 8 36 1 2.417891
36 16 16 16 36 2 2.276248
36 17 17 17 36 3 2.185664
36 18 18 18 36 4 2.086641
36 19 19 19 36 5 2.006022
36 20 20 20 36 6 1.929069
36 21 21 21 36 7 1.878739
36 22 22 22 36 8 1.817888
36 23 23 23 36 9 1.752539
36 24 24 24 36 10 1.689920
36 25 25 25 36 11 1.657428
36 26 26 26 36 12 1.620467
36 27 27 27 36 13 1.573098
36 28 28 28 36 14 1.548125
36 29 29 29 36 15 1.539059
36 30 30 30 36 16 1.512985
36 31 31 31 36 17 1.506917
36 32 33 33 36 18 1.483252
36 34 35 35 36 19 1.450818
36 36 37 37 36 20 1.427544
36 38 39 39 36 21 1.406759
36 40 41 41 36 22 1.391951
36 42 43 43 36 23 1.376339
36 44 45 45 36 24 1.374014
36 46 47 47 36 25 1.364174
36 48 49 49 36 26 1.350404
36 50 51 51 36 27 1.345159
36 52 53 53 36 28 1.334679
36 54 55 55 36 29 1.324435
36 56 57 57 36 30 1.310790
36 58 59 59 36 31 1.307567
36 60 61 61 36 32 1.307269
36 62 64 63 36 33 1.310441
36 65 67 66 36 34 1.299395
36 68 70 69 36 35 1.290431
36 71 73 72 36 36 1.268923
36 74 76 75 36 37 1.261768
36 77 79 78 36 38 1.248426
36 80 82 81 36 39 1.242599
36 83 85 84 36 40 1.233079
36 86 88 87 36 41 1.221339
36 89 91 90 36 42 1.213551
36 92 94 93 36 43 1.196457
36 95 97 96 36 44 1.191956
36 98 100 99 36 45 1.194931
36 101 103 102 36 46 1.211118
36 104 109 107 36 47 1.201842
36 110 115 113 36 48 1.162493
36 116 121 119 36 49 1.157945
36 122 127 125 36 50 1.165658
36 128 133 131 36 51 1.166344
36 134 139 137 36 52 1.173361
36 140 145 143 36 53 1.180247
36 146 151 149 36 54 1.182747
36 152 157 155 36 55 1.190882
36 158 163 161 36 56 1.194491
36 164 169 167 36 57 1.195301
36 170 175 173 36 58 1.192477
36 176 181 179 36 59 1.188866
36 182 187 185 36 60 1.191827
36 188 193 191 36 61 1.190371
36 194 254 224 36 62 1.170347
36 255 255 255 36 63 1.169375
37 0 0 0 37 0 1.000000   # ieta [38], pt 0
37 1 15 8 37 1 2.417891
37 16 16 16 37 2 2.276248
37 17 17 17 37 3 2.185664
37 18 18 18 37 4 2.086641
37 19 19 19 37 5 2.006022
37 20 20 20 37 6 1.929069
37 21 21 21 37 7 1.878739
37 22 22 22 37 8 1.817888
37 23 23 23 37 9 1.747095
37 24 24 24 37 10 1.680094
37 25 25 25 37 11 1.647602
37 26 26 26 37 12 1.606744
37 27 27 27 37 13 1.559375
37 28 28 28 37 14 1.539846
37 29 29 29 37 15 1.530781
37 30 30 30 37 16 1.504707
37 31 31 31 37 17 1.498639
37 32 33 33 37 18 1.474974
37 34 35 35 37 19 1.442540
37 36 37 37 37 20 1.419266
37 38 39 39 37 21 1.398480
37 40 41 41 37 22 1.383673
37 42 43 43 37 23 1.368060
37 44 45 45 37 24 1.365735
37 46 47 47 37 25 1.355896
37 48 49 49 37 26 1.344074
37 50 51 51 37 27 1.340777
37 52 53 53 37 28 1.330298
37 54 55 55 37 29 1.320053
37 56 57 57 37 30 1.310790
37 58 59 59 37 31 1.307567
37 60 61 61 37 32 1.307269
37 62 64 63 37 33 1.310441
37 65 67 66 37 34 1.299395
37 68 70 69 37 35 1.290431
37 71 73 72 37 36 1.268923
37 74 76 75 37 37 1.261768
37 77 79 78 37 38 1.248426
37 80 82 81 37 39 1.242599
37 83 85 84 37 40 1.233079
37 86 88 87 37 41 1.221339
37 89 91 90 37 42 1.213551
37 92 94 93 37 43 1.196457
37 95 97 96 37 44 1.191956
37 98 100 99 37 45 1.194931
37 101 103 102 37 46 1.211118
37 104 109 107 37 47 1.201842
37 110 115 113 37 48 1.162493
37 116 121 119 37 49 1.157945
37 122 127 125 37 50 1.165658
37 128 133 131 37 51 1.166344
37 134 139 137 37 52 1.173361
37 140 145 143 37 53 1.180247
37 146 151 149 37 54 1.182747
37 152 157 155 37 55 1.190882
37 158 163 161 37 56 1.194491
37 164 169 167 37 57 1.195301
37 170 175 173 37 58 1.192477
37 176 181 179 37 59 1.188866
37 182 187 185 37 60 1.191827
37 188 193 191 37 61 1.190371
37 194 254 224 37 62 1.170347
37 255 255 255 37 63 1.169375
38 0 0 0 38 0 1.000000   # ieta [39], pt 0
38 1 15 8 38 1 2.417891
38 16 16 16 38 2 2.276248
38 17 17 17 38 3 2.185664
38 18 18 18 38 4 2.086641
38 19 19 19 38 5 2.006022
38 20 20 20 38 6 1.929069
38 21 21 21 38 7 1.878739
38 22 22 22 38 8 1.817888
38 23 23 23 38 9 1.747095
38 24 24 24 38 10 1.680094
38 25 25 25 38 11 1.647602
38 26 26 26 38 12 1.606744
38 27 27 27 38 13 1.559375
38 28 28 28 38 14 1.539846
38 29 29 29 38 15 1.530781
38 30 30 30 38 16 1.504707
38 31 31 31 38 17 1.498639
38 32 33 33 38 18 1.474974
38 34 35 35 38 19 1.442540
38 36 37 37 38 20 1.419266
38 38 39 39 38 21 1.398480
38 40 41 41 38 22 1.383673
38 42 43 43 38 23 1.368060
38 44 45 45 38 24 1.365735
38 46 47 47 38 25 1.355896
38 48 49 49 38 26 1.344074
38 50 51 51 38 27 1.340777
38 52 53 53 38 28 1.330298
38 54 55 55 38 29 1.320053
38 56 57 57 38 30 1.310790
38 58 59 59 38 31 1.307567
38 60 61 61 38 32 1.307269
38 62 64 63 38 33 1.310441
38 65 67 66 38 34 1.299395
38 68 70 69 38 35 1.290431
38 71 73 72 38 36 1.268923
38 74 76 75 38 37 1.261768
38 77 79 78 38 38 1.248426
38 80 82 81 38 39 1.242599
38 83 85 84 38 40 1.233079
38 86 88 87 38 41 1.221339
38 89 91 90 38 42 1.213551
38 92 94 93 38 43 1.196457
38 95 97 96 38 44 1.191956
38 98 100 99 38 45 1.194931
38 101 103 102 38 46 1.211118
38 104 109 107 38 47 1.201842
38 110 115 113 38 48 1.162493
38 116 121 119 38 49 1.157945
38 122 127 125 38 50 1.165658
38 128 133 131 38 51 1.166344
38 134 139 137 38 52 1.173361
38 140 145 143 38 53 1.180247
38 146 151 149 38 54 1.182747
38 152 157 155 38 55 1.190882
38 158 163 161 38 56 1.194491
38 164 169 167 38 57 1.195301
38 170 175 173 38 58 1.192477
38 176 181 179 38 59 1.188866
38 182 187 185 38 60 1.191827
38 188 193 191 38 61 1.190371
38 194 254 224 38 62 1.170347
38 255 255 255 38 63 1.169375
39 0 0 0 39 0 1.000000   # ieta [40], pt 0
39 1 15 8 39 1 2.417891
39 16 16 16 39 2 2.276248
39 17 17 17 39 3 2.185664
39 18 18 18 39 4 2.086641
39 19 19 19 39 5 2.006022
39 20 20 20 39 6 1.929069
39 21 21 21 39 7 1.878739
39 22 22 22 39 8 1.817888
39 23 23 23 39 9 1.747095
39 24 24 24 39 10 1.680094
39 25 25 25 39 11 1.647602
39 26 26 26 39 12 1.606744
39 27 27 27 39 13 1.559375
39 28 28 28 39 14 1.539846
39 29 29 29 39 15 1.530781
39 30 30 30 39 16 1.504707
39 31 31 31 39 17 1.498639
39 32 33 33 39 18 1.474974
39 34 35 35 39 19 1.442540
39 36 37 37 39 20 1.419266
39 38 39 39 39 21 1.398480
39 40 41 41 39 22 1.383673
39 42 43 43 39 23 1.368060
39 44 45 45 39 24 1.365735
39 46 47 47 39 25 1.355896
39 48 49 49 39 26 1.344074
39 50 51 51 39 27 1.340777
39 52 53 53 39 28 1.330298
39 54 55 55 39 29 1.320053
39 56 57 57 39 30 1.310790
39 58 59 59 39 31 1.307567
39 60 61 61 39 32 1.307269
39 62 64 63 39 33 1.310441
39 65 67 66 39 34 1.299395
39 68 70 69 39 35 1.290431
39 71 73 72 39 36 1.268923
39 74 76 75 39 37 1.261768
39 77 79 78 39 38 1.248426
39 80 82 81 39 39 1.242599
39 83 85 84 39 40 1.233079
39 86 88 87 39 41 1.221339
39 89 91 90 39 42 1.213551
39 92 94 93 39 43 1.196457
39 95 97 96 39 44 1.191956
39 98 100 99 39 45 1.194931
39 101 103 102 39 46 1.211118
39 104 109 107 39 47 1.201842
39 110 115 113 39 48 1.162493
39 116 121 119 39 49 1.157945
39 122 127 125 39 50 1.165658
39 128 133 131 39 51 1.166344
39 134 139 137 39 52 1.173361
39 140 145 143 39 53 1.180247
39 146 151 149 39 54 1.182747
39 152 157 155 39 55 1.190882
39 158 163 161 39 56 1.194491
39 164 169 167 39 57 1.195301
39 170 175 173 39 58 1.192477
39 176 181 179 39 59 1.188866
39 182 187 185 39 60 1.191827
39 188 193 191 39 61 1.190371
39 194 254 224 39 62 1.170347
39 255 255 255 39 63 1.169375
