0 0 0 0 0 0 1.000000   # ieta [1, 2, 3, 4, 5], pt 0
0 1 19 10 0 1 2.457027
0 20 20 20 0 2 2.441624
0 21 21 21 0 3 2.408242
0 22 25 24 0 4 2.356250
0 26 29 28 0 5 2.257322
0 30 34 32 0 6 2.170058
0 35 40 38 0 7 2.086634
0 41 48 45 0 8 1.997848
0 49 58 54 0 9 1.913138
0 59 71 65 0 10 1.827534
0 72 88 80 0 11 1.750746
0 89 113 101 0 12 1.670891
0 114 155 135 0 13 1.588010
0 156 254 205 0 14 1.495856
0 255 255 255 0 15 1.457325
1 0 0 0 1 0 1.000000   # ieta [6, 7, 8, 9], pt 0
1 1 19 10 1 1 2.501462
1 20 20 20 1 2 2.498659
1 21 21 21 1 3 2.446815
1 22 25 24 1 4 2.391462
1 26 29 28 1 5 2.297776
1 30 34 32 1 6 2.202348
1 35 40 38 1 7 2.119623
1 41 48 45 1 8 2.022949
1 49 58 54 1 9 1.936880
1 59 71 65 1 10 1.851134
1 72 88 80 1 11 1.770397
1 89 113 101 1 12 1.687065
1 114 155 135 1 13 1.602656
1 156 254 205 1 14 1.508223
1 255 255 255 1 15 1.466409
2 0 0 0 2 0 1.000000   # ieta [10, 11, 12, 13], pt 0
2 1 19 10 2 1 2.591646
2 20 20 20 2 2 2.578933
2 21 21 21 2 3 2.520068
2 22 25 24 2 4 2.467019
2 26 29 28 2 5 2.365638
2 30 34 32 2 6 2.275068
2 35 40 38 2 7 2.184515
2 41 48 45 2 8 2.083358
2 49 58 54 2 9 1.991398
2 59 71 65 2 10 1.897166
2 72 88 80 2 11 1.813460
2 89 113 101 2 12 1.724779
2 114 155 135 2 13 1.632173
2 156 254 205 2 14 1.530935
2 255 255 255 2 15 1.484597
3 0 0 0 3 0 1.000000   # ieta [14, 15], pt 0
3 1 19 10 3 1 2.743283
3 20 20 20 3 2 2.731078
3 21 21 21 3 3 2.675974
3 22 25 24 3 4 2.619126
3 26 29 28 3 5 2.507949
3 30 34 32 3 6 2.393234
3 35 40 38 3 7 2.296101
3 41 48 45 3 8 2.188259
3 49 58 54 3 9 2.091264
3 59 71 65 3 10 1.987043
3 72 88 80 3 11 1.889884
3 89 113 101 3 12 1.795550
3 114 155 135 3 13 1.691175
3 156 254 205 3 14 1.580549
3 255 255 255 3 15 1.535298
4 0 0 0 4 0 1.000000   # ieta [16, 17], pt 0
4 1 19 10 4 1 2.929744
4 20 20 20 4 2 2.864530
4 21 21 21 4 3 2.829744
4 22 25 24 4 4 2.753771
4 26 29 28 4 5 2.636197
4 30 34 32 4 6 2.530972
4 35 40 38 4 7 2.424910
4 41 48 45 4 8 2.314382
4 49 58 54 4 9 2.213818
4 59 71 65 4 10 2.109745
4 72 88 80 4 11 2.007428
4 89 113 101 4 12 1.907098
4 114 155 135 4 13 1.807082
4 156 254 205 4 14 1.691785
4 255 255 255 4 15 1.644546
5 0 0 0 5 0 1.000000   # ieta [18, 19], pt 0
5 1 19 10 5 1 2.708074
5 20 20 20 5 2 2.657439
5 21 21 21 5 3 2.637263
5 22 25 24 5 4 2.567821
5 26 29 28 5 5 2.451045
5 30 34 32 5 6 2.351698
5 35 40 38 5 7 2.248251
5 41 48 45 5 8 2.146088
5 49 58 54 5 9 2.042659
5 59 71 65 5 10 1.935925
5 72 88 80 5 11 1.839882
5 89 113 101 5 12 1.743264
5 114 155 135 5 13 1.641258
5 156 254 205 5 14 1.528170
5 255 255 255 5 15 1.485855
6 0 0 0 6 0 1.000000   # ieta [20, 21], pt 0
6 1 19 10 6 1 2.666465
6 20 20 20 6 2 2.602254
6 21 21 21 6 3 2.567655
6 22 25 24 6 4 2.495309
6 26 29 28 6 5 2.373608
6 30 34 32 6 6 2.275897
6 35 40 38 6 7 2.185477
6 41 48 45 6 8 2.080728
6 49 58 54 6 9 1.981725
6 59 71 65 6 10 1.884740
6 72 88 80 6 11 1.796644
6 89 113 101 6 12 1.704083
6 114 155 135 6 13 1.610331
6 156 254 205 6 14 1.498857
6 255 255 255 6 15 1.455268
7 0 0 0 7 0 1.000000   # ieta [22], pt 0
7 1 19 10 7 1 2.571600
7 20 20 20 7 2 2.528483
7 21 21 21 7 3 2.494609
7 22 25 24 7 4 2.415601
7 26 29 28 7 5 2.298779
7 30 34 32 7 6 2.204509
7 35 40 38 7 7 2.114853
7 41 48 45 7 8 2.012183
7 49 58 54 7 9 1.918471
7 59 71 65 7 10 1.833024
7 72 88 80 7 11 1.745570
7 89 113 101 7 12 1.661245
7 114 155 135 7 13 1.573051
7 156 254 205 7 14 1.470849
7 255 255 255 7 15 1.429247
8 0 0 0 8 0 1.000000   # ieta [23], pt 0
8 1 19 10 8 1 2.467369
8 20 20 20 8 2 2.418550
8 21 21 21 8 3 2.391596
8 22 25 24 8 4 2.324453
8 26 29 28 8 5 2.197846
8 30 34 32 8 6 2.129720
8 35 40 38 8 7 2.040921
8 41 48 45 8 8 1.953163
8 49 58 54 8 9 1.866975
8 59 71 65 8 10 1.778145
8 72 88 80 8 11 1.698994
8 89 113 101 8 12 1.620924
8 114 155 135 8 13 1.537561
8 156 254 205 8 14 1.439356
8 255 255 255 8 15 1.404820
9 0 0 0 9 0 1.000000   # ieta [24], pt 0
9 1 19 10 9 1 2.349313
9 20 20 20 9 2 2.291249
9 21 21 21 9 3 2.268368
9 22 25 24 9 4 2.206186
9 26 29 28 9 5 2.105834
9 30 34 32 9 6 2.040618
9 35 40 38 9 7 1.964426
9 41 48 45 9 8 1.887290
9 49 58 54 9 9 1.808086
9 59 71 65 9 10 1.731107
9 72 88 80 9 11 1.656117
9 89 113 101 9 12 1.583834
9 114 155 135 9 13 1.505172
9 156 254 205 9 14 1.412261
9 255 255 255 9 15 1.376139
10 0 0 0 10 0 1.000000   # ieta [25], pt 0
10 1 19 10 10 1 2.271684
10 20 20 20 10 2 2.222084
10 21 21 21 10 3 2.191134
10 22 25 24 10 4 2.141236
10 26 29 28 10 5 2.053841
10 30 34 32 10 6 1.985016
10 35 40 38 10 7 1.921225
10 41 48 45 10 8 1.844314
10 49 58 54 10 9 1.772402
10 59 71 65 10 10 1.700061
10 72 88 80 10 11 1.629597
10 89 113 101 10 12 1.561787
10 114 155 135 10 13 1.484776
10 156 254 205 10 14 1.394910
10 255 255 255 10 15 1.360112
11 0 0 0 11 0 1.000000   # ieta [26], pt 0
11 1 19 10 11 1 2.245939
11 20 20 20 11 2 2.200157
11 21 21 21 11 3 2.172565
11 22 25 24 11 4 2.122148
11 26 29 28 11 5 2.040732
11 30 34 32 11 6 1.973358
11 35 40 38 11 7 1.907819
11 41 48 45 11 8 1.824219
11 49 58 54 11 9 1.744889
11 59 71 65 11 10 1.670022
11 72 88 80 11 11 1.598280
11 89 113 101 11 12 1.525490
11 114 155 135 11 13 1.449061
11 156 254 205 11 14 1.358902
11 255 255 255 11 15 1.326615
12 0 0 0 12 0 1.000000   # ieta [27, 28], pt 0
12 1 19 10 12 1 2.191875
12 20 20 20 12 2 2.143762
12 21 21 21 12 3 2.112363
12 22 25 24 12 4 2.053715
12 26 29 28 12 5 1.955926
12 30 34 32 12 6 1.897101
12 35 40 38 12 7 1.838000
12 41 48 45 12 8 1.763257
12 49 58 54 12 9 1.684027
12 59 71 65 12 10 1.604382
12 72 88 80 12 11 1.523866
12 89 113 101 12 12 1.445302
12 114 155 135 12 13 1.364904
12 156 254 205 12 14 1.277155
12 255 255 255 12 15 1.244267
13 0 0 0 13 0 1.000000   # ieta [29, 30, 31], pt 0
13 1 19 10 13 1 1.387090
13 20 20 20 13 2 1.390596
13 21 21 21 13 3 1.359540
13 22 25 24 13 4 1.339975
13 26 29 28 13 5 1.308592
13 30 34 32 13 6 1.305081
13 35 40 38 13 7 1.294666
13 41 48 45 13 8 1.300397
13 49 58 54 13 9 1.293951
13 59 71 65 13 10 1.276608
13 72 88 80 13 11 1.252324
13 89 113 101 13 12 1.222357
13 114 155 135 13 13 1.179714
13 156 254 205 13 14 1.137512
13 255 255 255 13 15 1.097805
14 0 0 0 14 0 1.000000   # ieta [32, 33, 34, 35], pt 0
14 1 19 10 14 1 1.144533
14 20 20 20 14 2 1.120716
14 21 21 21 14 3 1.109759
14 22 25 24 14 4 1.080506
14 26 29 28 14 5 1.046564
14 30 34 32 14 6 1.039950
14 35 40 38 14 7 1.039345
14 41 48 45 14 8 1.049434
14 49 58 54 14 9 1.067420
14 59 71 65 14 10 1.075251
14 72 88 80 14 11 1.068551
14 89 113 101 14 12 1.049621
14 114 155 135 14 13 1.024995
14 156 254 205 14 14 0.994530
14 255 255 255 14 15 0.966729
15 0 0 0 15 0 1.000000   # ieta [36, 37, 38, 39, 40], pt 0
15 1 19 10 15 1 1.329790
15 20 20 20 15 2 1.303941
15 21 21 21 15 3 1.277653
15 22 25 24 15 4 1.211352
15 26 29 28 15 5 1.148346
15 30 34 32 15 6 1.106055
15 35 40 38 15 7 1.073077
15 41 48 45 15 8 1.065029
15 49 58 54 15 9 1.050335
15 59 71 65 15 10 1.036480
15 72 88 80 15 11 1.015924
15 89 113 101 15 12 0.991640
15 114 155 135 15 13 0.955226
15 156 254 205 15 14 0.921711
15 255 255 255 15 15 0.913631
