# columns 
# CaloToolMPEtaBin PtMin PtMax avgPt IEtaBin_forLUT_col1 PtBin_forLUT SF
0 0 0 0 0 0 1.000000   # ieta [1], pt 0
0 1 15 8 0 1 2.689833
0 16 16 16 0 2 2.627731
0 17 17 17 0 3 2.593225
0 18 18 18 0 4 2.550014
0 19 19 19 0 5 2.503399
0 20 20 20 0 6 2.473886
0 21 21 21 0 7 2.437698
0 22 22 22 0 8 2.400457
0 23 23 23 0 9 2.365935
0 24 24 24 0 10 2.335743
0 25 25 25 0 11 2.315071
0 26 26 26 0 12 2.289341
0 27 27 27 0 13 2.271764
0 28 28 28 0 14 2.239626
0 29 29 29 0 15 2.218289
0 30 30 30 0 16 2.209636
0 31 31 31 0 17 2.195381
0 32 33 33 0 18 2.165498
0 34 35 35 0 19 2.121695
0 36 37 37 0 20 2.092842
0 38 39 39 0 21 2.060860
0 40 41 41 0 22 2.037805
0 42 43 43 0 23 2.013841
0 44 45 45 0 24 1.993267
0 46 47 47 0 25 1.965489
0 48 49 49 0 26 1.942366
0 50 51 51 0 27 1.928045
0 52 53 53 0 28 1.913345
0 54 55 55 0 29 1.898974
0 56 57 57 0 30 1.876842
0 58 59 59 0 31 1.864497
0 60 61 61 0 32 1.848105
0 62 64 63 0 33 1.833185
0 65 67 66 0 34 1.810334
0 68 70 69 0 35 1.791974
0 71 73 72 0 36 1.775304
0 74 76 75 0 37 1.762724
0 77 79 78 0 38 1.751065
0 80 82 81 0 39 1.738343
0 83 85 84 0 40 1.722593
0 86 88 87 0 41 1.712433
0 89 91 90 0 42 1.700901
0 92 94 93 0 43 1.689776
0 95 97 96 0 44 1.680220
0 98 100 99 0 45 1.670093
0 101 103 102 0 46 1.659708
0 104 109 107 0 47 1.644289
0 110 115 113 0 48 1.628797
0 116 121 119 0 49 1.612155
0 122 127 125 0 50 1.597692
0 128 133 131 0 51 1.587701
0 134 139 137 0 52 1.576186
0 140 145 143 0 53 1.563370
0 146 151 149 0 54 1.553041
0 152 157 155 0 55 1.544346
0 158 163 161 0 56 1.536198
0 164 169 167 0 57 1.528297
0 170 175 173 0 58 1.519658
0 176 181 179 0 59 1.512221
0 182 187 185 0 60 1.506636
0 188 193 191 0 61 1.498093
0 194 254 224 0 62 1.470840
0 255 255 255 0 63 1.448593
1 0 0 0 1 0 1.000000   # ieta [2], pt 0
1 1 15 8 1 1 2.688817
1 16 16 16 1 2 2.626739
1 17 17 17 1 3 2.592246
1 18 18 18 1 4 2.549051
1 19 19 19 1 5 2.502454
1 20 20 20 1 6 2.474280
1 21 21 21 1 7 2.438086
1 22 22 22 1 8 2.400839
1 23 23 23 1 9 2.366514
1 24 24 24 1 10 2.336315
1 25 25 25 1 11 2.315637
1 26 26 26 1 12 2.289901
1 27 27 27 1 13 2.272321
1 28 28 28 1 14 2.240175
1 29 29 29 1 15 2.218832
1 30 30 30 1 16 2.210177
1 31 31 31 1 17 2.195919
1 32 33 33 1 18 2.166028
1 34 35 35 1 19 2.122215
1 36 37 37 1 20 2.091141
1 38 39 39 1 21 2.061471
1 40 41 41 1 22 2.038279
1 42 43 43 1 23 2.014182
1 44 45 45 1 24 1.993604
1 46 47 47 1 25 1.966911
1 48 49 49 1 26 1.943851
1 50 51 51 1 27 1.928890
1 52 53 53 1 28 1.914183
1 54 55 55 1 29 1.899882
1 56 57 57 1 30 1.877814
1 58 59 59 1 31 1.865463
1 60 61 61 1 32 1.849062
1 62 64 63 1 33 1.834135
1 65 67 66 1 34 1.811377
1 68 70 69 1 35 1.793006
1 71 73 72 1 36 1.776327
1 74 76 75 1 37 1.763739
1 77 79 78 1 38 1.752074
1 80 82 81 1 39 1.739282
1 83 85 84 1 40 1.723516
1 86 88 87 1 41 1.713636
1 89 91 90 1 42 1.702096
1 92 94 93 1 43 1.691032
1 95 97 96 1 44 1.681607
1 98 100 99 1 45 1.671471
1 101 103 102 1 46 1.661031
1 104 109 107 1 47 1.645505
1 110 115 113 1 48 1.630002
1 116 121 119 1 49 1.614163
1 122 127 125 1 50 1.600346
1 128 133 131 1 51 1.590472
1 134 139 137 1 52 1.578937
1 140 145 143 1 53 1.566098
1 146 151 149 1 54 1.555785
1 152 157 155 1 55 1.547303
1 158 163 161 1 56 1.539389
1 164 169 167 1 57 1.531478
1 170 175 173 1 58 1.523313
1 176 181 179 1 59 1.515857
1 182 187 185 1 60 1.510288
1 188 193 191 1 61 1.501753
1 194 254 224 1 62 1.475226
1 255 255 255 1 63 1.456397
2 0 0 0 2 0 1.000000   # ieta [3], pt 0
2 1 15 8 2 1 2.698120
2 16 16 16 2 2 2.635700
2 17 17 17 2 3 2.598139
2 18 18 18 2 4 2.559449
2 19 19 19 2 5 2.513874
2 20 20 20 2 6 2.487209
2 21 21 21 2 7 2.450295
2 22 22 22 2 8 2.415896
2 23 23 23 2 9 2.384519
2 24 24 24 2 10 2.356915
2 25 25 25 2 11 2.333968
2 26 26 26 2 12 2.308028
2 27 27 27 2 13 2.290308
2 28 28 28 2 14 2.257908
2 29 29 29 2 15 2.236396
2 30 30 30 2 16 2.227673
2 31 31 31 2 17 2.212972
2 32 33 33 2 18 2.182456
2 34 35 35 2 19 2.139097
2 36 37 37 2 20 2.105085
2 38 39 39 2 21 2.074805
2 40 41 41 2 22 2.047515
2 42 43 43 2 23 2.019027
2 44 45 45 2 24 1.999243
2 46 47 47 2 25 1.974517
2 48 49 49 2 26 1.952772
2 50 51 51 2 27 1.936755
2 52 53 53 2 28 1.921543
2 54 55 55 2 29 1.906722
2 56 57 57 2 30 1.885781
2 58 59 59 2 31 1.873525
2 60 61 61 2 32 1.857327
2 62 64 63 2 33 1.842735
2 65 67 66 2 34 1.819784
2 68 70 69 2 35 1.800975
2 71 73 72 2 36 1.784209
2 74 76 75 2 37 1.771566
2 77 79 78 2 38 1.759523
2 80 82 81 2 39 1.746528
2 83 85 84 2 40 1.729506
2 86 88 87 2 41 1.718648
2 89 91 90 2 42 1.706974
2 92 94 93 2 43 1.695762
2 95 97 96 2 44 1.686288
2 98 100 99 2 45 1.676101
2 101 103 102 2 46 1.665483
2 104 109 107 2 47 1.649413
2 110 115 113 2 48 1.634830
2 116 121 119 2 49 1.618972
2 122 127 125 2 50 1.605369
2 128 133 131 2 51 1.596013
2 134 139 137 2 52 1.584438
2 140 145 143 2 53 1.571554
2 146 151 149 2 54 1.560950
2 152 157 155 2 55 1.552184
2 158 163 161 2 56 1.544246
2 164 169 167 2 57 1.536821
2 170 175 173 2 58 1.528835
2 176 181 179 2 59 1.521353
2 182 187 185 2 60 1.515595
2 188 193 191 2 61 1.506840
2 194 254 224 2 62 1.477791
2 255 255 255 2 63 1.456525
3 0 0 0 3 0 1.000000   # ieta [4], pt 0
3 1 15 8 3 1 2.712124
3 16 16 16 3 2 2.650914
3 17 17 17 3 3 2.617286
3 18 18 18 3 4 2.580469
3 19 19 19 3 5 2.537380
3 20 20 20 3 6 2.511572
3 21 21 21 3 7 2.475534
3 22 22 22 3 8 2.442226
3 23 23 23 3 9 2.415253
3 24 24 24 3 10 2.387062
3 25 25 25 3 11 2.362532
3 26 26 26 3 12 2.334889
3 27 27 27 3 13 2.310722
3 28 28 28 3 14 2.278033
3 29 29 29 3 15 2.253981
3 30 30 30 3 16 2.245332
3 31 31 31 3 17 2.230514
3 32 33 33 3 18 2.197006
3 34 35 35 3 19 2.155262
3 36 37 37 3 20 2.121670
3 38 39 39 3 21 2.089818
3 40 41 41 3 22 2.063171
3 42 43 43 3 23 2.035513
3 44 45 45 3 24 2.015537
3 46 47 47 3 25 1.989671
3 48 49 49 3 26 1.966857
3 50 51 51 3 27 1.946996
3 52 53 53 3 28 1.931497
3 54 55 55 3 29 1.916156
3 56 57 57 3 30 1.892727
3 58 59 59 3 31 1.880426
3 60 61 61 3 32 1.864910
3 62 64 63 3 33 1.849783
3 65 67 66 3 34 1.827079
3 68 70 69 3 35 1.808598
3 71 73 72 3 36 1.791495
3 74 76 75 3 37 1.778270
3 77 79 78 3 38 1.765867
3 80 82 81 3 39 1.752906
3 83 85 84 3 40 1.735659
3 86 88 87 3 41 1.724762
3 89 91 90 3 42 1.713289
3 92 94 93 3 43 1.702384
3 95 97 96 3 44 1.692804
3 98 100 99 3 45 1.682560
3 101 103 102 3 46 1.671864
3 104 109 107 3 47 1.656071
3 110 115 113 3 48 1.640364
3 116 121 119 3 49 1.624119
3 122 127 125 3 50 1.610380
3 128 133 131 3 51 1.600977
3 134 139 137 3 52 1.589365
3 140 145 143 3 53 1.576147
3 146 151 149 3 54 1.565217
3 152 157 155 3 55 1.556052
3 158 163 161 3 56 1.548094
3 164 169 167 3 57 1.540651
3 170 175 173 3 58 1.532644
3 176 181 179 3 59 1.524470
3 182 187 185 3 60 1.518269
3 188 193 191 3 61 1.508993
3 194 254 224 3 62 1.478989
3 255 255 255 3 63 1.458019
4 0 0 0 4 0 1.000000   # ieta [5], pt 0
4 1 15 8 4 1 2.739420
4 16 16 16 4 2 2.667746
4 17 17 17 4 3 2.632020
4 18 18 18 4 4 2.589964
4 19 19 19 4 5 2.546716
4 20 20 20 4 6 2.520813
4 21 21 21 4 7 2.484642
4 22 22 22 4 8 2.451211
4 23 23 23 4 9 2.422138
4 24 24 24 4 10 2.389970
4 25 25 25 4 11 2.367267
4 26 26 26 4 12 2.344679
4 27 27 27 4 13 2.320411
4 28 28 28 4 14 2.286800
4 29 29 29 4 15 2.262656
4 30 30 30 4 16 2.253974
4 31 31 31 4 17 2.239099
4 32 33 33 4 18 2.205030
4 34 35 35 4 19 2.164736
4 36 37 37 4 20 2.135118
4 38 39 39 4 21 2.104530
4 40 41 41 4 22 2.074267
4 42 43 43 4 23 2.043194
4 44 45 45 4 24 2.023318
4 46 47 47 4 25 1.998402
4 48 49 49 4 26 1.977878
4 50 51 51 4 27 1.958192
4 52 53 53 4 28 1.943212
4 54 55 55 4 29 1.925337
4 56 57 57 4 30 1.902144
4 58 59 59 4 31 1.888277
4 60 61 61 4 32 1.871195
4 62 64 63 4 33 1.856017
4 65 67 66 4 34 1.833316
4 68 70 69 4 35 1.814965
4 71 73 72 4 36 1.798348
4 74 76 75 4 37 1.785890
4 77 79 78 4 38 1.772173
4 80 82 81 4 39 1.758658
4 83 85 84 4 40 1.740280
4 86 88 87 4 41 1.730193
4 89 91 90 4 42 1.718562
4 92 94 93 4 43 1.707379
4 95 97 96 4 44 1.697771
4 98 100 99 4 45 1.687497
4 101 103 102 4 46 1.677226
4 104 109 107 4 47 1.662290
4 110 115 113 4 48 1.646907
4 116 121 119 4 49 1.630561
4 122 127 125 4 50 1.615896
4 128 133 131 4 51 1.605573
4 134 139 137 4 52 1.594375
4 140 145 143 4 53 1.581115
4 146 151 149 4 54 1.570151
4 152 157 155 4 55 1.561082
4 158 163 161 4 56 1.552054
4 164 169 167 4 57 1.545457
4 170 175 173 4 58 1.537931
4 176 181 179 4 59 1.531228
4 182 187 185 4 60 1.525678
4 188 193 191 4 61 1.516693
4 194 254 224 4 62 1.487660
4 255 255 255 4 63 1.467494
5 0 0 0 5 0 1.000000   # ieta [6], pt 0
5 1 15 8 5 1 2.746324
5 16 16 16 5 2 2.674469
5 17 17 17 5 3 2.639681
5 18 18 18 5 4 2.597502
5 19 19 19 5 5 2.550403
5 20 20 20 5 6 2.524462
5 21 21 21 5 7 2.490416
5 22 22 22 5 8 2.457052
5 23 23 23 5 9 2.426146
5 24 24 24 5 10 2.393291
5 25 25 25 5 11 2.370182
5 26 26 26 5 12 2.347566
5 27 27 27 5 13 2.323268
5 28 28 28 5 14 2.289616
5 29 29 29 5 15 2.265441
5 30 30 30 5 16 2.256749
5 31 31 31 5 17 2.241856
5 32 33 33 5 18 2.209548
5 34 35 35 5 19 2.172195
5 36 37 37 5 20 2.141207
5 38 39 39 5 21 2.109524
5 40 41 41 5 22 2.081873
5 42 43 43 5 23 2.051568
5 44 45 45 5 24 2.031610
5 46 47 47 5 25 2.007083
5 48 49 49 5 26 1.986958
5 50 51 51 5 27 1.966594
5 52 53 53 5 28 1.949568
5 54 55 55 5 29 1.931377
5 56 57 57 5 30 1.910336
5 58 59 59 5 31 1.896410
5 60 61 61 5 32 1.878912
5 62 64 63 5 33 1.863327
5 65 67 66 5 34 1.838520
5 68 70 69 5 35 1.819520
5 71 73 72 5 36 1.802349
5 74 76 75 5 37 1.788843
5 77 79 78 5 38 1.776011
5 80 82 81 5 39 1.763421
5 83 85 84 5 40 1.745990
5 86 88 87 5 41 1.735871
5 89 91 90 5 42 1.724201
5 92 94 93 5 43 1.712981
5 95 97 96 5 44 1.703342
5 98 100 99 5 45 1.693034
5 101 103 102 5 46 1.682729
5 104 109 107 5 47 1.666009
5 110 115 113 5 48 1.650101
5 116 121 119 5 49 1.634707
5 122 127 125 5 50 1.620004
5 128 133 131 5 51 1.609655
5 134 139 137 5 52 1.598429
5 140 145 143 5 53 1.585650
5 146 151 149 5 54 1.574655
5 152 157 155 5 55 1.565559
5 158 163 161 5 56 1.556505
5 164 169 167 5 57 1.547359
5 170 175 173 5 58 1.538826
5 176 181 179 5 59 1.532119
5 182 187 185 5 60 1.526793
5 188 193 191 5 61 1.517915
5 194 254 224 5 62 1.489262
5 255 255 255 5 63 1.468833
6 0 0 0 6 0 1.000000   # ieta [7], pt 0
6 1 15 8 6 1 2.747649
6 16 16 16 6 2 2.675760
6 17 17 17 6 3 2.640956
6 18 18 18 6 4 2.598756
6 19 19 19 6 5 2.551634
6 20 20 20 6 6 2.525681
6 21 21 21 6 7 2.491619
6 22 22 22 6 8 2.458238
6 23 23 23 6 9 2.427317
6 24 24 24 6 10 2.394446
6 25 25 25 6 11 2.370182
6 26 26 26 6 12 2.347566
6 27 27 27 6 13 2.323268
6 28 28 28 6 14 2.289616
6 29 29 29 6 15 2.265441
6 30 30 30 6 16 2.256749
6 31 31 31 6 17 2.241856
6 32 33 33 6 18 2.208700
6 34 35 35 6 19 2.172195
6 36 37 37 6 20 2.141207
6 38 39 39 6 21 2.109524
6 40 41 41 6 22 2.081873
6 42 43 43 6 23 2.051568
6 44 45 45 6 24 2.031610
6 46 47 47 6 25 2.007083
6 48 49 49 6 26 1.986958
6 50 51 51 6 27 1.966594
6 52 53 53 6 28 1.949568
6 54 55 55 6 29 1.931377
6 56 57 57 6 30 1.910336
6 58 59 59 6 31 1.896410
6 60 61 61 6 32 1.878912
6 62 64 63 6 33 1.863327
6 65 67 66 6 34 1.838520
6 68 70 69 6 35 1.819520
6 71 73 72 6 36 1.802349
6 74 76 75 6 37 1.788843
6 77 79 78 6 38 1.776011
6 80 82 81 6 39 1.763421
6 83 85 84 6 40 1.745990
6 86 88 87 6 41 1.735871
6 89 91 90 6 42 1.724201
6 92 94 93 6 43 1.712981
6 95 97 96 6 44 1.703342
6 98 100 99 6 45 1.693034
6 101 103 102 6 46 1.682729
6 104 109 107 6 47 1.666009
6 110 115 113 6 48 1.650101
6 116 121 119 6 49 1.634707
6 122 127 125 6 50 1.620004
6 128 133 131 6 51 1.609655
6 134 139 137 6 52 1.598429
6 140 145 143 6 53 1.585650
6 146 151 149 6 54 1.574655
6 152 157 155 6 55 1.565559
6 158 163 161 6 56 1.556505
6 164 169 167 6 57 1.547359
6 170 175 173 6 58 1.538826
6 176 181 179 6 59 1.532119
6 182 187 185 6 60 1.526793
6 188 193 191 6 61 1.517915
6 194 254 224 6 62 1.489262
6 255 255 255 6 63 1.468833
7 0 0 0 7 0 1.000000   # ieta [8], pt 0
7 1 15 8 7 1 2.754353
7 16 16 16 7 2 2.694851
7 17 17 17 7 3 2.656990
7 18 18 18 7 4 2.614534
7 19 19 19 7 5 2.570126
7 20 20 20 7 6 2.543985
7 21 21 21 7 7 2.508026
7 22 22 22 7 8 2.474426
7 23 23 23 7 9 2.440895
7 24 24 24 7 10 2.407055
7 25 25 25 7 11 2.381186
7 26 26 26 7 12 2.352368
7 27 27 27 7 13 2.328813
7 28 28 28 7 14 2.297134
7 29 29 29 7 15 2.272880
7 30 30 30 7 16 2.264159
7 31 31 31 7 17 2.249217
7 32 33 33 7 18 2.215953
7 34 35 35 7 19 2.176207
7 36 37 37 7 20 2.144919
7 38 39 39 7 21 2.113181
7 40 41 41 7 22 2.086925
7 42 43 43 7 23 2.057336
7 44 45 45 7 24 2.036018
7 46 47 47 7 25 2.010147
7 48 49 49 7 26 1.989991
7 50 51 51 7 27 1.969596
7 52 53 53 7 28 1.953695
7 54 55 55 7 29 1.935466
7 56 57 57 7 30 1.914381
7 58 59 59 7 31 1.900479
7 60 61 61 7 32 1.882943
7 62 64 63 7 33 1.867326
7 65 67 66 7 34 1.840891
7 68 70 69 7 35 1.821867
7 71 73 72 7 36 1.804673
7 74 76 75 7 37 1.791150
7 77 79 78 7 38 1.778301
7 80 82 81 7 39 1.765695
7 83 85 84 7 40 1.748045
7 86 88 87 7 41 1.737834
7 89 91 90 7 42 1.726637
7 92 94 93 7 43 1.715321
7 95 97 96 7 44 1.705086
7 98 100 99 7 45 1.694768
7 101 103 102 7 46 1.684452
7 104 109 107 7 47 1.667715
7 110 115 113 7 48 1.651791
7 116 121 119 7 49 1.636381
7 122 127 125 7 50 1.621663
7 128 133 131 7 51 1.611303
7 134 139 137 7 52 1.600066
7 140 145 143 7 53 1.587274
7 146 151 149 7 54 1.576267
7 152 157 155 7 55 1.567162
7 158 163 161 7 56 1.558099
7 164 169 167 7 57 1.549398
7 170 175 173 7 58 1.540853
7 176 181 179 7 59 1.533809
7 182 187 185 7 60 1.527685
7 188 193 191 7 61 1.518943
7 194 254 224 7 62 1.491259
7 255 255 255 7 63 1.469422
8 0 0 0 8 0 1.000000   # ieta [9], pt 0
8 1 15 8 8 1 2.754712
8 16 16 16 8 2 2.695201
8 17 17 17 8 3 2.657337
8 18 18 18 8 4 2.614875
8 19 19 19 8 5 2.570461
8 20 20 20 8 6 2.544316
8 21 21 21 8 7 2.508132
8 22 22 22 8 8 2.475705
8 23 23 23 8 9 2.442989
8 24 24 24 8 10 2.409213
8 25 25 25 8 11 2.383443
8 26 26 26 8 12 2.354598
8 27 27 27 8 13 2.331020
8 28 28 28 8 14 2.299311
8 29 29 29 8 15 2.275034
8 30 30 30 8 16 2.266305
8 31 31 31 8 17 2.251349
8 32 33 33 8 18 2.218155
8 34 35 35 8 19 2.179476
8 36 37 37 8 20 2.148965
8 38 39 39 8 21 2.117252
8 40 41 41 8 22 2.091563
8 42 43 43 8 23 2.062139
8 44 45 45 8 24 2.040771
8 46 47 47 8 25 2.014243
8 48 49 49 8 26 1.995489
8 50 51 51 8 27 1.976596
8 52 53 53 8 28 1.960638
8 54 55 55 8 29 1.942189
8 56 57 57 8 30 1.921602
8 58 59 59 8 31 1.907648
8 60 61 61 8 32 1.889714
8 62 64 63 8 33 1.872840
8 65 67 66 8 34 1.847811
8 68 70 69 8 35 1.829780
8 71 73 72 8 36 1.812475
8 74 76 75 8 37 1.798893
8 77 79 78 8 38 1.784776
8 80 82 81 8 39 1.771519
8 83 85 84 8 40 1.753810
8 86 88 87 8 41 1.743427
8 89 91 90 8 42 1.732194
8 92 94 93 8 43 1.720842
8 95 97 96 8 44 1.710574
8 98 100 99 8 45 1.699650
8 101 103 102 8 46 1.688164
8 104 109 107 8 47 1.671235
8 110 115 113 8 48 1.654503
8 116 121 119 8 49 1.639068
8 122 127 125 8 50 1.624326
8 128 133 131 8 51 1.612519
8 134 139 137 8 52 1.601273
8 140 145 143 8 53 1.587883
8 146 151 149 8 54 1.576285
8 152 157 155 8 55 1.567448
8 158 163 161 8 56 1.559072
8 164 169 167 8 57 1.550517
8 170 175 173 8 58 1.541967
8 176 181 179 8 59 1.534917
8 182 187 185 8 60 1.529220
8 188 193 191 8 61 1.520468
8 194 254 224 8 62 1.492262
8 255 255 255 8 63 1.469852
9 0 0 0 9 0 1.000000   # ieta [10], pt 0
9 1 15 8 9 1 2.774404
9 16 16 16 9 2 2.722470
9 17 17 17 9 3 2.679492
9 18 18 18 9 4 2.633015
9 19 19 19 9 5 2.588292
9 20 20 20 9 6 2.561966
9 21 21 21 9 7 2.522544
9 22 22 22 9 8 2.489754
9 23 23 23 9 9 2.452585
9 24 24 24 9 10 2.419033
9 25 25 25 9 11 2.393158
9 26 26 26 9 12 2.366752
9 27 27 27 9 13 2.348324
9 28 28 28 9 14 2.313783
9 29 29 29 9 15 2.289354
9 30 30 30 9 16 2.280931
9 31 31 31 9 17 2.265878
9 32 33 33 9 18 2.236335
9 34 35 35 9 19 2.199668
9 36 37 37 9 20 2.171211
9 38 39 39 9 21 2.135657
9 40 41 41 9 22 2.107005
9 42 43 43 9 23 2.074640
9 44 45 45 9 24 2.053317
9 46 47 47 9 25 2.028244
9 48 49 49 9 26 2.006626
9 50 51 51 9 27 1.988230
9 52 53 53 9 28 1.972178
9 54 55 55 9 29 1.951750
9 56 57 57 9 30 1.931061
9 58 59 59 9 31 1.916958
9 60 61 61 9 32 1.898936
9 62 64 63 9 33 1.884352
9 65 67 66 9 34 1.860634
9 68 70 69 9 35 1.842478
9 71 73 72 9 36 1.826239
9 74 76 75 9 37 1.812878
9 77 79 78 9 38 1.795290
9 80 82 81 9 39 1.781334
9 83 85 84 9 40 1.763989
9 86 88 87 9 41 1.753545
9 89 91 90 9 42 1.742247
9 92 94 93 9 43 1.730829
9 95 97 96 9 44 1.720501
9 98 100 99 9 45 1.707382
9 101 103 102 9 46 1.695845
9 104 109 107 9 47 1.679235
9 110 115 113 9 48 1.661478
9 116 121 119 9 49 1.645487
9 122 127 125 9 50 1.630604
9 128 133 131 9 51 1.617955
9 134 139 137 9 52 1.606585
9 140 145 143 9 53 1.593495
9 146 151 149 9 54 1.581689
9 152 157 155 9 55 1.572313
9 158 163 161 9 56 1.563911
9 164 169 167 9 57 1.555330
9 170 175 173 9 58 1.546753
9 176 181 179 9 59 1.538557
9 182 187 185 9 60 1.532337
9 188 193 191 9 61 1.523568
9 194 254 224 9 62 1.495203
9 255 255 255 9 63 1.472413
10 0 0 0 10 0 1.000000   # ieta [11], pt 0
10 1 15 8 10 1 2.802605
10 16 16 16 10 2 2.744744
10 17 17 17 10 3 2.697271
10 18 18 18 10 4 2.654578
10 19 19 19 10 5 2.609489
10 20 20 20 10 6 2.577299
10 21 21 21 10 7 2.544645
10 22 22 22 10 8 2.517572
10 23 23 23 10 9 2.488460
10 24 24 24 10 10 2.460790
10 25 25 25 10 11 2.437835
10 26 26 26 10 12 2.408270
10 27 27 27 10 13 2.385384
10 28 28 28 10 14 2.354792
10 29 29 29 10 15 2.324372
10 30 30 30 10 16 2.315820
10 31 31 31 10 17 2.301407
10 32 33 33 10 18 2.262983
10 34 35 35 10 19 2.223056
10 36 37 37 10 20 2.195607
10 38 39 39 10 21 2.158594
10 40 41 41 10 22 2.129621
10 42 43 43 10 23 2.094559
10 44 45 45 10 24 2.071513
10 46 47 47 10 25 2.047879
10 48 49 49 10 26 2.026759
10 50 51 51 10 27 2.008973
10 52 53 53 10 28 1.991750
10 54 55 55 10 29 1.969530
10 56 57 57 10 30 1.948179
10 58 59 59 10 31 1.932892
10 60 61 61 10 32 1.914416
10 62 64 63 10 33 1.899408
10 65 67 66 10 34 1.875859
10 68 70 69 10 35 1.860471
10 71 73 72 10 36 1.839879
10 74 76 75 10 37 1.825438
10 77 79 78 10 38 1.807728
10 80 82 81 10 39 1.794593
10 83 85 84 10 40 1.780281
10 86 88 87 10 41 1.769412
10 89 91 90 10 42 1.758068
10 92 94 93 10 43 1.747075
10 95 97 96 10 44 1.736966
10 98 100 99 10 45 1.722705
10 101 103 102 10 46 1.711224
10 104 109 107 10 47 1.695594
10 110 115 113 10 48 1.680556
10 116 121 119 10 49 1.660500
10 122 127 125 10 50 1.646085
10 128 133 131 10 51 1.634954
10 134 139 137 10 52 1.623465
10 140 145 143 10 53 1.610237
10 146 151 149 10 54 1.598307
10 152 157 155 10 55 1.586187
10 158 163 161 10 56 1.575299
10 164 169 167 10 57 1.566655
10 170 175 173 10 58 1.558016
10 176 181 179 10 59 1.548563
10 182 187 185 10 60 1.542303
10 188 193 191 10 61 1.532111
10 194 254 224 10 62 1.502734
10 255 255 255 10 63 1.480818
11 0 0 0 11 0 1.000000   # ieta [12], pt 0
11 1 15 8 11 1 2.846281
11 16 16 16 11 2 2.779477
11 17 17 17 11 3 2.751692
11 18 18 18 11 4 2.717624
11 19 19 19 11 5 2.672098
11 20 20 20 11 6 2.638795
11 21 21 21 11 7 2.606384
11 22 22 22 11 8 2.571860
11 23 23 23 11 9 2.539852
11 24 24 24 11 10 2.505138
11 25 25 25 11 11 2.472012
11 26 26 26 11 12 2.441860
11 27 27 27 11 13 2.416053
11 28 28 28 11 14 2.385068
11 29 29 29 11 15 2.360763
11 30 30 30 11 16 2.348630
11 31 31 31 11 17 2.326793
11 32 33 33 11 18 2.296032
11 34 35 35 11 19 2.252830
11 36 37 37 11 20 2.221990
11 38 39 39 11 21 2.184533
11 40 41 41 11 22 2.155211
11 42 43 43 11 23 2.124337
11 44 45 45 11 24 2.100611
11 46 47 47 11 25 2.073398
11 48 49 49 11 26 2.053612
11 50 51 51 11 27 2.036780
11 52 53 53 11 28 2.015703
11 54 55 55 11 29 1.990215
11 56 57 57 11 30 1.974034
11 58 59 59 11 31 1.958544
11 60 61 61 11 32 1.939822
11 62 64 63 11 33 1.924615
11 65 67 66 11 34 1.900469
11 68 70 69 11 35 1.881294
11 71 73 72 11 36 1.854685
11 74 76 75 11 37 1.839366
11 77 79 78 11 38 1.821872
11 80 82 81 11 39 1.810452
11 83 85 84 11 40 1.794381
11 86 88 87 11 41 1.780289
11 89 91 90 11 42 1.768875
11 92 94 93 11 43 1.761470
11 95 97 96 11 44 1.751278
11 98 100 99 11 45 1.737091
11 101 103 102 11 46 1.725896
11 104 109 107 11 47 1.710234
11 110 115 113 11 48 1.696023
11 116 121 119 11 49 1.676785
11 122 127 125 11 50 1.659851
11 128 133 131 11 51 1.647547
11 134 139 137 11 52 1.634682
11 140 145 143 11 53 1.621425
11 146 151 149 11 54 1.611399
11 152 157 155 11 55 1.600085
11 158 163 161 11 56 1.586773
11 164 169 167 11 57 1.580183
11 170 175 173 11 58 1.571468
11 176 181 179 11 59 1.562326
11 182 187 185 11 60 1.556257
11 188 193 191 11 61 1.545974
11 194 254 224 11 62 1.516893
11 255 255 255 11 63 1.495291
12 0 0 0 12 0 1.000000   # ieta [13], pt 0
12 1 15 8 12 1 2.925271
12 16 16 16 12 2 2.850921
12 17 17 17 12 3 2.798039
12 18 18 18 12 4 2.756209
12 19 19 19 12 5 2.710738
12 20 20 20 12 6 2.676775
12 21 21 21 12 7 2.649460
12 22 22 22 12 8 2.614365
12 23 23 23 12 9 2.581828
12 24 24 24 12 10 2.553208
12 25 25 25 12 11 2.504018
12 26 26 26 12 12 2.480888
12 27 27 27 12 13 2.465891
12 28 28 28 12 14 2.438070
12 29 29 29 12 15 2.413225
12 30 30 30 12 16 2.400823
12 31 31 31 12 17 2.378836
12 32 33 33 12 18 2.350445
12 34 35 35 12 19 2.307623
12 36 37 37 12 20 2.270174
12 38 39 39 12 21 2.227689
12 40 41 41 12 22 2.197841
12 42 43 43 12 23 2.161203
12 44 45 45 12 24 2.141429
12 46 47 47 12 25 2.113687
12 48 49 49 12 26 2.093517
12 50 51 51 12 27 2.070411
12 52 53 53 12 28 2.051915
12 54 55 55 12 29 2.028912
12 56 57 57 12 30 2.008952
12 58 59 59 12 31 1.995324
12 60 61 61 12 32 1.975873
12 62 64 63 12 33 1.961091
12 65 67 66 12 34 1.935616
12 68 70 69 12 35 1.913522
12 71 73 72 12 36 1.890754
12 74 76 75 12 37 1.875137
12 77 79 78 12 38 1.857193
12 80 82 81 12 39 1.845872
12 83 85 84 12 40 1.823924
12 86 88 87 12 41 1.809358
12 89 91 90 12 42 1.797255
12 92 94 93 12 43 1.786292
12 95 97 96 12 44 1.774529
12 98 100 99 12 45 1.761260
12 101 103 102 12 46 1.749909
12 104 109 107 12 47 1.734058
12 110 115 113 12 48 1.719578
12 116 121 119 12 49 1.699501
12 122 127 125 12 50 1.681351
12 128 133 131 12 51 1.669152
12 134 139 137 12 52 1.655921
12 140 145 143 12 53 1.641547
12 146 151 149 12 54 1.629200
12 152 157 155 12 55 1.616426
12 158 163 161 12 56 1.604933
12 164 169 167 12 57 1.594626
12 170 175 173 12 58 1.585832
12 176 181 179 12 59 1.576628
12 182 187 185 12 60 1.570536
12 188 193 191 12 61 1.560246
12 194 254 224 12 62 1.531132
12 255 255 255 12 63 1.511290
13 0 0 0 13 0 1.000000   # ieta [14], pt 0
13 1 15 8 13 1 2.976543
13 16 16 16 13 2 2.916722
13 17 17 17 13 3 2.873978
13 18 18 18 13 4 2.825503
13 19 19 19 13 5 2.786901
13 20 20 20 13 6 2.759319
13 21 21 21 13 7 2.713992
13 22 22 22 13 8 2.684386
13 23 23 23 13 9 2.649394
13 24 24 24 13 10 2.616324
13 25 25 25 13 11 2.565918
13 26 26 26 13 12 2.540984
13 27 27 27 13 13 2.527531
13 28 28 28 13 14 2.482051
13 29 29 29 13 15 2.456758
13 30 30 30 13 16 2.435916
13 31 31 31 13 17 2.413609
13 32 33 33 13 18 2.375309
13 34 35 35 13 19 2.338242
13 36 37 37 13 20 2.299997
13 38 39 39 13 21 2.257006
13 40 41 41 13 22 2.231677
13 42 43 43 13 23 2.199358
13 44 45 45 13 24 2.174400
13 46 47 47 13 25 2.148744
13 48 49 49 13 26 2.130470
13 50 51 51 13 27 2.107488
13 52 53 53 13 28 2.087970
13 54 55 55 13 29 2.064462
13 56 57 57 13 30 2.044049
13 58 59 59 13 31 2.030033
13 60 61 61 13 32 2.010244
13 62 64 63 13 33 1.991866
13 65 67 66 13 34 1.959898
13 68 70 69 13 35 1.937153
13 71 73 72 13 36 1.918632
13 74 76 75 13 37 1.902466
13 77 79 78 13 38 1.887471
13 80 82 81 13 39 1.876055
13 83 85 84 13 40 1.854003
13 86 88 87 13 41 1.839507
13 89 91 90 13 42 1.824482
13 92 94 93 13 43 1.812381
13 95 97 96 13 44 1.799545
13 98 100 99 13 45 1.787423
13 101 103 102 13 46 1.775879
13 104 109 107 13 47 1.763040
13 110 115 113 13 48 1.744957
13 116 121 119 13 49 1.722028
13 122 127 125 13 50 1.706958
13 128 133 131 13 51 1.692655
13 134 139 137 13 52 1.678146
13 140 145 143 13 53 1.663579
13 146 151 149 13 54 1.651066
13 152 157 155 13 55 1.637977
13 158 163 161 13 56 1.625873
13 164 169 167 13 57 1.615033
13 170 175 173 13 58 1.605867
13 176 181 179 13 59 1.596137
13 182 187 185 13 60 1.589734
13 188 193 191 13 61 1.581625
13 194 254 224 13 62 1.550552
13 255 255 255 13 63 1.530670
14 0 0 0 14 0 1.000000   # ieta [15], pt 0
14 1 15 8 14 1 3.013681
14 16 16 16 14 2 2.942081
14 17 17 17 14 3 2.917095
14 18 18 18 14 4 2.867746
14 19 19 19 14 5 2.826046
14 20 20 20 14 6 2.797489
14 21 21 21 14 7 2.764137
14 22 22 22 14 8 2.733984
14 23 23 23 14 9 2.706781
14 24 24 24 14 10 2.667916
14 25 25 25 14 11 2.623599
14 26 26 26 14 12 2.597894
14 27 27 27 14 13 2.585120
14 28 28 28 14 14 2.541600
14 29 29 29 14 15 2.517677
14 30 30 30 14 16 2.496972
14 31 31 31 14 17 2.474105
14 32 33 33 14 18 2.429034
14 34 35 35 14 19 2.386119
14 36 37 37 14 20 2.344520
14 38 39 39 14 21 2.306700
14 40 41 41 14 22 2.278172
14 42 43 43 14 23 2.242982
14 44 45 45 14 24 2.223433
14 46 47 47 14 25 2.200013
14 48 49 49 14 26 2.175331
14 50 51 51 14 27 2.149938
14 52 53 53 14 28 2.130400
14 54 55 55 14 29 2.115508
14 56 57 57 14 30 2.091143
14 58 59 59 14 31 2.070302
14 60 61 61 14 32 2.049828
14 62 64 63 14 33 2.033650
14 65 67 66 14 34 2.000910
14 68 70 69 14 35 1.970865
14 71 73 72 14 36 1.950353
14 74 76 75 14 37 1.931429
14 77 79 78 14 38 1.916205
14 80 82 81 14 39 1.904676
14 83 85 84 14 40 1.882621
14 86 88 87 14 41 1.867226
14 89 91 90 14 42 1.850454
14 92 94 93 14 43 1.835008
14 95 97 96 14 44 1.823530
14 98 100 99 14 45 1.814648
14 101 103 102 14 46 1.801560
14 104 109 107 14 47 1.786373
14 110 115 113 14 48 1.767905
14 116 121 119 14 49 1.747433
14 122 127 125 14 50 1.732140
14 128 133 131 14 51 1.716738
14 134 139 137 14 52 1.702023
14 140 145 143 14 53 1.687248
14 146 151 149 14 54 1.674558
14 152 157 155 14 55 1.661283
14 158 163 161 14 56 1.649451
14 164 169 167 14 57 1.640922
14 170 175 173 14 58 1.631735
14 176 181 179 14 59 1.620360
14 182 187 185 14 60 1.610572
14 188 193 191 14 61 1.602123
14 194 254 224 14 62 1.568776
14 255 255 255 14 63 1.548476
15 0 0 0 15 0 1.000000   # ieta [16], pt 0
15 1 15 8 15 1 3.131583
15 16 16 16 15 2 3.059389
15 17 17 17 15 3 3.029999
15 18 18 18 15 4 2.978751
15 19 19 19 15 5 2.952257
15 20 20 20 15 6 2.915822
15 21 21 21 15 7 2.876277
15 22 22 22 15 8 2.843170
15 23 23 23 15 9 2.805450
15 24 24 24 15 10 2.759803
15 25 25 25 15 11 2.718207
15 26 26 26 15 12 2.695846
15 27 27 27 15 13 2.681661
15 28 28 28 15 14 2.643260
15 29 29 29 15 15 2.620912
15 30 30 30 15 16 2.601203
15 31 31 31 15 17 2.577382
15 32 33 33 15 18 2.531293
15 34 35 35 15 19 2.493180
15 36 37 37 15 20 2.448357
15 38 39 39 15 21 2.407854
15 40 41 41 15 22 2.381679
15 42 43 43 15 23 2.350642
15 44 45 45 15 24 2.328964
15 46 47 47 15 25 2.302270
15 48 49 49 15 26 2.273502
15 50 51 51 15 27 2.249108
15 52 53 53 15 28 2.228182
15 54 55 55 15 29 2.213380
15 56 57 57 15 30 2.186219
15 58 59 59 15 31 2.170221
15 60 61 61 15 32 2.152594
15 62 64 63 15 33 2.133303
15 65 67 66 15 34 2.102549
15 68 70 69 15 35 2.075979
15 71 73 72 15 36 2.056991
15 74 76 75 15 37 2.040616
15 77 79 78 15 38 2.026369
15 80 82 81 15 39 2.013758
15 83 85 84 15 40 1.987290
15 86 88 87 15 41 1.971325
15 89 91 90 15 42 1.959271
15 92 94 93 15 43 1.947079
15 95 97 96 15 44 1.935270
15 98 100 99 15 45 1.925894
15 101 103 102 15 46 1.912682
15 104 109 107 15 47 1.890200
15 110 115 113 15 48 1.870550
15 116 121 119 15 49 1.849173
15 122 127 125 15 50 1.829234
15 128 133 131 15 51 1.815756
15 134 139 137 15 52 1.798186
15 140 145 143 15 53 1.782402
15 146 151 149 15 54 1.769063
15 152 157 155 15 55 1.762839
15 158 163 161 15 56 1.754510
15 164 169 167 15 57 1.744382
15 170 175 173 15 58 1.734615
15 176 181 179 15 59 1.724217
15 182 187 185 15 60 1.716520
15 188 193 191 15 61 1.706373
15 194 254 224 15 62 1.672919
15 255 255 255 15 63 1.651374
16 0 0 0 16 0 1.000000   # ieta [17], pt 0
16 1 15 8 16 1 3.158228
16 16 16 16 16 2 3.069868
16 17 17 17 16 3 3.040377
16 18 18 18 16 4 2.987403
16 19 19 19 16 5 2.960832
16 20 20 20 16 6 2.924975
16 21 21 21 16 7 2.885307
16 22 22 22 16 8 2.857506
16 23 23 23 16 9 2.819595
16 24 24 24 16 10 2.766425
16 25 25 25 16 11 2.724729
16 26 26 26 16 12 2.702314
16 27 27 27 16 13 2.688095
16 28 28 28 16 14 2.649602
16 29 29 29 16 15 2.627199
16 30 30 30 16 16 2.607444
16 31 31 31 16 17 2.583565
16 32 33 33 16 18 2.537366
16 34 35 35 16 19 2.499162
16 36 37 37 16 20 2.454231
16 38 39 39 16 21 2.413631
16 40 41 41 16 22 2.386746
16 42 43 43 16 23 2.355002
16 44 45 45 16 24 2.333284
16 46 47 47 16 25 2.306540
16 48 49 49 16 26 2.277719
16 50 51 51 16 27 2.253280
16 52 53 53 16 28 2.232315
16 54 55 55 16 29 2.216630
16 56 57 57 16 30 2.187989
16 58 59 59 16 31 2.170812
16 60 61 61 16 32 2.153180
16 62 64 63 16 33 2.133885
16 65 67 66 16 34 2.103122
16 68 70 69 16 35 2.076065
16 71 73 72 16 36 2.056123
16 74 76 75 16 37 2.039755
16 77 79 78 16 38 2.025514
16 80 82 81 16 39 2.012909
16 83 85 84 16 40 1.986452
16 86 88 87 16 41 1.970494
16 89 91 90 16 42 1.958445
16 92 94 93 16 43 1.946257
16 95 97 96 16 44 1.934454
16 98 100 99 16 45 1.925082
16 101 103 102 16 46 1.911875
16 104 109 107 16 47 1.889403
16 110 115 113 16 48 1.869762
16 116 121 119 16 49 1.848393
16 122 127 125 16 50 1.828463
16 128 133 131 16 51 1.814990
16 134 139 137 16 52 1.797428
16 140 145 143 16 53 1.781650
16 146 151 149 16 54 1.768317
16 152 157 155 16 55 1.762096
16 158 163 161 16 56 1.753770
16 164 169 167 16 57 1.743646
16 170 175 173 16 58 1.733884
16 176 181 179 16 59 1.723490
16 182 187 185 16 60 1.715374
16 188 193 191 16 61 1.705234
16 194 254 224 16 62 1.671023
16 255 255 255 16 63 1.649685
17 0 0 0 17 0 1.000000   # ieta [18], pt 0
17 1 15 8 17 1 2.992177
17 16 16 16 17 2 2.922767
17 17 17 17 17 3 2.869845
17 18 18 18 17 4 2.815847
17 19 19 19 17 5 2.763938
17 20 20 20 17 6 2.727158
17 21 21 21 17 7 2.684938
17 22 22 22 17 8 2.655780
17 23 23 23 17 9 2.611916
17 24 24 24 17 10 2.575921
17 25 25 25 17 11 2.543270
17 26 26 26 17 12 2.526155
17 27 27 27 17 13 2.506369
17 28 28 28 17 14 2.473147
17 29 29 29 17 15 2.452486
17 30 30 30 17 16 2.434167
17 31 31 31 17 17 2.411875
17 32 33 33 17 18 2.385730
17 34 35 35 17 19 2.346986
17 36 37 37 17 20 2.312867
17 38 39 39 17 21 2.289313
17 40 41 41 17 22 2.256230
17 42 43 43 17 23 2.214766
17 44 45 45 17 24 2.193179
17 46 47 47 17 25 2.167959
17 48 49 49 17 26 2.136322
17 50 51 51 17 27 2.107016
17 52 53 53 17 28 2.088609
17 54 55 55 17 29 2.067166
17 56 57 57 17 30 2.045580
17 58 59 59 17 31 2.028460
17 60 61 61 17 32 2.005565
17 62 64 63 17 33 1.987283
17 65 67 66 17 34 1.960447
17 68 70 69 17 35 1.938953
17 71 73 72 17 36 1.919092
17 74 76 75 17 37 1.899818
17 77 79 78 17 38 1.887018
17 80 82 81 17 39 1.875728
17 83 85 84 17 40 1.850744
17 86 88 87 17 41 1.837202
17 89 91 90 17 42 1.819179
17 92 94 93 17 43 1.801032
17 95 97 96 17 44 1.787438
17 98 100 99 17 45 1.776141
17 101 103 102 17 46 1.764814
17 104 109 107 17 47 1.744807
17 110 115 113 17 48 1.725798
17 116 121 119 17 49 1.704468
17 122 127 125 17 50 1.685862
17 128 133 131 17 51 1.673657
17 134 139 137 17 52 1.661226
17 140 145 143 17 53 1.645998
17 146 151 149 17 54 1.631838
17 152 157 155 17 55 1.617371
17 158 163 161 17 56 1.607789
17 164 169 167 17 57 1.599433
17 170 175 173 17 58 1.589231
17 176 181 179 17 59 1.581282
17 182 187 185 17 60 1.575405
17 188 193 191 17 61 1.566403
17 194 254 224 17 62 1.533319
17 255 255 255 17 63 1.507626
18 0 0 0 18 0 1.000000   # ieta [19], pt 0
18 1 15 8 18 1 2.973019
18 16 16 16 18 2 2.901811
18 17 17 17 18 3 2.846538
18 18 18 18 18 4 2.804152
18 19 19 19 18 5 2.752458
18 20 20 20 18 6 2.700283
18 21 21 21 18 7 2.658478
18 22 22 22 18 8 2.629608
18 23 23 23 18 9 2.589471
18 24 24 24 18 10 2.551426
18 25 25 25 18 11 2.512432
18 26 26 26 18 12 2.498243
18 27 27 27 18 13 2.478676
18 28 28 28 18 14 2.445821
18 29 29 29 18 15 2.425388
18 30 30 30 18 16 2.407272
18 31 31 31 18 17 2.385226
18 32 33 33 18 18 2.350166
18 34 35 35 18 19 2.318586
18 36 37 37 18 20 2.288884
18 38 39 39 18 21 2.259862
18 40 41 41 18 22 2.218407
18 42 43 43 18 23 2.178980
18 44 45 45 18 24 2.147833
18 46 47 47 18 25 2.125082
18 48 49 49 18 26 2.098356
18 50 51 51 18 27 2.073833
18 52 53 53 18 28 2.055716
18 54 55 55 18 29 2.033541
18 56 57 57 18 30 2.012307
18 58 59 59 18 31 1.998195
18 60 61 61 18 32 1.978364
18 62 64 63 18 33 1.956093
18 65 67 66 18 34 1.920211
18 68 70 69 18 35 1.897991
18 71 73 72 18 36 1.880118
18 74 76 75 18 37 1.864357
18 77 79 78 18 38 1.848289
18 80 82 81 18 39 1.835479
18 83 85 84 18 40 1.811031
18 86 88 87 18 41 1.797780
18 89 91 90 18 42 1.781182
18 92 94 93 18 43 1.766724
18 95 97 96 18 44 1.752931
18 98 100 99 18 45 1.740993
18 101 103 102 18 46 1.730280
18 104 109 107 18 47 1.712708
18 110 115 113 18 48 1.694145
18 116 121 119 18 49 1.669924
18 122 127 125 18 50 1.652584
18 128 133 131 18 51 1.636323
18 134 139 137 18 52 1.622031
18 140 145 143 18 53 1.607163
18 146 151 149 18 54 1.594090
18 152 157 155 18 55 1.583717
18 158 163 161 18 56 1.572833
18 164 169 167 18 57 1.562397
18 170 175 173 18 58 1.550900
18 176 181 179 18 59 1.542963
18 182 187 185 18 60 1.534838
18 188 193 191 18 61 1.525355
18 194 254 224 18 62 1.491424
18 255 255 255 18 63 1.465757
19 0 0 0 19 0 1.000000   # ieta [20], pt 0
19 1 15 8 19 1 2.974385
19 16 16 16 19 2 2.891447
19 17 17 17 19 3 2.834991
19 18 18 18 19 4 2.789489
19 19 19 19 19 5 2.738065
19 20 20 20 19 6 2.686163
19 21 21 21 19 7 2.634294
19 22 22 22 19 8 2.604690
19 23 23 23 19 9 2.565942
19 24 24 24 19 10 2.525640
19 25 25 25 19 11 2.487041
19 26 26 26 19 12 2.470753
19 27 27 27 19 13 2.455108
19 28 28 28 19 14 2.426567
19 29 29 29 19 15 2.400924
19 30 30 30 19 16 2.383694
19 31 31 31 19 17 2.361864
19 32 33 33 19 18 2.324414
19 34 35 35 19 19 2.291462
19 36 37 37 19 20 2.264381
19 38 39 39 19 21 2.228051
19 40 41 41 19 22 2.189758
19 42 43 43 19 23 2.151966
19 44 45 45 19 24 2.121204
19 46 47 47 19 25 2.098736
19 48 49 49 19 26 2.079401
19 50 51 51 19 27 2.055945
19 52 53 53 19 28 2.038375
19 54 55 55 19 29 2.010485
19 56 57 57 19 30 1.989491
19 58 59 59 19 31 1.975539
19 60 61 61 19 32 1.955933
19 62 64 63 19 33 1.937260
19 65 67 66 19 34 1.909949
19 68 70 69 19 35 1.889298
19 71 73 72 19 36 1.871506
19 74 76 75 19 37 1.855818
19 77 79 78 19 38 1.834415
19 80 82 81 19 39 1.822992
19 83 85 84 19 40 1.801274
19 86 88 87 19 41 1.788094
19 89 91 90 19 42 1.775045
19 92 94 93 19 43 1.762363
19 95 97 96 19 44 1.748604
19 98 100 99 19 45 1.736696
19 101 103 102 19 46 1.726010
19 104 109 107 19 47 1.708481
19 110 115 113 19 48 1.689963
19 116 121 119 19 49 1.665803
19 122 127 125 19 50 1.648505
19 128 133 131 19 51 1.635486
19 134 139 137 19 52 1.622798
19 140 145 143 19 53 1.607923
19 146 151 149 19 54 1.594844
19 152 157 155 19 55 1.584466
19 158 163 161 19 56 1.573577
19 164 169 167 19 57 1.563136
19 170 175 173 19 58 1.551633
19 176 181 179 19 59 1.543692
19 182 187 185 19 60 1.535564
19 188 193 191 19 61 1.526076
19 194 254 224 19 62 1.491857
19 255 255 255 19 63 1.465973
20 0 0 0 20 0 1.000000   # ieta [21], pt 0
20 1 15 8 20 1 2.961034
20 16 16 16 20 2 2.876493
20 17 17 17 20 3 2.820329
20 18 18 18 20 4 2.774263
20 19 19 19 20 5 2.724327
20 20 20 20 20 6 2.671495
20 21 21 21 20 7 2.628445
20 22 22 22 20 8 2.598170
20 23 23 23 20 9 2.560334
20 24 24 24 20 10 2.518081
20 25 25 25 20 11 2.476645
20 26 26 26 20 12 2.457815
20 27 27 27 20 13 2.438670
20 28 28 28 20 14 2.396831
20 29 29 29 20 15 2.371502
20 30 30 30 20 16 2.347735
20 31 31 31 20 17 2.326234
20 32 33 33 20 18 2.293564
20 34 35 35 20 19 2.255147
20 36 37 37 20 20 2.225959
20 38 39 39 20 21 2.180276
20 40 41 41 20 22 2.140459
20 42 43 43 20 23 2.100569
20 44 45 45 20 24 2.077547
20 46 47 47 20 25 2.055129
20 48 49 49 20 26 2.032394
20 50 51 51 20 27 2.009468
20 52 53 53 20 28 1.992295
20 54 55 55 20 29 1.970595
20 56 57 57 20 30 1.950018
20 58 59 59 20 31 1.941121
20 60 61 61 20 32 1.921856
20 62 64 63 20 33 1.905200
20 65 67 66 20 34 1.879288
20 68 70 69 20 35 1.859854
20 71 73 72 20 36 1.838003
20 74 76 75 20 37 1.824327
20 77 79 78 20 38 1.803808
20 80 82 81 20 39 1.791457
20 83 85 84 20 40 1.767893
20 86 88 87 20 41 1.754957
20 89 91 90 20 42 1.742150
20 92 94 93 20 43 1.729703
20 95 97 96 20 44 1.718045
20 98 100 99 20 45 1.704702
20 101 103 102 20 46 1.694160
20 104 109 107 20 47 1.676368
20 110 115 113 20 48 1.661189
20 116 121 119 20 49 1.643278
20 122 127 125 20 50 1.626036
20 128 133 131 20 51 1.613110
20 134 139 137 20 52 1.600596
20 140 145 143 20 53 1.585924
20 146 151 149 20 54 1.573024
20 152 157 155 20 55 1.564746
20 158 163 161 20 56 1.554969
20 164 169 167 20 57 1.544652
20 170 175 173 20 58 1.534310
20 176 181 179 20 59 1.526502
20 182 187 185 20 60 1.517464
20 188 193 191 20 61 1.508088
20 194 254 224 20 62 1.474318
20 255 255 255 20 63 1.448832
21 0 0 0 21 0 1.000000   # ieta [22], pt 0
21 1 15 8 21 1 2.912415
21 16 16 16 21 2 2.810462
21 17 17 17 21 3 2.753120
21 18 18 18 21 4 2.718196
21 19 19 19 21 5 2.677735
21 20 20 20 21 6 2.629991
21 21 21 21 21 7 2.584146
21 22 22 22 21 8 2.554381
21 23 23 23 21 9 2.508037
21 24 24 24 21 10 2.456877
21 25 25 25 21 11 2.411568
21 26 26 26 21 12 2.388723
21 27 27 27 21 13 2.366144
21 28 28 28 21 14 2.326711
21 29 29 29 21 15 2.305030
21 30 30 30 21 16 2.288855
21 31 31 31 21 17 2.267894
21 32 33 33 21 18 2.242414
21 34 35 35 21 19 2.195408
21 36 37 37 21 20 2.164398
21 38 39 39 21 21 2.137094
21 40 41 41 21 22 2.098065
21 42 43 43 21 23 2.067943
21 44 45 45 21 24 2.045278
21 46 47 47 21 25 2.018407
21 48 49 49 21 26 1.996079
21 50 51 51 21 27 1.973563
21 52 53 53 21 28 1.956645
21 54 55 55 21 29 1.935333
21 56 57 57 21 30 1.906700
21 58 59 59 21 31 1.898586
21 60 61 61 21 32 1.880949
21 62 64 63 21 33 1.864250
21 65 67 66 21 34 1.838896
21 68 70 69 21 35 1.819879
21 71 73 72 21 36 1.798497
21 74 76 75 21 37 1.785116
21 77 79 78 21 38 1.769236
21 80 82 81 21 39 1.757121
21 83 85 84 21 40 1.733871
21 86 88 87 21 41 1.721286
21 89 91 90 21 42 1.708809
21 92 94 93 21 43 1.697173
21 95 97 96 21 44 1.691560
21 98 100 99 21 45 1.678311
21 101 103 102 21 46 1.667932
21 104 109 107 21 47 1.650416
21 110 115 113 21 48 1.635472
21 116 121 119 21 49 1.617838
21 122 127 125 21 50 1.600864
21 128 133 131 21 51 1.588137
21 134 139 137 21 52 1.578111
21 140 145 143 21 53 1.567568
21 146 151 149 21 54 1.554365
21 152 157 155 21 55 1.546811
21 158 163 161 21 56 1.538517
21 164 169 167 21 57 1.527548
21 170 175 173 21 58 1.514746
21 176 181 179 21 59 1.503856
21 182 187 185 21 60 1.495099
21 188 193 191 21 61 1.485861
21 194 254 224 21 62 1.452589
21 255 255 255 21 63 1.427478
22 0 0 0 22 0 1.000000   # ieta [23], pt 0
22 1 15 8 22 1 2.774856
22 16 16 16 22 2 2.718704
22 17 17 17 22 3 2.669709
22 18 18 18 22 4 2.631747
22 19 19 19 22 5 2.575149
22 20 20 20 22 6 2.541351
22 21 21 21 22 7 2.489395
22 22 22 22 22 8 2.466005
22 23 23 23 22 9 2.421574
22 24 24 24 22 10 2.363168
22 25 25 25 22 11 2.334378
22 26 26 26 22 12 2.296916
22 27 27 27 22 13 2.269993
22 28 28 28 22 14 2.246154
22 29 29 29 22 15 2.213007
22 30 30 30 22 16 2.197478
22 31 31 31 22 17 2.177370
22 32 33 33 22 18 2.144265
22 34 35 35 22 19 2.114459
22 36 37 37 22 20 2.094914
22 38 39 39 22 21 2.068834
22 40 41 41 22 22 2.034556
22 42 43 43 22 23 2.006065
22 44 45 45 22 24 1.989560
22 46 47 47 22 25 1.950596
22 48 49 49 22 26 1.929017
22 50 51 51 22 27 1.919606
22 52 53 53 22 28 1.903708
22 54 55 55 22 29 1.883919
22 56 57 57 22 30 1.862390
22 58 59 59 22 31 1.849842
22 60 61 61 22 32 1.832290
22 62 64 63 22 33 1.815749
22 65 67 66 22 34 1.790823
22 68 70 69 22 35 1.777265
22 71 73 72 22 36 1.750224
22 74 76 75 22 37 1.738808
22 77 79 78 22 38 1.723340
22 80 82 81 22 39 1.705761
22 83 85 84 22 40 1.693513
22 86 88 87 22 41 1.687481
22 89 91 90 22 42 1.675725
22 92 94 93 22 43 1.664011
22 95 97 96 22 44 1.658356
22 98 100 99 22 45 1.645368
22 101 103 102 22 46 1.634785
22 104 109 107 22 47 1.617488
22 110 115 113 22 48 1.602842
22 116 121 119 22 49 1.586124
22 122 127 125 22 50 1.569296
22 128 133 131 22 51 1.554259
22 134 139 137 22 52 1.544769
22 140 145 143 22 53 1.529398
22 146 151 149 22 54 1.518047
22 152 157 155 22 55 1.511737
22 158 163 161 22 56 1.500450
22 164 169 167 22 57 1.491425
22 170 175 173 22 58 1.483422
22 176 181 179 22 59 1.473777
22 182 187 185 22 60 1.464854
22 188 193 191 22 61 1.458267
22 194 254 224 22 62 1.425802
22 255 255 255 22 63 1.401434
23 0 0 0 23 0 1.000000   # ieta [24], pt 0
23 1 15 8 23 1 2.673667
23 16 16 16 23 2 2.603225
23 17 17 17 23 3 2.552574
23 18 18 18 23 4 2.511409
23 19 19 19 23 5 2.466372
23 20 20 20 23 6 2.431577
23 21 21 21 23 7 2.377887
23 22 22 22 23 8 2.355684
23 23 23 23 23 9 2.307128
23 24 24 24 23 10 2.266001
23 25 25 25 23 11 2.239578
23 26 26 26 23 12 2.199906
23 27 27 27 23 13 2.174814
23 28 28 28 23 14 2.152230
23 29 29 29 23 15 2.131168
23 30 30 30 23 16 2.116188
23 31 31 31 23 17 2.096717
23 32 33 33 23 18 2.071073
23 34 35 35 23 19 2.038537
23 36 37 37 23 20 2.015938
23 38 39 39 23 21 1.999296
23 40 41 41 23 22 1.971845
23 42 43 43 23 23 1.943144
23 44 45 45 23 24 1.924649
23 46 47 47 23 25 1.903048
23 48 49 49 23 26 1.875966
23 50 51 51 23 27 1.850946
23 52 53 53 23 28 1.835338
23 54 55 55 23 29 1.820326
23 56 57 57 23 30 1.802420
23 58 59 59 23 31 1.793175
23 60 61 61 23 32 1.778816
23 62 64 63 23 33 1.768567
23 65 67 66 23 34 1.747717
23 68 70 69 23 35 1.727988
23 71 73 72 23 36 1.714832
23 74 76 75 23 37 1.703647
23 77 79 78 23 38 1.686750
23 80 82 81 23 39 1.670786
23 83 85 84 23 40 1.649763
23 86 88 87 23 41 1.638111
23 89 91 90 23 42 1.626698
23 92 94 93 23 43 1.615327
23 95 97 96 23 44 1.609838
23 98 100 99 23 45 1.597229
23 101 103 102 23 46 1.591141
23 104 109 107 23 47 1.580207
23 110 115 113 23 48 1.569556
23 116 121 119 23 49 1.553382
23 122 127 125 23 50 1.536900
23 128 133 131 23 51 1.522706
23 134 139 137 23 52 1.510812
23 140 145 143 23 53 1.499162
23 146 151 149 23 54 1.491524
23 152 157 155 23 55 1.481850
23 158 163 161 23 56 1.469056
23 164 169 167 23 57 1.461174
23 170 175 173 23 58 1.455244
23 176 181 179 23 59 1.447465
23 182 187 185 23 60 1.440347
23 188 193 191 23 61 1.434835
23 194 254 224 23 62 1.404802
23 255 255 255 23 63 1.382066
24 0 0 0 24 0 1.000000   # ieta [25], pt 0
24 1 15 8 24 1 2.634952
24 16 16 16 24 2 2.560078
24 17 17 17 24 3 2.512362
24 18 18 18 24 4 2.463758
24 19 19 19 24 5 2.417069
24 20 20 20 24 6 2.382176
24 21 21 21 24 7 2.334344
24 22 22 22 24 8 2.314538
24 23 23 23 24 9 2.274318
24 24 24 24 24 10 2.244926
24 25 25 25 24 11 2.217982
24 26 26 26 24 12 2.179908
24 27 27 27 24 13 2.155461
24 28 28 28 24 14 2.131000
24 29 29 29 24 15 2.110351
24 30 30 30 24 16 2.096773
24 31 31 31 24 17 2.077689
24 32 33 33 24 18 2.050299
24 34 35 35 24 19 2.016178
24 36 37 37 24 20 1.990758
24 38 39 39 24 21 1.966871
24 40 41 41 24 22 1.938907
24 42 43 43 24 23 1.907606
24 44 45 45 24 24 1.889172
24 46 47 47 24 25 1.870273
24 48 49 49 24 26 1.846956
24 50 51 51 24 27 1.823518
24 52 53 53 24 28 1.812545
24 54 55 55 24 29 1.798219
24 56 57 57 24 30 1.780782
24 58 59 59 24 31 1.770928
24 60 61 61 24 32 1.756188
24 62 64 63 24 33 1.744511
24 65 67 66 24 34 1.721535
24 68 70 69 24 35 1.706243
24 71 73 72 24 36 1.690926
24 74 76 75 24 37 1.678677
24 77 79 78 24 38 1.662438
24 80 82 81 24 39 1.646909
24 83 85 84 24 40 1.626186
24 86 88 87 24 41 1.615473
24 89 91 90 24 42 1.605910
24 92 94 93 24 43 1.596320
24 95 97 96 24 44 1.585499
24 98 100 99 24 45 1.577198
24 101 103 102 24 46 1.570982
24 104 109 107 24 47 1.559061
24 110 115 113 24 48 1.546540
24 116 121 119 24 49 1.529713
24 122 127 125 24 50 1.514174
24 128 133 131 24 51 1.500905
24 134 139 137 24 52 1.487905
24 140 145 143 24 53 1.477693
24 146 151 149 24 54 1.471372
24 152 157 155 24 55 1.462824
24 158 163 161 24 56 1.452975
24 164 169 167 24 57 1.443836
24 170 175 173 24 58 1.435289
24 176 181 179 24 59 1.428108
24 182 187 185 24 60 1.421891
24 188 193 191 24 61 1.415780
24 194 254 224 24 62 1.387958
24 255 255 255 24 63 1.367060
25 0 0 0 25 0 1.000000   # ieta [26], pt 0
25 1 15 8 25 1 2.664853
25 16 16 16 25 2 2.586334
25 17 17 17 25 3 2.538129
25 18 18 18 25 4 2.489026
25 19 19 19 25 5 2.441859
25 20 20 20 25 6 2.405171
25 21 21 21 25 7 2.356877
25 22 22 22 25 8 2.338245
25 23 23 23 25 9 2.292119
25 24 24 24 25 10 2.245062
25 25 25 25 25 11 2.217769
25 26 26 26 25 12 2.180646
25 27 27 27 25 13 2.155700
25 28 28 28 25 14 2.130305
25 29 29 29 25 15 2.109663
25 30 30 30 25 16 2.096514
25 31 31 31 25 17 2.077432
25 32 33 33 25 18 2.051713
25 34 35 35 25 19 2.015874
25 36 37 37 25 20 1.989248
25 38 39 39 25 21 1.962154
25 40 41 41 25 22 1.934372
25 42 43 43 25 23 1.899225
25 44 45 45 25 24 1.880695
25 46 47 47 25 25 1.859921
25 48 49 49 25 26 1.835592
25 50 51 51 25 27 1.812115
25 52 53 53 25 28 1.796803
25 54 55 55 25 29 1.781679
25 56 57 57 25 30 1.758751
25 58 59 59 25 31 1.747856
25 60 61 61 25 32 1.731158
25 62 64 63 25 33 1.719035
25 65 67 66 25 34 1.693724
25 68 70 69 25 35 1.677424
25 71 73 72 25 36 1.663044
25 74 76 75 25 37 1.650353
25 77 79 78 25 38 1.635294
25 80 82 81 25 39 1.620549
25 83 85 84 25 40 1.602855
25 86 88 87 25 41 1.593261
25 89 91 90 25 42 1.581552
25 92 94 93 25 43 1.570346
25 95 97 96 25 44 1.561784
25 98 100 99 25 45 1.550146
25 101 103 102 25 46 1.542701
25 104 109 107 25 47 1.527898
25 110 115 113 25 48 1.516237
25 116 121 119 25 49 1.497492
25 122 127 125 25 50 1.485478
25 128 133 131 25 51 1.473285
25 134 139 137 25 52 1.460525
25 140 145 143 25 53 1.450660
25 146 151 149 25 54 1.440902
25 152 157 155 25 55 1.431891
25 158 163 161 25 56 1.420637
25 164 169 167 25 57 1.412208
25 170 175 173 25 58 1.404381
25 176 181 179 25 59 1.398155
25 182 187 185 25 60 1.390032
25 188 193 191 25 61 1.384637
25 194 254 224 25 62 1.355175
25 255 255 255 25 63 1.336008
26 0 0 0 26 0 1.000000   # ieta [27], pt 0
26 1 15 8 26 1 2.873421
26 16 16 16 26 2 2.725075
26 17 17 17 26 3 2.669115
26 18 18 18 26 4 2.634709
26 19 19 19 26 5 2.563100
26 20 20 20 26 6 2.520944
26 21 21 21 26 7 2.458123
26 22 22 22 26 8 2.431547
26 23 23 23 26 9 2.380785
26 24 24 24 26 10 2.291571
26 25 25 25 26 11 2.258365
26 26 26 26 26 12 2.220091
26 27 27 27 26 13 2.194693
26 28 28 28 26 14 2.137652
26 29 29 29 26 15 2.114983
26 30 30 30 26 16 2.094513
26 31 31 31 26 17 2.078753
26 32 33 33 26 18 2.053973
26 34 35 35 26 19 2.017810
26 36 37 37 26 20 1.991122
26 38 39 39 26 21 1.960509
26 40 41 41 26 22 1.931928
26 42 43 43 26 23 1.896581
26 44 45 45 26 24 1.871892
26 46 47 47 26 25 1.848767
26 48 49 49 26 26 1.823327
26 50 51 51 26 27 1.797987
26 52 53 53 26 28 1.778980
26 54 55 55 26 29 1.759807
26 56 57 57 26 30 1.733919
26 58 59 59 26 31 1.719505
26 60 61 61 26 32 1.703262
26 62 64 63 26 33 1.692277
26 65 67 66 26 34 1.667938
26 68 70 69 26 35 1.651825
26 71 73 72 26 36 1.633577
26 74 76 75 26 37 1.615723
26 77 79 78 26 38 1.599100
26 80 82 81 26 39 1.579494
26 83 85 84 26 40 1.558294
26 86 88 87 26 41 1.547366
26 89 91 90 26 42 1.534392
26 92 94 93 26 43 1.522439
26 95 97 96 26 44 1.514138
26 98 100 99 26 45 1.502772
26 101 103 102 26 46 1.494724
26 104 109 107 26 47 1.478818
26 110 115 113 26 48 1.467920
26 116 121 119 26 49 1.451291
26 122 127 125 26 50 1.432328
26 128 133 131 26 51 1.418931
26 134 139 137 26 52 1.400642
26 140 145 143 26 53 1.389431
26 146 151 149 26 54 1.383459
26 152 157 155 26 55 1.374367
26 158 163 161 26 56 1.367498
26 164 169 167 26 57 1.361309
26 170 175 173 26 58 1.353644
26 176 181 179 26 59 1.347372
26 182 187 185 26 60 1.340048
26 188 193 191 26 61 1.334982
26 194 254 224 26 62 1.306458
26 255 255 255 26 63 1.290520
27 0 0 0 27 0 1.000000   # ieta [28], pt 0
27 1 15 8 27 1 2.450959
27 16 16 16 27 2 2.397027
27 17 17 17 27 3 2.347284
27 18 18 18 27 4 2.308047
27 19 19 19 27 5 2.255331
27 20 20 20 27 6 2.217876
27 21 21 21 27 7 2.165792
27 22 22 22 27 8 2.133493
27 23 23 23 27 9 2.085382
27 24 24 24 27 10 2.069234
27 25 25 25 27 11 2.047832
27 26 26 26 27 12 2.013019
27 27 27 27 27 13 2.000349
27 28 28 28 27 14 1.975154
27 29 29 29 27 15 1.956109
27 30 30 30 27 16 1.945901
27 31 31 31 27 17 1.931421
27 32 33 33 27 18 1.907023
27 34 35 35 27 19 1.874081
27 36 37 37 27 20 1.849087
27 38 39 39 27 21 1.824861
27 40 41 41 27 22 1.794998
27 42 43 43 27 23 1.768219
27 44 45 45 27 24 1.750395
27 46 47 47 27 25 1.733640
27 48 49 49 27 26 1.714860
27 50 51 51 27 27 1.694117
27 52 53 53 27 28 1.681893
27 54 55 55 27 29 1.670110
27 56 57 57 27 30 1.643999
27 58 59 59 27 31 1.631954
27 60 61 61 27 32 1.618905
27 62 64 63 27 33 1.607259
27 65 67 66 27 34 1.578066
27 68 70 69 27 35 1.560586
27 71 73 72 27 36 1.544815
27 74 76 75 27 37 1.533043
27 77 79 78 27 38 1.517541
27 80 82 81 27 39 1.503729
27 83 85 84 27 40 1.486441
27 86 88 87 27 41 1.476139
27 89 91 90 27 42 1.464744
27 92 94 93 27 43 1.455675
27 95 97 96 27 44 1.441562
27 98 100 99 27 45 1.433608
27 101 103 102 27 46 1.417206
27 104 109 107 27 47 1.406772
27 110 115 113 27 48 1.393955
27 116 121 119 27 49 1.380214
27 122 127 125 27 50 1.360911
27 128 133 131 27 51 1.348655
27 134 139 137 27 52 1.335483
27 140 145 143 27 53 1.324214
27 146 151 149 27 54 1.318142
27 152 157 155 27 55 1.311693
27 158 163 161 27 56 1.300921
27 164 169 167 27 57 1.293538
27 170 175 173 27 58 1.286005
27 176 181 179 27 59 1.277376
27 182 187 185 27 60 1.270580
27 188 193 191 27 61 1.264831
27 194 254 224 27 62 1.235937
27 255 255 255 27 63 1.222303
28 0 0 0 28 0 1.000000   # ieta [29], pt 0
28 1 15 8 28 1 2.163991
28 16 16 16 28 2 2.074547
28 17 17 17 28 3 1.991679
28 18 18 18 28 4 1.943071
28 19 19 19 28 5 1.893304
28 20 20 20 28 6 1.862209
28 21 21 21 28 7 1.813975
28 22 22 22 28 8 1.815940
28 23 23 23 28 9 1.788749
28 24 24 24 28 10 1.754049
28 25 25 25 28 11 1.738119
28 26 26 26 28 12 1.715162
28 27 27 27 28 13 1.707229
28 28 28 28 28 14 1.686767
28 29 29 29 28 15 1.672177
28 30 30 30 28 16 1.664543
28 31 31 31 28 17 1.651050
28 32 33 33 28 18 1.628141
28 34 35 35 28 19 1.602942
28 36 37 37 28 20 1.588474
28 38 39 39 28 21 1.588488
28 40 41 41 28 22 1.575292
28 42 43 43 28 23 1.553539
28 44 45 45 28 24 1.550335
28 46 47 47 28 25 1.532359
28 48 49 49 28 26 1.522429
28 50 51 51 28 27 1.510884
28 52 53 53 28 28 1.506509
28 54 55 55 28 29 1.492558
28 56 57 57 28 30 1.480088
28 58 59 59 28 31 1.477221
28 60 61 61 28 32 1.475200
28 62 64 63 28 33 1.468654
28 65 67 66 28 34 1.454807
28 68 70 69 28 35 1.446623
28 71 73 72 28 36 1.441338
28 74 76 75 28 37 1.424887
28 77 79 78 28 38 1.416681
28 80 82 81 28 39 1.414129
28 83 85 84 28 40 1.402039
28 86 88 87 28 41 1.388286
28 89 91 90 28 42 1.382811
28 92 94 93 28 43 1.379558
28 95 97 96 28 44 1.367209
28 98 100 99 28 45 1.359055
28 101 103 102 28 46 1.345402
28 104 109 107 28 47 1.337338
28 110 115 113 28 48 1.329743
28 116 121 119 28 49 1.319691
28 122 127 125 28 50 1.314932
28 128 133 131 28 51 1.304686
28 134 139 137 28 52 1.299953
28 140 145 143 28 53 1.291460
28 146 151 149 28 54 1.285635
28 152 157 155 28 55 1.277493
28 158 163 161 28 56 1.270322
28 164 169 167 28 57 1.265163
28 170 175 173 28 58 1.259585
28 176 181 179 28 59 1.255428
28 182 187 185 28 60 1.249903
28 188 193 191 28 61 1.245316
28 194 254 224 28 62 1.219472
28 255 255 255 28 63 1.206383
29 0 0 0 29 0 1.000000   # ieta [30], pt 0
29 1 15 8 29 1 1.887062
29 16 16 16 29 2 1.795960
29 17 17 17 29 3 1.734318
29 18 18 18 29 4 1.699579
29 19 19 19 29 5 1.641850
29 20 20 20 29 6 1.613469
29 21 21 21 29 7 1.579228
29 22 22 22 29 8 1.557220
29 23 23 23 29 9 1.537736
29 24 24 24 29 10 1.520413
29 25 25 25 29 11 1.506070
29 26 26 26 29 12 1.484142
29 27 27 27 29 13 1.475137
29 28 28 28 29 14 1.459307
29 29 29 29 29 15 1.448707
29 30 30 30 29 16 1.441171
29 31 31 31 29 17 1.438393
29 32 33 33 29 18 1.418592
29 34 35 35 29 19 1.400944
29 36 37 37 29 20 1.394681
29 38 39 39 29 21 1.393113
29 40 41 41 29 22 1.378190
29 42 43 43 29 23 1.369928
29 44 45 45 29 24 1.363135
29 46 47 47 29 25 1.352393
29 48 49 49 29 26 1.343427
29 50 51 51 29 27 1.340613
29 52 53 53 29 28 1.340362
29 54 55 55 29 29 1.330402
29 56 57 57 29 30 1.309298
29 58 59 59 29 31 1.300146
29 60 61 61 29 32 1.297214
29 62 64 63 29 33 1.287449
29 65 67 66 29 34 1.274230
29 68 70 69 29 35 1.269177
29 71 73 72 29 36 1.261975
29 74 76 75 29 37 1.259239
29 77 79 78 29 38 1.252471
29 80 82 81 29 39 1.242827
29 83 85 84 29 40 1.230024
29 86 88 87 29 41 1.226919
29 89 91 90 29 42 1.225831
29 92 94 93 29 43 1.216225
29 95 97 96 29 44 1.212716
29 98 100 99 29 45 1.210657
29 101 103 102 29 46 1.201766
29 104 109 107 29 47 1.194510
29 110 115 113 29 48 1.190817
29 116 121 119 29 49 1.182783
29 122 127 125 29 50 1.169019
29 128 133 131 29 51 1.159607
29 134 139 137 29 52 1.155636
29 140 145 143 29 53 1.148919
29 146 151 149 29 54 1.144820
29 152 157 155 29 55 1.144820
29 158 163 161 29 56 1.143778
29 164 169 167 29 57 1.138569
29 170 175 173 29 58 1.137675
29 176 181 179 29 59 1.135361
29 182 187 185 29 60 1.133498
29 188 193 191 29 61 1.131061
29 194 254 224 29 62 1.124286
29 255 255 255 29 63 1.116788
30 0 0 0 30 0 1.000000   # ieta [31], pt 0
30 1 15 8 30 1 1.849402
30 16 16 16 30 2 1.764736
30 17 17 17 30 3 1.706263
30 18 18 18 30 4 1.680449
30 19 19 19 30 5 1.619590
30 20 20 20 30 6 1.594781
30 21 21 21 30 7 1.565104
30 22 22 22 30 8 1.540576
30 23 23 23 30 9 1.518175
30 24 24 24 30 10 1.498092
30 25 25 25 30 11 1.475705
30 26 26 26 30 12 1.452128
30 27 27 27 30 13 1.443728
30 28 28 28 30 14 1.427568
30 29 29 29 30 15 1.417627
30 30 30 30 30 16 1.410091
30 31 31 31 30 17 1.407519
30 32 33 33 30 18 1.386912
30 34 35 35 30 19 1.368427
30 36 37 37 30 20 1.359289
30 38 39 39 30 21 1.356541
30 40 41 41 30 22 1.346249
30 42 43 43 30 23 1.339157
30 44 45 45 30 24 1.331585
30 46 47 47 30 25 1.321041
30 48 49 49 30 26 1.310030
30 50 51 51 30 27 1.305105
30 52 53 53 30 28 1.304854
30 54 55 55 30 29 1.295565
30 56 57 57 30 30 1.285273
30 58 59 59 30 31 1.280320
30 60 61 61 30 32 1.277172
30 62 64 63 30 33 1.268686
30 65 67 66 30 34 1.263825
30 68 70 69 30 35 1.258772
30 71 73 72 30 36 1.251935
30 74 76 75 30 37 1.250604
30 77 79 78 30 38 1.246067
30 80 82 81 30 39 1.237188
30 83 85 84 30 40 1.225102
30 86 88 87 30 41 1.221997
30 89 91 90 30 42 1.222100
30 92 94 93 30 43 1.212483
30 95 97 96 30 44 1.209064
30 98 100 99 30 45 1.207972
30 101 103 102 30 46 1.199564
30 104 109 107 30 47 1.192657
30 110 115 113 30 48 1.188529
30 116 121 119 30 49 1.178957
30 122 127 125 30 50 1.166372
30 128 133 131 30 51 1.157634
30 134 139 137 30 52 1.153224
30 140 145 143 30 53 1.146069
30 146 151 149 30 54 1.137976
30 152 157 155 30 55 1.137976
30 158 163 161 30 56 1.136934
30 164 169 167 30 57 1.131725
30 170 175 173 30 58 1.131327
30 176 181 179 30 59 1.130005
30 182 187 185 30 60 1.128767
30 188 193 191 30 61 1.126762
30 194 254 224 30 62 1.120795
30 255 255 255 30 63 1.113466
31 0 0 0 31 0 1.000000   # ieta [32], pt 0
31 1 15 8 31 1 1.741283
31 16 16 16 31 2 1.654700
31 17 17 17 31 3 1.603547
31 18 18 18 31 4 1.559820
31 19 19 19 31 5 1.524771
31 20 20 20 31 6 1.479626
31 21 21 21 31 7 1.446731
31 22 22 22 31 8 1.431240
31 23 23 23 31 9 1.409983
31 24 24 24 31 10 1.377647
31 25 25 25 31 11 1.354620
31 26 26 26 31 12 1.330041
31 27 27 27 31 13 1.329013
31 28 28 28 31 14 1.324896
31 29 29 29 31 15 1.312866
31 30 30 30 31 16 1.309986
31 31 31 31 31 17 1.306084
31 32 33 33 31 18 1.291408
31 34 35 35 31 19 1.269591
31 36 37 37 31 20 1.258548
31 38 39 39 31 21 1.253047
31 40 41 41 31 22 1.240761
31 42 43 43 31 23 1.230992
31 44 45 45 31 24 1.222670
31 46 47 47 31 25 1.218927
31 48 49 49 31 26 1.214794
31 50 51 51 31 27 1.210329
31 52 53 53 31 28 1.209350
31 54 55 55 31 29 1.207673
31 56 57 57 31 30 1.194832
31 58 59 59 31 31 1.187295
31 60 61 61 31 32 1.179032
31 62 64 63 31 33 1.176514
31 65 67 66 31 34 1.169533
31 68 70 69 31 35 1.169296
31 71 73 72 31 36 1.160157
31 74 76 75 31 37 1.159657
31 77 79 78 31 38 1.150459
31 80 82 81 31 39 1.144113
31 83 85 84 31 40 1.140864
31 86 88 87 31 41 1.139652
31 89 91 90 31 42 1.137158
31 92 94 93 31 43 1.133821
31 95 97 96 31 44 1.127618
31 98 100 99 31 45 1.124407
31 101 103 102 31 46 1.123073
31 104 109 107 31 47 1.118953
31 110 115 113 31 48 1.113634
31 116 121 119 31 49 1.107671
31 122 127 125 31 50 1.099611
31 128 133 131 31 51 1.093362
31 134 139 137 31 52 1.083316
31 140 145 143 31 53 1.080882
31 146 151 149 31 54 1.076729
31 152 157 155 31 55 1.076638
31 158 163 161 31 56 1.075982
31 164 169 167 31 57 1.074577
31 170 175 173 31 58 1.072347
31 176 181 179 31 59 1.068865
31 182 187 185 31 60 1.066955
31 188 193 191 31 61 1.061529
31 194 254 224 31 62 1.056840
31 255 255 255 31 63 1.053353
32 0 0 0 32 0 1.000000   # ieta [33], pt 0
32 1 15 8 32 1 1.610197
32 16 16 16 32 2 1.533793
32 17 17 17 32 3 1.489323
32 18 18 18 32 4 1.444819
32 19 19 19 32 5 1.417475
32 20 20 20 32 6 1.385683
32 21 21 21 32 7 1.357988
32 22 22 22 32 8 1.340648
32 23 23 23 32 9 1.329983
32 24 24 24 32 10 1.301190
32 25 25 25 32 11 1.283370
32 26 26 26 32 12 1.266522
32 27 27 27 32 13 1.257929
32 28 28 28 32 14 1.247506
32 29 29 29 32 15 1.239011
32 30 30 30 32 16 1.232732
32 31 31 31 32 17 1.228144
32 32 33 33 32 18 1.216502
32 34 35 35 32 19 1.196876
32 36 37 37 32 20 1.189032
32 38 39 39 32 21 1.184207
32 40 41 41 32 22 1.173348
32 42 43 43 32 23 1.162487
32 44 45 45 32 24 1.155960
32 46 47 47 32 25 1.153450
32 48 49 49 32 26 1.151252
32 50 51 51 32 27 1.146872
32 52 53 53 32 28 1.146539
32 54 55 55 32 29 1.143786
32 56 57 57 32 30 1.134646
32 58 59 59 32 31 1.132455
32 60 61 61 32 32 1.127636
32 62 64 63 32 33 1.125422
32 65 67 66 32 34 1.118072
32 68 70 69 32 35 1.117836
32 71 73 72 32 36 1.108411
32 74 76 75 32 37 1.107768
32 77 79 78 32 38 1.102407
32 80 82 81 32 39 1.097735
32 83 85 84 32 40 1.096417
32 86 88 87 32 41 1.092669
32 89 91 90 32 42 1.090372
32 92 94 93 32 43 1.089523
32 95 97 96 32 44 1.085741
32 98 100 99 32 45 1.079578
32 101 103 102 32 46 1.076476
32 104 109 107 32 47 1.071899
32 110 115 113 32 48 1.067475
32 116 121 119 32 49 1.064803
32 122 127 125 32 50 1.059591
32 128 133 131 32 51 1.053754
32 134 139 137 32 52 1.045233
32 140 145 143 32 53 1.043384
32 146 151 149 32 54 1.038636
32 152 157 155 32 55 1.038476
32 158 163 161 32 56 1.038021
32 164 169 167 32 57 1.037620
32 170 175 173 32 58 1.035390
32 176 181 179 32 59 1.031908
32 182 187 185 32 60 1.029997
32 188 193 191 32 61 1.024571
32 194 254 224 32 62 1.019955
32 255 255 255 32 63 1.016548
33 0 0 0 33 0 1.000000   # ieta [34], pt 0
33 1 15 8 33 1 1.591008
33 16 16 16 33 2 1.516644
33 17 17 17 33 3 1.472175
33 18 18 18 33 4 1.431119
33 19 19 19 33 5 1.400419
33 20 20 20 33 6 1.368783
33 21 21 21 33 7 1.341941
33 22 22 22 33 8 1.324544
33 23 23 23 33 9 1.314922
33 24 24 24 33 10 1.288966
33 25 25 25 33 11 1.273557
33 26 26 26 33 12 1.255556
33 27 27 27 33 13 1.246963
33 28 28 28 33 14 1.234635
33 29 29 29 33 15 1.225061
33 30 30 30 33 16 1.218300
33 31 31 31 33 17 1.215301
33 32 33 33 33 18 1.202050
33 34 35 35 33 19 1.181750
33 36 37 37 33 20 1.175121
33 38 39 39 33 21 1.170777
33 40 41 41 33 22 1.159917
33 42 43 43 33 23 1.150121
33 44 45 45 33 24 1.143264
33 46 47 47 33 25 1.140754
33 48 49 49 33 26 1.139066
33 50 51 51 33 27 1.134959
33 52 53 53 33 28 1.134956
33 54 55 55 33 29 1.132029
33 56 57 57 33 30 1.120597
33 58 59 59 33 31 1.116948
33 60 61 61 33 32 1.112045
33 62 64 63 33 33 1.110525
33 65 67 66 33 34 1.105171
33 68 70 69 33 35 1.104934
33 71 73 72 33 36 1.095509
33 74 76 75 33 37 1.094866
33 77 79 78 33 38 1.089056
33 80 82 81 33 39 1.084320
33 83 85 84 33 40 1.083324
33 86 88 87 33 41 1.079576
33 89 91 90 33 42 1.077279
33 92 94 93 33 43 1.076529
33 95 97 96 33 44 1.074553
33 98 100 99 33 45 1.069691
33 101 103 102 33 46 1.066801
33 104 109 107 33 47 1.062703
33 110 115 113 33 48 1.058941
33 116 121 119 33 49 1.053556
33 122 127 125 33 50 1.050133
33 128 133 131 33 51 1.043965
33 134 139 137 33 52 1.035491
33 140 145 143 33 53 1.033364
33 146 151 149 33 54 1.028616
33 152 157 155 33 55 1.028455
33 158 163 161 33 56 1.028000
33 164 169 167 33 57 1.027599
33 170 175 173 33 58 1.026029
33 176 181 179 33 59 1.022877
33 182 187 185 33 60 1.020967
33 188 193 191 33 61 1.015541
33 194 254 224 33 62 1.007652
33 255 255 255 33 63 1.005732
34 0 0 0 34 0 1.000000   # ieta [35], pt 0
34 1 15 8 34 1 1.583108
34 16 16 16 34 2 1.513754
34 17 17 17 34 3 1.469284
34 18 18 18 34 4 1.428228
34 19 19 19 34 5 1.398318
34 20 20 20 34 6 1.366683
34 21 21 21 34 7 1.340751
34 22 22 22 34 8 1.323354
34 23 23 23 34 9 1.313504
34 24 24 24 34 10 1.287548
34 25 25 25 34 11 1.272139
34 26 26 26 34 12 1.254139
34 27 27 27 34 13 1.245545
34 28 28 28 34 14 1.233217
34 29 29 29 34 15 1.223644
34 30 30 30 34 16 1.216882
34 31 31 31 34 17 1.213883
34 32 33 33 34 18 1.200837
34 34 35 35 34 19 1.179967
34 36 37 37 34 20 1.173282
34 38 39 39 34 21 1.167743
34 40 41 41 34 22 1.156857
34 42 43 43 34 23 1.147169
34 44 45 45 34 24 1.139808
34 46 47 47 34 25 1.136672
34 48 49 49 34 26 1.133566
34 50 51 51 34 27 1.129090
34 52 53 53 34 28 1.128720
34 54 55 55 34 29 1.125040
34 56 57 57 34 30 1.112727
34 58 59 59 34 31 1.109077
34 60 61 61 34 32 1.104175
34 62 64 63 34 33 1.102654
34 65 67 66 34 34 1.097301
34 68 70 69 34 35 1.097064
34 71 73 72 34 36 1.087639
34 74 76 75 34 37 1.086996
34 77 79 78 34 38 1.081186
34 80 82 81 34 39 1.076450
34 83 85 84 34 40 1.075454
34 86 88 87 34 41 1.071706
34 89 91 90 34 42 1.067093
34 92 94 93 34 43 1.065184
34 95 97 96 34 44 1.063208
34 98 100 99 34 45 1.058347
34 101 103 102 34 46 1.055456
34 104 109 107 34 47 1.051359
34 110 115 113 34 48 1.047861
34 116 121 119 34 49 1.042741
34 122 127 125 34 50 1.040997
34 128 133 131 34 51 1.034910
34 134 139 137 34 52 1.026874
34 140 145 143 34 53 1.025185
34 146 151 149 34 54 1.021531
34 152 157 155 34 55 1.021371
34 158 163 161 34 56 1.020915
34 164 169 167 34 57 1.020514
34 170 175 173 34 58 1.018944
34 176 181 179 34 59 1.015793
34 182 187 185 34 60 1.013882
34 188 193 191 34 61 1.010631
34 194 254 224 34 62 1.002743
34 255 255 255 34 63 1.000823
35 0 0 0 35 0 1.000000   # ieta [36], pt 0
35 1 15 8 35 1 1.583427
35 16 16 16 35 2 1.514074
35 17 17 17 35 3 1.469604
35 18 18 18 35 4 1.428548
35 19 19 19 35 5 1.398638
35 20 20 20 35 6 1.367002
35 21 21 21 35 7 1.341071
35 22 22 22 35 8 1.323674
35 23 23 23 35 9 1.313824
35 24 24 24 35 10 1.287868
35 25 25 25 35 11 1.272459
35 26 26 26 35 12 1.254458
35 27 27 27 35 13 1.245865
35 28 28 28 35 14 1.233537
35 29 29 29 35 15 1.223963
35 30 30 30 35 16 1.217202
35 31 31 31 35 17 1.214203
35 32 33 33 35 18 1.200997
35 34 35 35 35 19 1.179967
35 36 37 37 35 20 1.173496
35 38 39 39 35 21 1.166762
35 40 41 41 35 22 1.155385
35 42 43 43 35 23 1.144708
35 44 45 45 35 24 1.136492
35 46 47 47 35 25 1.133356
35 48 49 49 35 26 1.130250
35 50 51 51 35 27 1.125774
35 52 53 53 35 28 1.125403
35 54 55 55 35 29 1.121307
35 56 57 57 35 30 1.107327
35 58 59 59 35 31 1.103678
35 60 61 61 35 32 1.098347
35 62 64 63 35 33 1.096827
35 65 67 66 35 34 1.091473
35 68 70 69 35 35 1.091237
35 71 73 72 35 36 1.080460
35 74 76 75 35 37 1.080153
35 77 79 78 35 38 1.074343
35 80 82 81 35 39 1.069809
35 83 85 84 35 40 1.068813
35 86 88 87 35 41 1.065064
35 89 91 90 35 42 1.060699
35 92 94 93 35 43 1.058914
35 95 97 96 35 44 1.056938
35 98 100 99 35 45 1.052076
35 101 103 102 35 46 1.049186
35 104 109 107 35 47 1.046255
35 110 115 113 35 48 1.042973
35 116 121 119 35 49 1.039093
35 122 127 125 35 50 1.038606
35 128 133 131 35 51 1.032837
35 134 139 137 35 52 1.025240
35 140 145 143 35 53 1.023831
35 146 151 149 35 54 1.020177
35 152 157 155 35 55 1.020017
35 158 163 161 35 56 1.019561
35 164 169 167 35 57 1.019160
35 170 175 173 35 58 1.014670
35 176 181 179 35 59 1.010577
35 182 187 185 35 60 1.008927
35 188 193 191 35 61 1.005676
35 194 254 224 35 62 0.998506
35 255 255 255 35 63 1.000249
36 0 0 0 36 0 1.000000   # ieta [37], pt 0
36 1 15 8 36 1 1.583427
36 16 16 16 36 2 1.514074
36 17 17 17 36 3 1.469604
36 18 18 18 36 4 1.428548
36 19 19 19 36 5 1.398638
36 20 20 20 36 6 1.367002
36 21 21 21 36 7 1.341071
36 22 22 22 36 8 1.323674
36 23 23 23 36 9 1.313824
36 24 24 24 36 10 1.287868
36 25 25 25 36 11 1.272459
36 26 26 26 36 12 1.254458
36 27 27 27 36 13 1.245865
36 28 28 28 36 14 1.233537
36 29 29 29 36 15 1.223963
36 30 30 30 36 16 1.217202
36 31 31 31 36 17 1.214203
36 32 33 33 36 18 1.200997
36 34 35 35 36 19 1.179967
36 36 37 37 36 20 1.173496
36 38 39 39 36 21 1.166762
36 40 41 41 36 22 1.155385
36 42 43 43 36 23 1.144708
36 44 45 45 36 24 1.136319
36 46 47 47 36 25 1.133182
36 48 49 49 36 26 1.130077
36 50 51 51 36 27 1.125601
36 52 53 53 36 28 1.125230
36 54 55 55 36 29 1.121134
36 56 57 57 36 30 1.107154
36 58 59 59 36 31 1.103230
36 60 61 61 36 32 1.097625
36 62 64 63 36 33 1.096105
36 65 67 66 36 34 1.090751
36 68 70 69 36 35 1.090515
36 71 73 72 36 36 1.075728
36 74 76 75 36 37 1.075421
36 77 79 78 36 38 1.069611
36 80 82 81 36 39 1.065077
36 83 85 84 36 40 1.064081
36 86 88 87 36 41 1.060332
36 89 91 90 36 42 1.055259
36 92 94 93 36 43 1.053121
36 95 97 96 36 44 1.051145
36 98 100 99 36 45 1.046283
36 101 103 102 36 46 1.043393
36 104 109 107 36 47 1.040462
36 110 115 113 36 48 1.037180
36 116 121 119 36 49 1.033300
36 122 127 125 36 50 1.032813
36 128 133 131 36 51 1.027044
36 134 139 137 36 52 1.019447
36 140 145 143 36 53 1.018038
36 146 151 149 36 54 1.014384
36 152 157 155 36 55 1.014224
36 158 163 161 36 56 1.013768
36 164 169 167 36 57 1.013367
36 170 175 173 36 58 1.008877
36 176 181 179 36 59 1.004784
36 182 187 185 36 60 1.003134
36 188 193 191 36 61 0.999883
36 194 254 224 36 62 0.993281
36 255 255 255 36 63 0.995178
37 0 0 0 37 0 1.000000   # ieta [38], pt 0
37 1 15 8 37 1 1.578762
37 16 16 16 37 2 1.510936
37 17 17 17 37 3 1.466466
37 18 18 18 37 4 1.425410
37 19 19 19 37 5 1.395774
37 20 20 20 37 6 1.364859
37 21 21 21 37 7 1.339388
37 22 22 22 37 8 1.323601
37 23 23 23 37 9 1.315474
37 24 24 24 37 10 1.289518
37 25 25 25 37 11 1.277766
37 26 26 26 37 12 1.260336
37 27 27 27 37 13 1.251742
37 28 28 28 37 14 1.239414
37 29 29 29 37 15 1.229841
37 30 30 30 37 16 1.223079
37 31 31 31 37 17 1.220081
37 32 33 33 37 18 1.208656
37 34 35 35 37 19 1.187626
37 36 37 37 37 20 1.181155
37 38 39 39 37 21 1.175615
37 40 41 41 37 22 1.163112
37 42 43 43 37 23 1.152435
37 44 45 45 37 24 1.144045
37 46 47 47 37 25 1.140909
37 48 49 49 37 26 1.135337
37 50 51 51 37 27 1.129189
37 52 53 53 37 28 1.128589
37 54 55 55 37 29 1.124492
37 56 57 57 37 30 1.110513
37 58 59 59 37 31 1.106305
37 60 61 61 37 32 1.100416
37 62 64 63 37 33 1.098896
37 65 67 66 37 34 1.093542
37 68 70 69 37 35 1.093306
37 71 73 72 37 36 1.077662
37 74 76 75 37 37 1.077355
37 77 79 78 37 38 1.071087
37 80 82 81 37 39 1.066324
37 83 85 84 37 40 1.065328
37 86 88 87 37 41 1.061580
37 89 91 90 37 42 1.051022
37 92 94 93 37 43 1.046438
37 95 97 96 37 44 1.044462
37 98 100 99 37 45 1.039600
37 101 103 102 37 46 1.036710
37 104 109 107 37 47 1.033779
37 110 115 113 37 48 1.030497
37 116 121 119 37 49 1.024859
37 122 127 125 37 50 1.022615
37 128 133 131 37 51 1.016846
37 134 139 137 37 52 1.009250
37 140 145 143 37 53 1.007840
37 146 151 149 37 54 1.004531
37 152 157 155 37 55 1.004440
37 158 163 161 37 56 1.003984
37 164 169 167 37 57 1.003583
37 170 175 173 37 58 0.999093
37 176 181 179 37 59 0.995001
37 182 187 185 37 60 0.993350
37 188 193 191 37 61 0.990099
37 194 254 224 37 62 0.983498
37 255 255 255 37 63 0.985394
38 0 0 0 38 0 1.000000   # ieta [39], pt 0
38 1 15 8 38 1 1.819813
38 16 16 16 38 2 1.702884
38 17 17 17 38 3 1.675931
38 18 18 18 38 4 1.613889
38 19 19 19 38 5 1.597101
38 20 20 20 38 6 1.565864
38 21 21 21 38 7 1.510772
38 22 22 22 38 8 1.487181
38 23 23 23 38 9 1.493168
38 24 24 24 38 10 1.436366
38 25 25 25 38 11 1.396640
38 26 26 26 38 12 1.379442
38 27 27 27 38 13 1.360153
38 28 28 28 38 14 1.339545
38 29 29 29 38 15 1.323692
38 30 30 30 38 16 1.309037
38 31 31 31 38 17 1.296253
38 32 33 33 38 18 1.251581
38 34 35 35 38 19 1.221083
38 36 37 37 38 20 1.210012
38 38 39 39 38 21 1.196261
38 40 41 41 38 22 1.181089
38 42 43 43 38 23 1.170412
38 44 45 45 38 24 1.162023
38 46 47 47 38 25 1.155000
38 48 49 49 38 26 1.149137
38 50 51 51 38 27 1.142411
38 52 53 53 38 28 1.140691
38 54 55 55 38 29 1.135748
38 56 57 57 38 30 1.114947
38 58 59 59 38 31 1.108457
38 60 61 61 38 32 1.102568
38 62 64 63 38 33 1.101047
38 65 67 66 38 34 1.091857
38 68 70 69 38 35 1.091620
38 71 73 72 38 36 1.075977
38 74 76 75 38 37 1.075669
38 77 79 78 38 38 1.069401
38 80 82 81 38 39 1.064638
38 83 85 84 38 40 1.063642
38 86 88 87 38 41 1.059894
38 89 91 90 38 42 1.049336
38 92 94 93 38 43 1.044752
38 95 97 96 38 44 1.042776
38 98 100 99 38 45 1.037915
38 101 103 102 38 46 1.035024
38 104 109 107 38 47 1.032093
38 110 115 113 38 48 1.028811
38 116 121 119 38 49 1.023174
38 122 127 125 38 50 1.020930
38 128 133 131 38 51 1.015161
38 134 139 137 38 52 1.007564
38 140 145 143 38 53 1.006155
38 146 151 149 38 54 1.002846
38 152 157 155 38 55 1.002755
38 158 163 161 38 56 1.002299
38 164 169 167 38 57 1.001898
38 170 175 173 38 58 0.997407
38 176 181 179 38 59 0.993315
38 182 187 185 38 60 0.991665
38 188 193 191 38 61 0.988414
38 194 254 224 38 62 0.981812
38 255 255 255 38 63 0.983709
39 0 0 0 39 0 1.000000   # ieta [40], pt 0
39 1 15 8 39 1 2.014747
39 16 16 16 39 2 1.908712
39 17 17 17 39 3 1.855919
39 18 18 18 39 4 1.786182
39 19 19 19 39 5 1.690524
39 20 20 20 39 6 1.660121
39 21 21 21 39 7 1.587453
39 22 22 22 39 8 1.558424
39 23 23 23 39 9 1.567899
39 24 24 24 39 10 1.515438
39 25 25 25 39 11 1.473039
39 26 26 26 39 12 1.443953
39 27 27 27 39 13 1.424664
39 28 28 28 39 14 1.398471
39 29 29 29 39 15 1.377419
39 30 30 30 39 16 1.362764
39 31 31 31 39 17 1.349435
39 32 33 33 39 18 1.302064
39 34 35 35 39 19 1.273407
39 36 37 37 39 20 1.261604
39 38 39 39 39 21 1.247853
39 40 41 41 39 22 1.232682
39 42 43 43 39 23 1.222005
39 44 45 45 39 24 1.207841
39 46 47 47 39 25 1.197292
39 48 49 49 39 26 1.187330
39 50 51 51 39 27 1.176233
39 52 53 53 39 28 1.172080
39 54 55 55 39 29 1.165966
39 56 57 57 39 30 1.138199
39 58 59 59 39 31 1.129686
39 60 61 61 39 32 1.121938
39 62 64 63 39 33 1.118308
39 65 67 66 39 34 1.109117
39 68 70 69 39 35 1.108880
39 71 73 72 39 36 1.092070
39 74 76 75 39 37 1.091179
39 77 79 78 39 38 1.083832
39 80 82 81 39 39 1.078530
39 83 85 84 39 40 1.077534
39 86 88 87 39 41 1.073785
39 89 91 90 39 42 1.061846
39 92 94 93 39 43 1.055985
39 95 97 96 39 44 1.053715
39 98 100 99 39 45 1.048854
39 101 103 102 39 46 1.045963
39 104 109 107 39 47 1.043032
39 110 115 113 39 48 1.039750
39 116 121 119 39 49 1.034113
39 122 127 125 39 50 1.031869
39 128 133 131 39 51 1.025787
39 134 139 137 39 52 1.017878
39 140 145 143 39 53 1.016469
39 146 151 149 39 54 1.013160
39 152 157 155 39 55 1.013069
39 158 163 161 39 56 1.012613
39 164 169 167 39 57 1.012212
39 170 175 173 39 58 1.007722
39 176 181 179 39 59 1.003629
39 182 187 185 39 60 1.001979
39 188 193 191 39 61 0.998728
39 194 254 224 39 62 0.992126
39 255 255 255 39 63 0.994023
