# address to addend+multiplicative factor LUT
# maps 12 bits to 18 bits
# 18 bits = (addend<<10) + multiplier)
# addend is signed 8 bits, multiplier is 10 bits
# anything after # is ignored with the exception of the header
# the header is first valid line starting with #<header> versionStr nrBitsAddress nrBitsData </header>
#<header> v1 12 18 </header>
0 512  # compresses ieta bin 0, pt 0
1 2047
2 3071
3 2047
4 2045
5 2047
6 2045
7 1018
8 1019
9 1007
10 1000
11 999
12 991
13 982
14 975
15 968
16 969
17 962
18 951
19 940
20 924
21 916
22 910
23 902
24 886
25 885
26 875
27 871
28 862
29 859
30 843
31 836
32 838
33 831
34 821
35 811
36 809
37 801
38 799
39 792
40 788
41 784
42 781
43 781
44 775
45 775
46 767
47 765
48 756
49 752
50 749
51 746
52 741
53 741
54 733
55 733
56 731
57 731
58 725
59 720
60 714
61 711
62 703
63 688
64 512  # compresses ieta bin 1, pt 0
65 4095
66 5119
67 3071
68 3071
69 3071
70 3071
71 3071
72 3071
73 2047
74 2042
75 1019
76 1011
77 1001
78 993
79 993
80 986
81 979
82 966
83 955
84 938
85 929
86 921
87 909
88 896
89 891
90 880
91 876
92 868
93 864
94 856
95 849
96 846
97 840
98 829
99 826
100 820
101 811
102 806
103 801
104 797
105 790
106 789
107 786
108 780
109 780
110 772
111 769
112 760
113 757
114 753
115 752
116 745
117 744
118 737
119 736
120 736
121 734
122 729
123 725
124 716
125 714
126 706
127 691
128 512  # compresses ieta bin 2, pt 0
129 4095
130 5119
131 4095
132 3071
133 4095
134 3071
135 3071
136 3071
137 2047
138 2044
139 1019
140 1019
141 1001
142 994
143 993
144 986
145 979
146 966
147 955
148 938
149 929
150 921
151 909
152 896
153 891
154 880
155 876
156 868
157 864
158 856
159 849
160 846
161 840
162 829
163 826
164 820
165 811
166 806
167 801
168 797
169 790
170 789
171 786
172 780
173 780
174 772
175 769
176 760
177 757
178 753
179 752
180 745
181 744
182 737
183 736
184 736
185 734
186 729
187 725
188 716
189 714
190 706
191 691
192 512  # compresses ieta bin 3, pt 0
193 4095
194 5119
195 4095
196 4095
197 4095
198 3071
199 4095
200 4095
201 3071
202 2045
203 1019
204 1019
205 1001
206 994
207 993
208 986
209 979
210 967
211 955
212 939
213 930
214 922
215 914
216 897
217 891
218 886
219 876
220 872
221 864
222 856
223 849
224 846
225 840
226 832
227 826
228 820
229 811
230 806
231 801
232 797
233 793
234 789
235 786
236 780
237 780
238 775
239 769
240 763
241 759
242 755
243 754
244 745
245 744
246 738
247 738
248 736
249 735
250 729
251 725
252 716
253 715
254 706
255 691
256 512  # compresses ieta bin 4, pt 0
257 4095
258 5119
259 4095
260 4095
261 5119
262 4095
263 4095
264 4095
265 3071
266 2047
267 2045
268 1019
269 1010
270 1001
271 994
272 994
273 979
274 974
275 962
276 944
277 936
278 928
279 920
280 902
281 896
282 887
283 881
284 877
285 869
286 860
287 853
288 850
289 848
290 836
291 830
292 823
293 811
294 809
295 801
296 797
297 793
298 792
299 789
300 783
301 782
302 777
303 774
304 765
305 761
306 759
307 756
308 749
309 748
310 742
311 741
312 739
313 738
314 732
315 729
316 720
317 719
318 711
319 698
320 512  # compresses ieta bin 5, pt 0
321 5119
322 8191
323 7167
324 7167
325 8191
326 7167
327 6143
328 7167
329 5119
330 4095
331 4095
332 3071
333 1020
334 1019
335 1011
336 1011
337 995
338 989
339 977
340 958
341 949
342 940
343 926
344 913
345 907
346 901
347 896
348 887
349 882
350 874
351 870
352 867
353 860
354 848
355 837
356 834
357 828
358 822
359 817
360 812
361 808
362 804
363 800
364 791
365 790
366 785
367 781
368 774
369 769
370 767
371 764
372 756
373 755
374 747
375 746
376 744
377 743
378 736
379 732
380 725
381 722
382 715
383 702
384 512  # compresses ieta bin 6, pt 0
385 5119
386 8191
387 7167
388 7167
389 8191
390 7167
391 7167
392 7167
393 6143
394 5119
395 4095
396 4095
397 2045
398 1019
399 1012
400 1011
401 995
402 989
403 977
404 958
405 949
406 940
407 926
408 913
409 907
410 901
411 892
412 886
413 882
414 874
415 870
416 867
417 860
418 848
419 837
420 834
421 828
422 822
423 817
424 809
425 805
426 804
427 800
428 791
429 790
430 785
431 781
432 774
433 769
434 765
435 762
436 756
437 755
438 747
439 746
440 744
441 741
442 736
443 732
444 723
445 721
446 714
447 702
448 512  # compresses ieta bin 7, pt 0
449 5119
450 7167
451 7167
452 7167
453 7167
454 7167
455 7167
456 7167
457 5119
458 5119
459 4095
460 4095
461 2043
462 1019
463 1011
464 1011
465 995
466 983
467 970
468 952
469 943
470 934
471 926
472 913
473 907
474 897
475 891
476 886
477 878
478 874
479 866
480 867
481 856
482 844
483 837
484 830
485 825
486 819
487 814
488 809
489 805
490 801
491 797
492 791
493 788
494 782
495 779
496 772
497 767
498 765
499 764
500 754
501 753
502 745
503 744
504 742
505 741
506 735
507 730
508 722
509 719
510 713
511 700
512 512  # compresses ieta bin 8, pt 0
513 6143
514 9215
515 10239
516 10239
517 10239
518 9215
519 9215
520 8191
521 7167
522 7167
523 6143
524 6143
525 4095
526 3071
527 1021
528 1020
529 1004
530 997
531 984
532 972
533 962
534 947
535 938
536 930
537 923
538 912
539 901
540 891
541 883
542 878
543 871
544 871
545 860
546 848
547 837
548 834
549 828
550 822
551 817
552 810
553 805
554 804
555 800
556 791
557 790
558 785
559 781
560 774
561 769
562 765
563 766
564 756
565 755
566 747
567 746
568 742
569 741
570 736
571 732
572 723
573 721
574 714
575 701
576 512  # compresses ieta bin 9, pt 0
577 7167
578 11263
579 11263
580 11263
581 11263
582 10239
583 9215
584 9215
585 8191
586 7167
587 7167
588 6143
589 4095
590 3071
591 2044
592 1020
593 1004
594 997
595 991
596 972
597 962
598 953
599 939
600 930
601 923
602 912
603 906
604 897
605 888
606 883
607 879
608 875
609 868
610 856
611 848
612 841
613 835
614 829
615 820
616 815
617 814
618 809
619 805
620 799
621 798
622 790
623 786
624 779
625 774
626 772
627 766
628 760
629 759
630 750
631 749
632 744
633 743
634 736
635 733
636 725
637 721
638 714
639 702
640 512  # compresses ieta bin 10, pt 0
641 7167
642 11263
643 11263
644 11263
645 12287
646 11263
647 9215
648 9215
649 8191
650 8191
651 7167
652 7167
653 5119
654 4095
655 3071
656 3071
657 1020
658 1013
659 999
660 980
661 968
662 959
663 950
664 937
665 930
666 922
667 916
668 906
669 897
670 892
671 883
672 880
673 872
674 860
675 852
676 845
677 838
678 832
679 823
680 818
681 814
682 812
683 808
684 801
685 801
686 795
687 791
688 783
689 780
690 776
691 769
692 764
693 762
694 752
695 751
696 745
697 745
698 739
699 736
700 727
701 725
702 717
703 705
704 512  # compresses ieta bin 11, pt 0
705 7167
706 13311
707 13311
708 13311
709 14335
710 13311
711 12287
712 11263
713 10239
714 10239
715 9215
716 8191
717 6143
718 6143
719 5119
720 5119
721 3071
722 2045
723 1013
724 993
725 982
726 971
727 962
728 948
729 940
730 928
731 921
732 915
733 901
734 892
735 884
736 880
737 872
738 860
739 852
740 848
741 842
742 832
743 823
744 818
745 817
746 815
747 811
748 804
749 803
750 797
751 793
752 785
753 782
754 778
755 773
756 766
757 764
758 754
759 753
760 748
761 746
762 742
763 737
764 729
765 726
766 719
767 707
768 512  # compresses ieta bin 12, pt 0
769 9215
770 15359
771 14335
772 14335
773 15359
774 15359
775 13311
776 13311
777 12287
778 12287
779 11263
780 10239
781 8191
782 8191
783 7167
784 7167
785 4095
786 3071
787 2047
788 1014
789 995
790 984
791 974
792 965
793 951
794 943
795 931
796 925
797 915
798 905
799 896
800 896
801 888
802 875
803 867
804 862
805 859
806 852
807 842
808 837
809 834
810 829
811 825
812 817
813 816
814 807
815 803
816 794
817 789
818 784
819 779
820 771
821 769
822 762
823 761
824 755
825 754
826 750
827 746
828 737
829 734
830 727
831 715
832 512  # compresses ieta bin 13, pt 0
833 9215
834 16383
835 16383
836 16383
837 17407
838 16383
839 16383
840 16383
841 15359
842 14335
843 13311
844 13311
845 11263
846 11263
847 10239
848 10239
849 8191
850 6143
851 5119
852 2047
853 1015
854 1003
855 992
856 976
857 963
858 954
859 942
860 935
861 929
862 919
863 909
864 905
865 901
866 887
867 882
868 877
869 869
870 862
871 852
872 846
873 843
874 838
875 833
876 826
877 826
878 817
879 813
880 801
881 797
882 792
883 787
884 779
885 778
886 769
887 769
888 763
889 761
890 757
891 753
892 745
893 742
894 735
895 723
896 512  # compresses ieta bin 14, pt 0
897 9215
898 16383
899 16383
900 16383
901 17407
902 16383
903 16383
904 16383
905 14335
906 14335
907 13311
908 13311
909 11263
910 11263
911 10239
912 10239
913 8191
914 7167
915 6143
916 3071
917 1021
918 1009
919 1004
920 983
921 973
922 964
923 956
924 949
925 939
926 932
927 922
928 918
929 913
930 898
931 893
932 887
933 879
934 872
935 861
936 855
937 852
938 846
939 844
940 836
941 834
942 827
943 822
944 810
945 806
946 800
947 797
948 788
949 787
950 780
951 777
952 772
953 771
954 766
955 763
956 755
957 751
958 746
959 734
960 512  # compresses ieta bin 15, pt 0
961 8191
962 14335
963 14335
964 14335
965 15359
966 15359
967 15359
968 15359
969 14335
970 14335
971 13311
972 12287
973 11263
974 11263
975 10239
976 10239
977 8191
978 7167
979 6143
980 4095
981 3071
982 2045
983 1016
984 999
985 989
986 980
987 971
988 964
989 957
990 946
991 940
992 934
993 929
994 918
995 911
996 905
997 896
998 888
999 880
1000 873
1001 870
1002 866
1003 860
1004 855
1005 855
1006 845
1007 841
1008 831
1009 825
1010 819
1011 814
1012 807
1013 805
1014 798
1015 797
1016 791
1017 790
1018 785
1019 782
1020 773
1021 770
1022 765
1023 758
1024 512  # compresses ieta bin 16, pt 0
1025 12287
1026 20479
1027 19455
1028 19455
1029 20479
1030 20479
1031 19455
1032 19455
1033 18431
1034 18431
1035 17407
1036 16383
1037 15359
1038 15359
1039 14335
1040 14335
1041 12287
1042 12287
1043 11263
1044 10239
1045 9215
1046 8191
1047 6143
1048 3071
1049 1022
1050 1016
1051 1002
1052 998
1053 989
1054 982
1055 970
1056 968
1057 957
1058 945
1059 937
1060 934
1061 924
1062 914
1063 903
1064 898
1065 893
1066 889
1067 885
1068 879
1069 878
1070 870
1071 865
1072 853
1073 847
1074 843
1075 838
1076 829
1077 828
1078 821
1079 820
1080 814
1081 812
1082 807
1083 803
1084 795
1085 792
1086 787
1087 780
1088 512  # compresses ieta bin 17, pt 0
1089 10239
1090 17407
1091 16383
1092 16383
1093 17407
1094 17407
1095 16383
1096 16383
1097 15359
1098 14335
1099 13311
1100 13311
1101 11263
1102 10239
1103 10239
1104 10239
1105 7167
1106 6143
1107 5119
1108 3071
1109 2044
1110 1010
1111 998
1112 982
1113 972
1114 964
1115 956
1116 949
1117 938
1118 932
1119 922
1120 922
1121 913
1122 898
1123 893
1124 887
1125 879
1126 872
1127 861
1128 855
1129 852
1130 846
1131 841
1132 836
1133 837
1134 827
1135 822
1136 810
1137 804
1138 798
1139 793
1140 786
1141 784
1142 776
1143 776
1144 771
1145 769
1146 765
1147 762
1148 752
1149 749
1150 745
1151 737
1152 512  # compresses ieta bin 18, pt 0
1153 10239
1154 17407
1155 17407
1156 17407
1157 18431
1158 18431
1159 17407
1160 15359
1161 15359
1162 14335
1163 14335
1164 13311
1165 11263
1166 11263
1167 10239
1168 10239
1169 8191
1170 7167
1171 6143
1172 3071
1173 2046
1174 1015
1175 1004
1176 982
1177 972
1178 964
1179 956
1180 949
1181 938
1182 932
1183 923
1184 922
1185 913
1186 898
1187 893
1188 887
1189 879
1190 872
1191 861
1192 855
1193 849
1194 846
1195 841
1196 836
1197 834
1198 825
1199 822
1200 808
1201 804
1202 798
1203 791
1204 784
1205 784
1206 774
1207 774
1208 769
1209 767
1210 763
1211 760
1212 750
1213 747
1214 742
1215 735
1216 512  # compresses ieta bin 19, pt 0
1217 9215
1218 16383
1219 16383
1220 15359
1221 16383
1222 15359
1223 13311
1224 13311
1225 11263
1226 11263
1227 9215
1228 9215
1229 7167
1230 6143
1231 5119
1232 5119
1233 4095
1234 3071
1235 2044
1236 1007
1237 982
1238 978
1239 968
1240 953
1241 945
1242 933
1243 921
1244 915
1245 906
1246 901
1247 892
1248 892
1249 884
1250 871
1251 867
1252 862
1253 859
1254 852
1255 842
1256 837
1257 834
1258 832
1259 825
1260 820
1261 821
1262 815
1263 810
1264 799
1265 791
1266 786
1267 781
1268 773
1269 771
1270 764
1271 764
1272 758
1273 757
1274 753
1275 749
1276 740
1277 737
1278 732
1279 725
1280 512  # compresses ieta bin 20, pt 0
1281 9215
1282 15359
1283 14335
1284 13311
1285 14335
1286 13311
1287 12287
1288 11263
1289 10239
1290 9215
1291 8191
1292 7167
1293 6143
1294 5119
1295 4095
1296 3071
1297 1020
1298 1005
1299 999
1300 979
1301 955
1302 953
1303 944
1304 930
1305 923
1306 917
1307 907
1308 901
1309 892
1310 883
1311 875
1312 871
1313 868
1314 856
1315 852
1316 848
1317 845
1318 839
1319 830
1320 827
1321 822
1322 821
1323 816
1324 812
1325 808
1326 800
1327 796
1328 783
1329 776
1330 772
1331 767
1332 760
1333 759
1334 752
1335 751
1336 747
1337 745
1338 741
1339 737
1340 727
1341 725
1342 721
1343 713
1344 512  # compresses ieta bin 21, pt 0
1345 8191
1346 14335
1347 13311
1348 11263
1349 11263
1350 10239
1351 7167
1352 7167
1353 5119
1354 5119
1355 4095
1356 3071
1357 3071
1358 2047
1359 2045
1360 1020
1361 1004
1362 989
1363 978
1364 958
1365 930
1366 934
1367 926
1368 919
1369 908
1370 901
1371 896
1372 887
1373 882
1374 874
1375 866
1376 863
1377 856
1378 844
1379 841
1380 838
1381 832
1382 829
1383 823
1384 818
1385 814
1386 812
1387 808
1388 804
1389 801
1390 795
1391 791
1392 776
1393 769
1394 765
1395 762
1396 753
1397 751
1398 743
1399 743
1400 737
1401 734
1402 731
1403 727
1404 718
1405 715
1406 711
1407 704
1408 512  # compresses ieta bin 22, pt 0
1409 7167
1410 11263
1411 10239
1412 9215
1413 9215
1414 9215
1415 6143
1416 6143
1417 4095
1418 4095
1419 3071
1420 2044
1421 1010
1422 1010
1423 1002
1424 994
1425 972
1426 974
1427 963
1428 944
1429 910
1430 909
1431 902
1432 891
1433 885
1434 875
1435 866
1436 862
1437 859
1438 856
1439 849
1440 846
1441 836
1442 825
1443 818
1444 816
1445 814
1446 809
1447 801
1448 797
1449 796
1450 792
1451 792
1452 786
1453 785
1454 780
1455 779
1456 769
1457 763
1458 759
1459 756
1460 749
1461 748
1462 738
1463 739
1464 733
1465 729
1466 726
1467 723
1468 712
1469 710
1470 706
1471 699
1472 512  # compresses ieta bin 23, pt 0
1473 6143
1474 9215
1475 8191
1476 7167
1477 7167
1478 6143
1479 4095
1480 3071
1481 2043
1482 1019
1483 1009
1484 991
1485 982
1486 974
1487 959
1488 953
1489 939
1490 936
1491 926
1492 910
1493 884
1494 884
1495 879
1496 868
1497 859
1498 854
1499 851
1500 848
1501 840
1502 838
1503 831
1504 829
1505 823
1506 809
1507 800
1508 798
1509 794
1510 789
1511 782
1512 779
1513 773
1514 772
1515 769
1516 767
1517 764
1518 757
1519 755
1520 745
1521 739
1522 737
1523 734
1524 728
1525 728
1526 718
1527 718
1528 713
1529 711
1530 707
1531 705
1532 694
1533 691
1534 687
1535 682
1536 512  # compresses ieta bin 24, pt 0
1537 5119
1538 8191
1539 6143
1540 5119
1541 5119
1542 4095
1543 2047
1544 2046
1545 1018
1546 999
1547 990
1548 981
1549 972
1550 974
1551 958
1552 952
1553 938
1554 935
1555 925
1556 910
1557 884
1558 884
1559 873
1560 863
1561 859
1562 854
1563 851
1564 848
1565 840
1566 838
1567 831
1568 829
1569 823
1570 809
1571 800
1572 798
1573 794
1574 789
1575 782
1576 776
1577 772
1578 772
1579 769
1580 764
1581 762
1582 754
1583 753
1584 742
1585 739
1586 735
1587 734
1588 728
1589 728
1590 718
1591 718
1592 713
1593 712
1594 708
1595 705
1596 696
1597 692
1598 689
1599 682
1600 512  # compresses ieta bin 25, pt 0
1601 4095
1602 5119
1603 4095
1604 1019
1605 1017
1606 992
1607 970
1608 961
1609 941
1610 923
1611 917
1612 921
1613 915
1614 919
1615 914
1616 918
1617 921
1618 905
1619 896
1620 882
1621 857
1622 859
1623 849
1624 839
1625 836
1626 834
1627 826
1628 824
1629 822
1630 820
1631 814
1632 817
1633 807
1634 794
1635 778
1636 777
1637 773
1638 760
1639 751
1640 745
1641 743
1642 741
1643 742
1644 737
1645 736
1646 732
1647 729
1648 722
1649 716
1650 712
1651 713
1652 708
1653 707
1654 699
1655 698
1656 694
1657 694
1658 689
1659 687
1660 680
1661 678
1662 675
1663 670
1664 512  # compresses ieta bin 26, pt 0
1665 7167
1666 10239
1667 8191
1668 5119
1669 4095
1670 1019
1671 994
1672 984
1673 952
1674 934
1675 937
1676 931
1677 906
1678 919
1679 916
1680 918
1681 913
1682 904
1683 890
1684 875
1685 850
1686 846
1687 831
1688 828
1689 825
1690 823
1691 811
1692 799
1693 798
1694 797
1695 792
1696 791
1697 783
1698 774
1699 759
1700 759
1701 753
1702 744
1703 735
1704 730
1705 725
1706 724
1707 723
1708 719
1709 715
1710 712
1711 710
1712 706
1713 699
1714 696
1715 695
1716 682
1717 680
1718 676
1719 677
1720 675
1721 674
1722 662
1723 662
1724 653
1725 648
1726 639
1727 591
1728 512  # compresses ieta bin 27, pt 0
1729 6143
1730 8191
1731 7167
1732 4095
1733 2047
1734 1005
1735 970
1736 960
1737 918
1738 901
1739 886
1740 882
1741 868
1742 873
1743 861
1744 859
1745 863
1746 850
1747 845
1748 834
1749 817
1750 803
1751 783
1752 777
1753 776
1754 771
1755 760
1756 751
1757 752
1758 753
1759 749
1760 750
1761 742
1762 735
1763 722
1764 724
1765 715
1766 707
1767 706
1768 702
1769 699
1770 698
1771 695
1772 692
1773 687
1774 684
1775 683
1776 681
1777 673
1778 671
1779 674
1780 655
1781 653
1782 652
1783 652
1784 651
1785 651
1786 642
1787 645
1788 635
1789 631
1790 621
1791 567
1792 512  # compresses ieta bin 28, pt 0
1793 8191
1794 12287
1795 9215
1796 4095
1797 3071
1798 1018
1799 983
1800 949
1801 907
1802 891
1803 876
1804 862
1805 839
1806 827
1807 817
1808 807
1809 790
1810 773
1811 764
1812 758
1813 752
1814 740
1815 736
1816 737
1817 733
1818 730
1819 725
1820 722
1821 719
1822 713
1823 710
1824 712
1825 710
1826 708
1827 700
1828 699
1829 695
1830 688
1831 685
1832 684
1833 678
1834 678
1835 673
1836 671
1837 669
1838 667
1839 664
1840 661
1841 658
1842 655
1843 652
1844 640
1845 640
1846 632
1847 627
1848 626
1849 625
1850 620
1851 619
1852 610
1853 607
1854 595
1855 568
1856 512  # compresses ieta bin 29, pt 0
1857 11263
1858 15359
1859 11263
1860 6143
1861 5119
1862 2047
1863 996
1864 960
1865 918
1866 902
1867 886
1868 872
1869 841
1870 827
1871 817
1872 807
1873 789
1874 772
1875 758
1876 751
1877 739
1878 722
1879 718
1880 704
1881 700
1882 693
1883 686
1884 684
1885 678
1886 672
1887 671
1888 670
1889 669
1890 666
1891 659
1892 656
1893 654
1894 645
1895 646
1896 645
1897 646
1898 641
1899 635
1900 633
1901 632
1902 631
1903 628
1904 625
1905 621
1906 620
1907 619
1908 612
1909 612
1910 603
1911 597
1912 597
1913 597
1914 591
1915 590
1916 583
1917 580
1918 570
1919 543
1920 512  # compresses ieta bin 30, pt 0
1921 10239
1922 14335
1923 11263
1924 6143
1925 5119
1926 2047
1927 994
1928 950
1929 907
1930 891
1931 867
1932 852
1933 821
1934 802
1935 790
1936 774
1937 764
1938 750
1939 728
1940 717
1941 706
1942 691
1943 688
1944 674
1945 673
1946 667
1947 665
1948 664
1949 663
1950 663
1951 662
1952 661
1953 661
1954 658
1955 651
1956 649
1957 644
1958 638
1959 637
1960 638
1961 637
1962 633
1963 626
1964 625
1965 625
1966 624
1967 624
1968 620
1969 617
1970 616
1971 615
1972 609
1973 608
1974 599
1975 594
1976 594
1977 593
1978 588
1979 586
1980 579
1981 576
1982 566
1983 540
1984 512  # compresses ieta bin 31, pt 0
1985 9215
1986 11263
1987 8191
1988 2043
1989 1017
1990 967
1991 921
1992 879
1993 863
1994 848
1995 814
1996 803
1997 774
1998 754
1999 738
2000 713
2001 706
2002 695
2003 677
2004 661
2005 653
2006 641
2007 640
2008 635
2009 629
2010 625
2011 621
2012 616
2013 612
2014 609
2015 610
2016 607
2017 608
2018 607
2019 603
2020 599
2021 599
2022 596
2023 596
2024 593
2025 590
2026 590
2027 588
2028 585
2029 586
2030 584
2031 585
2032 584
2033 582
2034 581
2035 582
2036 579
2037 580
2038 577
2039 574
2040 574
2041 573
2042 568
2043 567
2044 560
2045 557
2046 547
2047 521
2048 512  # compresses ieta bin 32, pt 0
2049 8191
2050 9215
2051 5119
2052 977
2053 964
2054 929
2055 884
2056 856
2057 818
2058 797
2059 773
2060 754
2061 727
2062 718
2063 703
2064 679
2065 673
2066 664
2067 640
2068 626
2069 614
2070 603
2071 593
2072 584
2073 581
2074 583
2075 580
2076 582
2077 580
2078 578
2079 580
2080 577
2081 575
2082 573
2083 574
2084 567
2085 565
2086 563
2087 561
2088 562
2089 561
2090 556
2091 552
2092 551
2093 550
2094 549
2095 549
2096 550
2097 548
2098 546
2099 547
2100 545
2101 547
2102 544
2103 543
2104 542
2105 542
2106 537
2107 536
2108 529
2109 528
2110 517
2111 491
2112 512  # compresses ieta bin 33, pt 0
2113 8191
2114 9215
2115 5119
2116 977
2117 964
2118 928
2119 884
2120 846
2121 818
2122 795
2123 773
2124 754
2125 726
2126 709
2127 702
2128 671
2129 665
2130 656
2131 633
2132 619
2133 602
2134 590
2135 581
2136 572
2137 569
2138 568
2139 570
2140 568
2141 566
2142 568
2143 567
2144 565
2145 563
2146 561
2147 562
2148 557
2149 555
2150 553
2151 552
2152 550
2153 549
2154 548
2155 544
2156 543
2157 542
2158 541
2159 542
2160 541
2161 539
2162 538
2163 539
2164 538
2165 538
2166 537
2167 536
2168 535
2169 534
2170 529
2171 529
2172 523
2173 520
2174 510
2175 484
2176 512  # compresses ieta bin 34, pt 0
2177 8191
2178 9215
2179 5119
2180 977
2181 964
2182 928
2183 884
2184 846
2185 818
2186 795
2187 773
2188 754
2189 726
2190 709
2191 702
2192 671
2193 665
2194 656
2195 633
2196 619
2197 602
2198 590
2199 581
2200 572
2201 569
2202 568
2203 566
2204 568
2205 566
2206 568
2207 567
2208 565
2209 563
2210 561
2211 562
2212 557
2213 555
2214 553
2215 552
2216 550
2217 549
2218 548
2219 544
2220 543
2221 542
2222 541
2223 542
2224 541
2225 539
2226 538
2227 539
2228 538
2229 538
2230 537
2231 536
2232 535
2233 534
2234 529
2235 529
2236 523
2237 520
2238 510
2239 484
2240 512  # compresses ieta bin 35, pt 0
2241 8191
2242 9215
2243 5119
2244 977
2245 964
2246 928
2247 884
2248 846
2249 818
2250 796
2251 773
2252 754
2253 726
2254 709
2255 702
2256 671
2257 665
2258 656
2259 633
2260 619
2261 602
2262 590
2263 581
2264 572
2265 569
2266 568
2267 566
2268 568
2269 566
2270 568
2271 567
2272 565
2273 563
2274 561
2275 562
2276 557
2277 555
2278 553
2279 552
2280 550
2281 549
2282 548
2283 544
2284 543
2285 542
2286 541
2287 542
2288 541
2289 539
2290 538
2291 539
2292 538
2293 538
2294 537
2295 536
2296 535
2297 534
2298 529
2299 529
2300 523
2301 520
2302 510
2303 484
2304 512  # compresses ieta bin 36, pt 0
2305 8191
2306 9215
2307 5119
2308 989
2309 977
2310 944
2311 897
2312 867
2313 831
2314 816
2315 794
2316 773
2317 745
2318 728
2319 720
2320 696
2321 683
2322 671
2323 648
2324 634
2325 621
2326 603
2327 599
2328 589
2329 586
2330 572
2331 565
2332 568
2333 566
2334 564
2335 562
2336 561
2337 559
2338 557
2339 559
2340 553
2341 551
2342 550
2343 548
2344 550
2345 546
2346 545
2347 544
2348 543
2349 542
2350 539
2351 540
2352 541
2353 537
2354 538
2355 537
2356 536
2357 537
2358 534
2359 533
2360 532
2361 531
2362 526
2363 526
2364 518
2365 517
2366 507
2367 481
2368 512  # compresses ieta bin 37, pt 0
2369 8191
2370 9215
2371 5119
2372 989
2373 977
2374 943
2375 897
2376 867
2377 831
2378 816
2379 794
2380 773
2381 745
2382 728
2383 720
2384 696
2385 682
2386 671
2387 647
2388 634
2389 621
2390 603
2391 599
2392 589
2393 581
2394 572
2395 565
2396 568
2397 566
2398 564
2399 562
2400 561
2401 559
2402 557
2403 559
2404 553
2405 551
2406 550
2407 548
2408 550
2409 546
2410 545
2411 544
2412 543
2413 542
2414 539
2415 540
2416 541
2417 537
2418 538
2419 537
2420 536
2421 537
2422 534
2423 533
2424 532
2425 531
2426 526
2427 526
2428 518
2429 517
2430 507
2431 481
2432 512  # compresses ieta bin 38, pt 0
2433 8191
2434 9215
2435 5119
2436 1003
2437 991
2438 979
2439 933
2440 902
2441 865
2442 848
2443 825
2444 804
2445 782
2446 764
2447 755
2448 730
2449 723
2450 710
2451 691
2452 676
2453 660
2454 647
2455 640
2456 629
2457 618
2458 598
2459 585
2460 587
2461 584
2462 582
2463 584
2464 582
2465 580
2466 576
2467 577
2468 574
2469 572
2470 570
2471 567
2472 565
2473 564
2474 562
2475 560
2476 559
2477 557
2478 556
2479 554
2480 554
2481 552
2482 550
2483 551
2484 549
2485 549
2486 548
2487 546
2488 545
2489 545
2490 540
2491 539
2492 532
2493 529
2494 519
2495 493
2496 512  # compresses ieta bin 39, pt 0
2497 8191
2498 9215
2499 5119
2500 1003
2501 991
2502 979
2503 933
2504 902
2505 865
2506 848
2507 825
2508 804
2509 782
2510 764
2511 755
2512 730
2513 723
2514 710
2515 691
2516 676
2517 660
2518 647
2519 640
2520 629
2521 618
2522 598
2523 585
2524 587
2525 584
2526 582
2527 584
2528 582
2529 580
2530 576
2531 577
2532 574
2533 572
2534 570
2535 567
2536 565
2537 564
2538 562
2539 560
2540 559
2541 557
2542 556
2543 554
2544 554
2545 552
2546 550
2547 551
2548 549
2549 549
2550 548
2551 546
2552 545
2553 545
2554 540
2555 539
2556 532
2557 529
2558 519
2559 493
2560 0 # dummy
2561 0 # dummy
2562 0 # dummy
2563 0 # dummy
2564 0 # dummy
2565 0 # dummy
2566 0 # dummy
2567 0 # dummy
2568 0 # dummy
2569 0 # dummy
2570 0 # dummy
2571 0 # dummy
2572 0 # dummy
2573 0 # dummy
2574 0 # dummy
2575 0 # dummy
2576 0 # dummy
2577 0 # dummy
2578 0 # dummy
2579 0 # dummy
2580 0 # dummy
2581 0 # dummy
2582 0 # dummy
2583 0 # dummy
2584 0 # dummy
2585 0 # dummy
2586 0 # dummy
2587 0 # dummy
2588 0 # dummy
2589 0 # dummy
2590 0 # dummy
2591 0 # dummy
2592 0 # dummy
2593 0 # dummy
2594 0 # dummy
2595 0 # dummy
2596 0 # dummy
2597 0 # dummy
2598 0 # dummy
2599 0 # dummy
2600 0 # dummy
2601 0 # dummy
2602 0 # dummy
2603 0 # dummy
2604 0 # dummy
2605 0 # dummy
2606 0 # dummy
2607 0 # dummy
2608 0 # dummy
2609 0 # dummy
2610 0 # dummy
2611 0 # dummy
2612 0 # dummy
2613 0 # dummy
2614 0 # dummy
2615 0 # dummy
2616 0 # dummy
2617 0 # dummy
2618 0 # dummy
2619 0 # dummy
2620 0 # dummy
2621 0 # dummy
2622 0 # dummy
2623 0 # dummy
2624 0 # dummy
2625 0 # dummy
2626 0 # dummy
2627 0 # dummy
2628 0 # dummy
2629 0 # dummy
2630 0 # dummy
2631 0 # dummy
2632 0 # dummy
2633 0 # dummy
2634 0 # dummy
2635 0 # dummy
2636 0 # dummy
2637 0 # dummy
2638 0 # dummy
2639 0 # dummy
2640 0 # dummy
2641 0 # dummy
2642 0 # dummy
2643 0 # dummy
2644 0 # dummy
2645 0 # dummy
2646 0 # dummy
2647 0 # dummy
2648 0 # dummy
2649 0 # dummy
2650 0 # dummy
2651 0 # dummy
2652 0 # dummy
2653 0 # dummy
2654 0 # dummy
2655 0 # dummy
2656 0 # dummy
2657 0 # dummy
2658 0 # dummy
2659 0 # dummy
2660 0 # dummy
2661 0 # dummy
2662 0 # dummy
2663 0 # dummy
2664 0 # dummy
2665 0 # dummy
2666 0 # dummy
2667 0 # dummy
2668 0 # dummy
2669 0 # dummy
2670 0 # dummy
2671 0 # dummy
2672 0 # dummy
2673 0 # dummy
2674 0 # dummy
2675 0 # dummy
2676 0 # dummy
2677 0 # dummy
2678 0 # dummy
2679 0 # dummy
2680 0 # dummy
2681 0 # dummy
2682 0 # dummy
2683 0 # dummy
2684 0 # dummy
2685 0 # dummy
2686 0 # dummy
2687 0 # dummy
2688 0 # dummy
2689 0 # dummy
2690 0 # dummy
2691 0 # dummy
2692 0 # dummy
2693 0 # dummy
2694 0 # dummy
2695 0 # dummy
2696 0 # dummy
2697 0 # dummy
2698 0 # dummy
2699 0 # dummy
2700 0 # dummy
2701 0 # dummy
2702 0 # dummy
2703 0 # dummy
2704 0 # dummy
2705 0 # dummy
2706 0 # dummy
2707 0 # dummy
2708 0 # dummy
2709 0 # dummy
2710 0 # dummy
2711 0 # dummy
2712 0 # dummy
2713 0 # dummy
2714 0 # dummy
2715 0 # dummy
2716 0 # dummy
2717 0 # dummy
2718 0 # dummy
2719 0 # dummy
2720 0 # dummy
2721 0 # dummy
2722 0 # dummy
2723 0 # dummy
2724 0 # dummy
2725 0 # dummy
2726 0 # dummy
2727 0 # dummy
2728 0 # dummy
2729 0 # dummy
2730 0 # dummy
2731 0 # dummy
2732 0 # dummy
2733 0 # dummy
2734 0 # dummy
2735 0 # dummy
2736 0 # dummy
2737 0 # dummy
2738 0 # dummy
2739 0 # dummy
2740 0 # dummy
2741 0 # dummy
2742 0 # dummy
2743 0 # dummy
2744 0 # dummy
2745 0 # dummy
2746 0 # dummy
2747 0 # dummy
2748 0 # dummy
2749 0 # dummy
2750 0 # dummy
2751 0 # dummy
2752 0 # dummy
2753 0 # dummy
2754 0 # dummy
2755 0 # dummy
2756 0 # dummy
2757 0 # dummy
2758 0 # dummy
2759 0 # dummy
2760 0 # dummy
2761 0 # dummy
2762 0 # dummy
2763 0 # dummy
2764 0 # dummy
2765 0 # dummy
2766 0 # dummy
2767 0 # dummy
2768 0 # dummy
2769 0 # dummy
2770 0 # dummy
2771 0 # dummy
2772 0 # dummy
2773 0 # dummy
2774 0 # dummy
2775 0 # dummy
2776 0 # dummy
2777 0 # dummy
2778 0 # dummy
2779 0 # dummy
2780 0 # dummy
2781 0 # dummy
2782 0 # dummy
2783 0 # dummy
2784 0 # dummy
2785 0 # dummy
2786 0 # dummy
2787 0 # dummy
2788 0 # dummy
2789 0 # dummy
2790 0 # dummy
2791 0 # dummy
2792 0 # dummy
2793 0 # dummy
2794 0 # dummy
2795 0 # dummy
2796 0 # dummy
2797 0 # dummy
2798 0 # dummy
2799 0 # dummy
2800 0 # dummy
2801 0 # dummy
2802 0 # dummy
2803 0 # dummy
2804 0 # dummy
2805 0 # dummy
2806 0 # dummy
2807 0 # dummy
2808 0 # dummy
2809 0 # dummy
2810 0 # dummy
2811 0 # dummy
2812 0 # dummy
2813 0 # dummy
2814 0 # dummy
2815 0 # dummy
2816 0 # dummy
2817 0 # dummy
2818 0 # dummy
2819 0 # dummy
2820 0 # dummy
2821 0 # dummy
2822 0 # dummy
2823 0 # dummy
2824 0 # dummy
2825 0 # dummy
2826 0 # dummy
2827 0 # dummy
2828 0 # dummy
2829 0 # dummy
2830 0 # dummy
2831 0 # dummy
2832 0 # dummy
2833 0 # dummy
2834 0 # dummy
2835 0 # dummy
2836 0 # dummy
2837 0 # dummy
2838 0 # dummy
2839 0 # dummy
2840 0 # dummy
2841 0 # dummy
2842 0 # dummy
2843 0 # dummy
2844 0 # dummy
2845 0 # dummy
2846 0 # dummy
2847 0 # dummy
2848 0 # dummy
2849 0 # dummy
2850 0 # dummy
2851 0 # dummy
2852 0 # dummy
2853 0 # dummy
2854 0 # dummy
2855 0 # dummy
2856 0 # dummy
2857 0 # dummy
2858 0 # dummy
2859 0 # dummy
2860 0 # dummy
2861 0 # dummy
2862 0 # dummy
2863 0 # dummy
2864 0 # dummy
2865 0 # dummy
2866 0 # dummy
2867 0 # dummy
2868 0 # dummy
2869 0 # dummy
2870 0 # dummy
2871 0 # dummy
2872 0 # dummy
2873 0 # dummy
2874 0 # dummy
2875 0 # dummy
2876 0 # dummy
2877 0 # dummy
2878 0 # dummy
2879 0 # dummy
2880 0 # dummy
2881 0 # dummy
2882 0 # dummy
2883 0 # dummy
2884 0 # dummy
2885 0 # dummy
2886 0 # dummy
2887 0 # dummy
2888 0 # dummy
2889 0 # dummy
2890 0 # dummy
2891 0 # dummy
2892 0 # dummy
2893 0 # dummy
2894 0 # dummy
2895 0 # dummy
2896 0 # dummy
2897 0 # dummy
2898 0 # dummy
2899 0 # dummy
2900 0 # dummy
2901 0 # dummy
2902 0 # dummy
2903 0 # dummy
2904 0 # dummy
2905 0 # dummy
2906 0 # dummy
2907 0 # dummy
2908 0 # dummy
2909 0 # dummy
2910 0 # dummy
2911 0 # dummy
2912 0 # dummy
2913 0 # dummy
2914 0 # dummy
2915 0 # dummy
2916 0 # dummy
2917 0 # dummy
2918 0 # dummy
2919 0 # dummy
2920 0 # dummy
2921 0 # dummy
2922 0 # dummy
2923 0 # dummy
2924 0 # dummy
2925 0 # dummy
2926 0 # dummy
2927 0 # dummy
2928 0 # dummy
2929 0 # dummy
2930 0 # dummy
2931 0 # dummy
2932 0 # dummy
2933 0 # dummy
2934 0 # dummy
2935 0 # dummy
2936 0 # dummy
2937 0 # dummy
2938 0 # dummy
2939 0 # dummy
2940 0 # dummy
2941 0 # dummy
2942 0 # dummy
2943 0 # dummy
2944 0 # dummy
2945 0 # dummy
2946 0 # dummy
2947 0 # dummy
2948 0 # dummy
2949 0 # dummy
2950 0 # dummy
2951 0 # dummy
2952 0 # dummy
2953 0 # dummy
2954 0 # dummy
2955 0 # dummy
2956 0 # dummy
2957 0 # dummy
2958 0 # dummy
2959 0 # dummy
2960 0 # dummy
2961 0 # dummy
2962 0 # dummy
2963 0 # dummy
2964 0 # dummy
2965 0 # dummy
2966 0 # dummy
2967 0 # dummy
2968 0 # dummy
2969 0 # dummy
2970 0 # dummy
2971 0 # dummy
2972 0 # dummy
2973 0 # dummy
2974 0 # dummy
2975 0 # dummy
2976 0 # dummy
2977 0 # dummy
2978 0 # dummy
2979 0 # dummy
2980 0 # dummy
2981 0 # dummy
2982 0 # dummy
2983 0 # dummy
2984 0 # dummy
2985 0 # dummy
2986 0 # dummy
2987 0 # dummy
2988 0 # dummy
2989 0 # dummy
2990 0 # dummy
2991 0 # dummy
2992 0 # dummy
2993 0 # dummy
2994 0 # dummy
2995 0 # dummy
2996 0 # dummy
2997 0 # dummy
2998 0 # dummy
2999 0 # dummy
3000 0 # dummy
3001 0 # dummy
3002 0 # dummy
3003 0 # dummy
3004 0 # dummy
3005 0 # dummy
3006 0 # dummy
3007 0 # dummy
3008 0 # dummy
3009 0 # dummy
3010 0 # dummy
3011 0 # dummy
3012 0 # dummy
3013 0 # dummy
3014 0 # dummy
3015 0 # dummy
3016 0 # dummy
3017 0 # dummy
3018 0 # dummy
3019 0 # dummy
3020 0 # dummy
3021 0 # dummy
3022 0 # dummy
3023 0 # dummy
3024 0 # dummy
3025 0 # dummy
3026 0 # dummy
3027 0 # dummy
3028 0 # dummy
3029 0 # dummy
3030 0 # dummy
3031 0 # dummy
3032 0 # dummy
3033 0 # dummy
3034 0 # dummy
3035 0 # dummy
3036 0 # dummy
3037 0 # dummy
3038 0 # dummy
3039 0 # dummy
3040 0 # dummy
3041 0 # dummy
3042 0 # dummy
3043 0 # dummy
3044 0 # dummy
3045 0 # dummy
3046 0 # dummy
3047 0 # dummy
3048 0 # dummy
3049 0 # dummy
3050 0 # dummy
3051 0 # dummy
3052 0 # dummy
3053 0 # dummy
3054 0 # dummy
3055 0 # dummy
3056 0 # dummy
3057 0 # dummy
3058 0 # dummy
3059 0 # dummy
3060 0 # dummy
3061 0 # dummy
3062 0 # dummy
3063 0 # dummy
3064 0 # dummy
3065 0 # dummy
3066 0 # dummy
3067 0 # dummy
3068 0 # dummy
3069 0 # dummy
3070 0 # dummy
3071 0 # dummy
3072 0 # dummy
3073 0 # dummy
3074 0 # dummy
3075 0 # dummy
3076 0 # dummy
3077 0 # dummy
3078 0 # dummy
3079 0 # dummy
3080 0 # dummy
3081 0 # dummy
3082 0 # dummy
3083 0 # dummy
3084 0 # dummy
3085 0 # dummy
3086 0 # dummy
3087 0 # dummy
3088 0 # dummy
3089 0 # dummy
3090 0 # dummy
3091 0 # dummy
3092 0 # dummy
3093 0 # dummy
3094 0 # dummy
3095 0 # dummy
3096 0 # dummy
3097 0 # dummy
3098 0 # dummy
3099 0 # dummy
3100 0 # dummy
3101 0 # dummy
3102 0 # dummy
3103 0 # dummy
3104 0 # dummy
3105 0 # dummy
3106 0 # dummy
3107 0 # dummy
3108 0 # dummy
3109 0 # dummy
3110 0 # dummy
3111 0 # dummy
3112 0 # dummy
3113 0 # dummy
3114 0 # dummy
3115 0 # dummy
3116 0 # dummy
3117 0 # dummy
3118 0 # dummy
3119 0 # dummy
3120 0 # dummy
3121 0 # dummy
3122 0 # dummy
3123 0 # dummy
3124 0 # dummy
3125 0 # dummy
3126 0 # dummy
3127 0 # dummy
3128 0 # dummy
3129 0 # dummy
3130 0 # dummy
3131 0 # dummy
3132 0 # dummy
3133 0 # dummy
3134 0 # dummy
3135 0 # dummy
3136 0 # dummy
3137 0 # dummy
3138 0 # dummy
3139 0 # dummy
3140 0 # dummy
3141 0 # dummy
3142 0 # dummy
3143 0 # dummy
3144 0 # dummy
3145 0 # dummy
3146 0 # dummy
3147 0 # dummy
3148 0 # dummy
3149 0 # dummy
3150 0 # dummy
3151 0 # dummy
3152 0 # dummy
3153 0 # dummy
3154 0 # dummy
3155 0 # dummy
3156 0 # dummy
3157 0 # dummy
3158 0 # dummy
3159 0 # dummy
3160 0 # dummy
3161 0 # dummy
3162 0 # dummy
3163 0 # dummy
3164 0 # dummy
3165 0 # dummy
3166 0 # dummy
3167 0 # dummy
3168 0 # dummy
3169 0 # dummy
3170 0 # dummy
3171 0 # dummy
3172 0 # dummy
3173 0 # dummy
3174 0 # dummy
3175 0 # dummy
3176 0 # dummy
3177 0 # dummy
3178 0 # dummy
3179 0 # dummy
3180 0 # dummy
3181 0 # dummy
3182 0 # dummy
3183 0 # dummy
3184 0 # dummy
3185 0 # dummy
3186 0 # dummy
3187 0 # dummy
3188 0 # dummy
3189 0 # dummy
3190 0 # dummy
3191 0 # dummy
3192 0 # dummy
3193 0 # dummy
3194 0 # dummy
3195 0 # dummy
3196 0 # dummy
3197 0 # dummy
3198 0 # dummy
3199 0 # dummy
3200 0 # dummy
3201 0 # dummy
3202 0 # dummy
3203 0 # dummy
3204 0 # dummy
3205 0 # dummy
3206 0 # dummy
3207 0 # dummy
3208 0 # dummy
3209 0 # dummy
3210 0 # dummy
3211 0 # dummy
3212 0 # dummy
3213 0 # dummy
3214 0 # dummy
3215 0 # dummy
3216 0 # dummy
3217 0 # dummy
3218 0 # dummy
3219 0 # dummy
3220 0 # dummy
3221 0 # dummy
3222 0 # dummy
3223 0 # dummy
3224 0 # dummy
3225 0 # dummy
3226 0 # dummy
3227 0 # dummy
3228 0 # dummy
3229 0 # dummy
3230 0 # dummy
3231 0 # dummy
3232 0 # dummy
3233 0 # dummy
3234 0 # dummy
3235 0 # dummy
3236 0 # dummy
3237 0 # dummy
3238 0 # dummy
3239 0 # dummy
3240 0 # dummy
3241 0 # dummy
3242 0 # dummy
3243 0 # dummy
3244 0 # dummy
3245 0 # dummy
3246 0 # dummy
3247 0 # dummy
3248 0 # dummy
3249 0 # dummy
3250 0 # dummy
3251 0 # dummy
3252 0 # dummy
3253 0 # dummy
3254 0 # dummy
3255 0 # dummy
3256 0 # dummy
3257 0 # dummy
3258 0 # dummy
3259 0 # dummy
3260 0 # dummy
3261 0 # dummy
3262 0 # dummy
3263 0 # dummy
3264 0 # dummy
3265 0 # dummy
3266 0 # dummy
3267 0 # dummy
3268 0 # dummy
3269 0 # dummy
3270 0 # dummy
3271 0 # dummy
3272 0 # dummy
3273 0 # dummy
3274 0 # dummy
3275 0 # dummy
3276 0 # dummy
3277 0 # dummy
3278 0 # dummy
3279 0 # dummy
3280 0 # dummy
3281 0 # dummy
3282 0 # dummy
3283 0 # dummy
3284 0 # dummy
3285 0 # dummy
3286 0 # dummy
3287 0 # dummy
3288 0 # dummy
3289 0 # dummy
3290 0 # dummy
3291 0 # dummy
3292 0 # dummy
3293 0 # dummy
3294 0 # dummy
3295 0 # dummy
3296 0 # dummy
3297 0 # dummy
3298 0 # dummy
3299 0 # dummy
3300 0 # dummy
3301 0 # dummy
3302 0 # dummy
3303 0 # dummy
3304 0 # dummy
3305 0 # dummy
3306 0 # dummy
3307 0 # dummy
3308 0 # dummy
3309 0 # dummy
3310 0 # dummy
3311 0 # dummy
3312 0 # dummy
3313 0 # dummy
3314 0 # dummy
3315 0 # dummy
3316 0 # dummy
3317 0 # dummy
3318 0 # dummy
3319 0 # dummy
3320 0 # dummy
3321 0 # dummy
3322 0 # dummy
3323 0 # dummy
3324 0 # dummy
3325 0 # dummy
3326 0 # dummy
3327 0 # dummy
3328 0 # dummy
3329 0 # dummy
3330 0 # dummy
3331 0 # dummy
3332 0 # dummy
3333 0 # dummy
3334 0 # dummy
3335 0 # dummy
3336 0 # dummy
3337 0 # dummy
3338 0 # dummy
3339 0 # dummy
3340 0 # dummy
3341 0 # dummy
3342 0 # dummy
3343 0 # dummy
3344 0 # dummy
3345 0 # dummy
3346 0 # dummy
3347 0 # dummy
3348 0 # dummy
3349 0 # dummy
3350 0 # dummy
3351 0 # dummy
3352 0 # dummy
3353 0 # dummy
3354 0 # dummy
3355 0 # dummy
3356 0 # dummy
3357 0 # dummy
3358 0 # dummy
3359 0 # dummy
3360 0 # dummy
3361 0 # dummy
3362 0 # dummy
3363 0 # dummy
3364 0 # dummy
3365 0 # dummy
3366 0 # dummy
3367 0 # dummy
3368 0 # dummy
3369 0 # dummy
3370 0 # dummy
3371 0 # dummy
3372 0 # dummy
3373 0 # dummy
3374 0 # dummy
3375 0 # dummy
3376 0 # dummy
3377 0 # dummy
3378 0 # dummy
3379 0 # dummy
3380 0 # dummy
3381 0 # dummy
3382 0 # dummy
3383 0 # dummy
3384 0 # dummy
3385 0 # dummy
3386 0 # dummy
3387 0 # dummy
3388 0 # dummy
3389 0 # dummy
3390 0 # dummy
3391 0 # dummy
3392 0 # dummy
3393 0 # dummy
3394 0 # dummy
3395 0 # dummy
3396 0 # dummy
3397 0 # dummy
3398 0 # dummy
3399 0 # dummy
3400 0 # dummy
3401 0 # dummy
3402 0 # dummy
3403 0 # dummy
3404 0 # dummy
3405 0 # dummy
3406 0 # dummy
3407 0 # dummy
3408 0 # dummy
3409 0 # dummy
3410 0 # dummy
3411 0 # dummy
3412 0 # dummy
3413 0 # dummy
3414 0 # dummy
3415 0 # dummy
3416 0 # dummy
3417 0 # dummy
3418 0 # dummy
3419 0 # dummy
3420 0 # dummy
3421 0 # dummy
3422 0 # dummy
3423 0 # dummy
3424 0 # dummy
3425 0 # dummy
3426 0 # dummy
3427 0 # dummy
3428 0 # dummy
3429 0 # dummy
3430 0 # dummy
3431 0 # dummy
3432 0 # dummy
3433 0 # dummy
3434 0 # dummy
3435 0 # dummy
3436 0 # dummy
3437 0 # dummy
3438 0 # dummy
3439 0 # dummy
3440 0 # dummy
3441 0 # dummy
3442 0 # dummy
3443 0 # dummy
3444 0 # dummy
3445 0 # dummy
3446 0 # dummy
3447 0 # dummy
3448 0 # dummy
3449 0 # dummy
3450 0 # dummy
3451 0 # dummy
3452 0 # dummy
3453 0 # dummy
3454 0 # dummy
3455 0 # dummy
3456 0 # dummy
3457 0 # dummy
3458 0 # dummy
3459 0 # dummy
3460 0 # dummy
3461 0 # dummy
3462 0 # dummy
3463 0 # dummy
3464 0 # dummy
3465 0 # dummy
3466 0 # dummy
3467 0 # dummy
3468 0 # dummy
3469 0 # dummy
3470 0 # dummy
3471 0 # dummy
3472 0 # dummy
3473 0 # dummy
3474 0 # dummy
3475 0 # dummy
3476 0 # dummy
3477 0 # dummy
3478 0 # dummy
3479 0 # dummy
3480 0 # dummy
3481 0 # dummy
3482 0 # dummy
3483 0 # dummy
3484 0 # dummy
3485 0 # dummy
3486 0 # dummy
3487 0 # dummy
3488 0 # dummy
3489 0 # dummy
3490 0 # dummy
3491 0 # dummy
3492 0 # dummy
3493 0 # dummy
3494 0 # dummy
3495 0 # dummy
3496 0 # dummy
3497 0 # dummy
3498 0 # dummy
3499 0 # dummy
3500 0 # dummy
3501 0 # dummy
3502 0 # dummy
3503 0 # dummy
3504 0 # dummy
3505 0 # dummy
3506 0 # dummy
3507 0 # dummy
3508 0 # dummy
3509 0 # dummy
3510 0 # dummy
3511 0 # dummy
3512 0 # dummy
3513 0 # dummy
3514 0 # dummy
3515 0 # dummy
3516 0 # dummy
3517 0 # dummy
3518 0 # dummy
3519 0 # dummy
3520 0 # dummy
3521 0 # dummy
3522 0 # dummy
3523 0 # dummy
3524 0 # dummy
3525 0 # dummy
3526 0 # dummy
3527 0 # dummy
3528 0 # dummy
3529 0 # dummy
3530 0 # dummy
3531 0 # dummy
3532 0 # dummy
3533 0 # dummy
3534 0 # dummy
3535 0 # dummy
3536 0 # dummy
3537 0 # dummy
3538 0 # dummy
3539 0 # dummy
3540 0 # dummy
3541 0 # dummy
3542 0 # dummy
3543 0 # dummy
3544 0 # dummy
3545 0 # dummy
3546 0 # dummy
3547 0 # dummy
3548 0 # dummy
3549 0 # dummy
3550 0 # dummy
3551 0 # dummy
3552 0 # dummy
3553 0 # dummy
3554 0 # dummy
3555 0 # dummy
3556 0 # dummy
3557 0 # dummy
3558 0 # dummy
3559 0 # dummy
3560 0 # dummy
3561 0 # dummy
3562 0 # dummy
3563 0 # dummy
3564 0 # dummy
3565 0 # dummy
3566 0 # dummy
3567 0 # dummy
3568 0 # dummy
3569 0 # dummy
3570 0 # dummy
3571 0 # dummy
3572 0 # dummy
3573 0 # dummy
3574 0 # dummy
3575 0 # dummy
3576 0 # dummy
3577 0 # dummy
3578 0 # dummy
3579 0 # dummy
3580 0 # dummy
3581 0 # dummy
3582 0 # dummy
3583 0 # dummy
3584 0 # dummy
3585 0 # dummy
3586 0 # dummy
3587 0 # dummy
3588 0 # dummy
3589 0 # dummy
3590 0 # dummy
3591 0 # dummy
3592 0 # dummy
3593 0 # dummy
3594 0 # dummy
3595 0 # dummy
3596 0 # dummy
3597 0 # dummy
3598 0 # dummy
3599 0 # dummy
3600 0 # dummy
3601 0 # dummy
3602 0 # dummy
3603 0 # dummy
3604 0 # dummy
3605 0 # dummy
3606 0 # dummy
3607 0 # dummy
3608 0 # dummy
3609 0 # dummy
3610 0 # dummy
3611 0 # dummy
3612 0 # dummy
3613 0 # dummy
3614 0 # dummy
3615 0 # dummy
3616 0 # dummy
3617 0 # dummy
3618 0 # dummy
3619 0 # dummy
3620 0 # dummy
3621 0 # dummy
3622 0 # dummy
3623 0 # dummy
3624 0 # dummy
3625 0 # dummy
3626 0 # dummy
3627 0 # dummy
3628 0 # dummy
3629 0 # dummy
3630 0 # dummy
3631 0 # dummy
3632 0 # dummy
3633 0 # dummy
3634 0 # dummy
3635 0 # dummy
3636 0 # dummy
3637 0 # dummy
3638 0 # dummy
3639 0 # dummy
3640 0 # dummy
3641 0 # dummy
3642 0 # dummy
3643 0 # dummy
3644 0 # dummy
3645 0 # dummy
3646 0 # dummy
3647 0 # dummy
3648 0 # dummy
3649 0 # dummy
3650 0 # dummy
3651 0 # dummy
3652 0 # dummy
3653 0 # dummy
3654 0 # dummy
3655 0 # dummy
3656 0 # dummy
3657 0 # dummy
3658 0 # dummy
3659 0 # dummy
3660 0 # dummy
3661 0 # dummy
3662 0 # dummy
3663 0 # dummy
3664 0 # dummy
3665 0 # dummy
3666 0 # dummy
3667 0 # dummy
3668 0 # dummy
3669 0 # dummy
3670 0 # dummy
3671 0 # dummy
3672 0 # dummy
3673 0 # dummy
3674 0 # dummy
3675 0 # dummy
3676 0 # dummy
3677 0 # dummy
3678 0 # dummy
3679 0 # dummy
3680 0 # dummy
3681 0 # dummy
3682 0 # dummy
3683 0 # dummy
3684 0 # dummy
3685 0 # dummy
3686 0 # dummy
3687 0 # dummy
3688 0 # dummy
3689 0 # dummy
3690 0 # dummy
3691 0 # dummy
3692 0 # dummy
3693 0 # dummy
3694 0 # dummy
3695 0 # dummy
3696 0 # dummy
3697 0 # dummy
3698 0 # dummy
3699 0 # dummy
3700 0 # dummy
3701 0 # dummy
3702 0 # dummy
3703 0 # dummy
3704 0 # dummy
3705 0 # dummy
3706 0 # dummy
3707 0 # dummy
3708 0 # dummy
3709 0 # dummy
3710 0 # dummy
3711 0 # dummy
3712 0 # dummy
3713 0 # dummy
3714 0 # dummy
3715 0 # dummy
3716 0 # dummy
3717 0 # dummy
3718 0 # dummy
3719 0 # dummy
3720 0 # dummy
3721 0 # dummy
3722 0 # dummy
3723 0 # dummy
3724 0 # dummy
3725 0 # dummy
3726 0 # dummy
3727 0 # dummy
3728 0 # dummy
3729 0 # dummy
3730 0 # dummy
3731 0 # dummy
3732 0 # dummy
3733 0 # dummy
3734 0 # dummy
3735 0 # dummy
3736 0 # dummy
3737 0 # dummy
3738 0 # dummy
3739 0 # dummy
3740 0 # dummy
3741 0 # dummy
3742 0 # dummy
3743 0 # dummy
3744 0 # dummy
3745 0 # dummy
3746 0 # dummy
3747 0 # dummy
3748 0 # dummy
3749 0 # dummy
3750 0 # dummy
3751 0 # dummy
3752 0 # dummy
3753 0 # dummy
3754 0 # dummy
3755 0 # dummy
3756 0 # dummy
3757 0 # dummy
3758 0 # dummy
3759 0 # dummy
3760 0 # dummy
3761 0 # dummy
3762 0 # dummy
3763 0 # dummy
3764 0 # dummy
3765 0 # dummy
3766 0 # dummy
3767 0 # dummy
3768 0 # dummy
3769 0 # dummy
3770 0 # dummy
3771 0 # dummy
3772 0 # dummy
3773 0 # dummy
3774 0 # dummy
3775 0 # dummy
3776 0 # dummy
3777 0 # dummy
3778 0 # dummy
3779 0 # dummy
3780 0 # dummy
3781 0 # dummy
3782 0 # dummy
3783 0 # dummy
3784 0 # dummy
3785 0 # dummy
3786 0 # dummy
3787 0 # dummy
3788 0 # dummy
3789 0 # dummy
3790 0 # dummy
3791 0 # dummy
3792 0 # dummy
3793 0 # dummy
3794 0 # dummy
3795 0 # dummy
3796 0 # dummy
3797 0 # dummy
3798 0 # dummy
3799 0 # dummy
3800 0 # dummy
3801 0 # dummy
3802 0 # dummy
3803 0 # dummy
3804 0 # dummy
3805 0 # dummy
3806 0 # dummy
3807 0 # dummy
3808 0 # dummy
3809 0 # dummy
3810 0 # dummy
3811 0 # dummy
3812 0 # dummy
3813 0 # dummy
3814 0 # dummy
3815 0 # dummy
3816 0 # dummy
3817 0 # dummy
3818 0 # dummy
3819 0 # dummy
3820 0 # dummy
3821 0 # dummy
3822 0 # dummy
3823 0 # dummy
3824 0 # dummy
3825 0 # dummy
3826 0 # dummy
3827 0 # dummy
3828 0 # dummy
3829 0 # dummy
3830 0 # dummy
3831 0 # dummy
3832 0 # dummy
3833 0 # dummy
3834 0 # dummy
3835 0 # dummy
3836 0 # dummy
3837 0 # dummy
3838 0 # dummy
3839 0 # dummy
3840 0 # dummy
3841 0 # dummy
3842 0 # dummy
3843 0 # dummy
3844 0 # dummy
3845 0 # dummy
3846 0 # dummy
3847 0 # dummy
3848 0 # dummy
3849 0 # dummy
3850 0 # dummy
3851 0 # dummy
3852 0 # dummy
3853 0 # dummy
3854 0 # dummy
3855 0 # dummy
3856 0 # dummy
3857 0 # dummy
3858 0 # dummy
3859 0 # dummy
3860 0 # dummy
3861 0 # dummy
3862 0 # dummy
3863 0 # dummy
3864 0 # dummy
3865 0 # dummy
3866 0 # dummy
3867 0 # dummy
3868 0 # dummy
3869 0 # dummy
3870 0 # dummy
3871 0 # dummy
3872 0 # dummy
3873 0 # dummy
3874 0 # dummy
3875 0 # dummy
3876 0 # dummy
3877 0 # dummy
3878 0 # dummy
3879 0 # dummy
3880 0 # dummy
3881 0 # dummy
3882 0 # dummy
3883 0 # dummy
3884 0 # dummy
3885 0 # dummy
3886 0 # dummy
3887 0 # dummy
3888 0 # dummy
3889 0 # dummy
3890 0 # dummy
3891 0 # dummy
3892 0 # dummy
3893 0 # dummy
3894 0 # dummy
3895 0 # dummy
3896 0 # dummy
3897 0 # dummy
3898 0 # dummy
3899 0 # dummy
3900 0 # dummy
3901 0 # dummy
3902 0 # dummy
3903 0 # dummy
3904 0 # dummy
3905 0 # dummy
3906 0 # dummy
3907 0 # dummy
3908 0 # dummy
3909 0 # dummy
3910 0 # dummy
3911 0 # dummy
3912 0 # dummy
3913 0 # dummy
3914 0 # dummy
3915 0 # dummy
3916 0 # dummy
3917 0 # dummy
3918 0 # dummy
3919 0 # dummy
3920 0 # dummy
3921 0 # dummy
3922 0 # dummy
3923 0 # dummy
3924 0 # dummy
3925 0 # dummy
3926 0 # dummy
3927 0 # dummy
3928 0 # dummy
3929 0 # dummy
3930 0 # dummy
3931 0 # dummy
3932 0 # dummy
3933 0 # dummy
3934 0 # dummy
3935 0 # dummy
3936 0 # dummy
3937 0 # dummy
3938 0 # dummy
3939 0 # dummy
3940 0 # dummy
3941 0 # dummy
3942 0 # dummy
3943 0 # dummy
3944 0 # dummy
3945 0 # dummy
3946 0 # dummy
3947 0 # dummy
3948 0 # dummy
3949 0 # dummy
3950 0 # dummy
3951 0 # dummy
3952 0 # dummy
3953 0 # dummy
3954 0 # dummy
3955 0 # dummy
3956 0 # dummy
3957 0 # dummy
3958 0 # dummy
3959 0 # dummy
3960 0 # dummy
3961 0 # dummy
3962 0 # dummy
3963 0 # dummy
3964 0 # dummy
3965 0 # dummy
3966 0 # dummy
3967 0 # dummy
3968 0 # dummy
3969 0 # dummy
3970 0 # dummy
3971 0 # dummy
3972 0 # dummy
3973 0 # dummy
3974 0 # dummy
3975 0 # dummy
3976 0 # dummy
3977 0 # dummy
3978 0 # dummy
3979 0 # dummy
3980 0 # dummy
3981 0 # dummy
3982 0 # dummy
3983 0 # dummy
3984 0 # dummy
3985 0 # dummy
3986 0 # dummy
3987 0 # dummy
3988 0 # dummy
3989 0 # dummy
3990 0 # dummy
3991 0 # dummy
3992 0 # dummy
3993 0 # dummy
3994 0 # dummy
3995 0 # dummy
3996 0 # dummy
3997 0 # dummy
3998 0 # dummy
3999 0 # dummy
4000 0 # dummy
4001 0 # dummy
4002 0 # dummy
4003 0 # dummy
4004 0 # dummy
4005 0 # dummy
4006 0 # dummy
4007 0 # dummy
4008 0 # dummy
4009 0 # dummy
4010 0 # dummy
4011 0 # dummy
4012 0 # dummy
4013 0 # dummy
4014 0 # dummy
4015 0 # dummy
4016 0 # dummy
4017 0 # dummy
4018 0 # dummy
4019 0 # dummy
4020 0 # dummy
4021 0 # dummy
4022 0 # dummy
4023 0 # dummy
4024 0 # dummy
4025 0 # dummy
4026 0 # dummy
4027 0 # dummy
4028 0 # dummy
4029 0 # dummy
4030 0 # dummy
4031 0 # dummy
4032 0 # dummy
4033 0 # dummy
4034 0 # dummy
4035 0 # dummy
4036 0 # dummy
4037 0 # dummy
4038 0 # dummy
4039 0 # dummy
4040 0 # dummy
4041 0 # dummy
4042 0 # dummy
4043 0 # dummy
4044 0 # dummy
4045 0 # dummy
4046 0 # dummy
4047 0 # dummy
4048 0 # dummy
4049 0 # dummy
4050 0 # dummy
4051 0 # dummy
4052 0 # dummy
4053 0 # dummy
4054 0 # dummy
4055 0 # dummy
4056 0 # dummy
4057 0 # dummy
4058 0 # dummy
4059 0 # dummy
4060 0 # dummy
4061 0 # dummy
4062 0 # dummy
4063 0 # dummy
4064 0 # dummy
4065 0 # dummy
4066 0 # dummy
4067 0 # dummy
4068 0 # dummy
4069 0 # dummy
4070 0 # dummy
4071 0 # dummy
4072 0 # dummy
4073 0 # dummy
4074 0 # dummy
4075 0 # dummy
4076 0 # dummy
4077 0 # dummy
4078 0 # dummy
4079 0 # dummy
4080 0 # dummy
4081 0 # dummy
4082 0 # dummy
4083 0 # dummy
4084 0 # dummy
4085 0 # dummy
4086 0 # dummy
4087 0 # dummy
4088 0 # dummy
4089 0 # dummy
4090 0 # dummy
4091 0 # dummy
4092 0 # dummy
4093 0 # dummy
4094 0 # dummy
4095 0 # dummy
