# columns 
# CaloToolMPEtaBin PtMin PtMax avgPt IEtaBin_forLUT_col1 PtBin_forLUT SF
0 0 0 0 0 0 1.000000   # ieta [1], pt 0
0 15 15 15 0 1 2.600000
0 16 16 16 0 2 2.600000
0 17 17 17 0 3 2.600000
0 18 18 18 0 4 2.600000
0 19 19 19 0 5 2.600000
0 20 20 20 0 6 2.600000
0 21 21 21 0 7 2.600000
0 22 22 22 0 8 2.588241
0 23 23 23 0 9 2.551046
0 24 24 24 0 10 2.504631
0 25 25 25 0 11 2.471050
0 26 26 26 0 12 2.454202
0 27 27 27 0 13 2.443598
0 28 28 28 0 14 2.407476
0 29 29 29 0 15 2.396364
0 30 30 30 0 16 2.390811
0 31 31 31 0 17 2.337056
0 32 33 33 0 18 2.306878
0 34 35 35 0 19 2.269976
0 36 37 37 0 20 2.243708
0 38 39 39 0 21 2.210196
0 40 41 41 0 22 2.188093
0 42 43 43 0 23 2.155817
0 44 45 45 0 24 2.118927
0 46 47 47 0 25 2.095886
0 48 49 49 0 26 2.074904
0 50 51 51 0 27 2.058774
0 52 53 53 0 28 2.036859
0 54 55 55 0 29 2.006137
0 56 57 57 0 30 1.994943
0 58 59 59 0 31 1.971795
0 60 61 61 0 32 1.957820
0 62 64 63 0 33 1.944810
0 65 67 66 0 34 1.925239
0 68 70 69 0 35 1.901710
0 71 73 72 0 36 1.883942
0 74 76 75 0 37 1.870066
0 77 79 78 0 38 1.850325
0 80 82 81 0 39 1.837204
0 83 85 84 0 40 1.823927
0 86 88 87 0 41 1.811374
0 89 91 90 0 42 1.799335
0 92 94 93 0 43 1.779552
0 95 97 96 0 44 1.764299
0 98 100 99 0 45 1.758101
0 101 103 102 0 46 1.750880
0 104 109 107 0 47 1.731248
0 110 115 113 0 48 1.717083
0 116 121 119 0 49 1.700344
0 122 127 125 0 50 1.684859
0 128 133 131 0 51 1.670548
0 134 139 137 0 52 1.655789
0 140 145 143 0 53 1.643340
0 146 151 149 0 54 1.633690
0 152 157 155 0 55 1.619639
0 158 163 161 0 56 1.612363
0 164 169 167 0 57 1.600543
0 170 175 173 0 58 1.593017
0 176 181 179 0 59 1.587210
0 182 187 185 0 60 1.581121
0 188 193 191 0 61 1.577966
0 194 254 224 0 62 1.545989
0 255 255 255 0 63 1.524600
1 0 0 0 1 0 1.000000   # ieta [2], pt 0
1 15 15 15 1 1 2.600000
1 16 16 16 1 2 2.600000
1 17 17 17 1 3 2.600000
1 18 18 18 1 4 2.600000
1 19 19 19 1 5 2.600000
1 20 20 20 1 6 2.600000
1 21 21 21 1 7 2.600000
1 22 22 22 1 8 2.600000
1 23 23 23 1 9 2.560271
1 24 24 24 1 10 2.519184
1 25 25 25 1 11 2.482815
1 26 26 26 1 12 2.466672
1 27 27 27 1 13 2.456014
1 28 28 28 1 14 2.419708
1 29 29 29 1 15 2.407219
1 30 30 30 1 16 2.401642
1 31 31 31 1 17 2.347643
1 32 33 33 1 18 2.316012
1 34 35 35 1 19 2.277353
1 36 37 37 1 20 2.250913
1 38 39 39 1 21 2.217500
1 40 41 41 1 22 2.195324
1 42 43 43 1 23 2.162941
1 44 45 45 1 24 2.125929
1 46 47 47 1 25 2.102356
1 48 49 49 1 26 2.081247
1 50 51 51 1 27 2.061730
1 52 53 53 1 28 2.045821
1 54 55 55 1 29 2.015041
1 56 57 57 1 30 2.003732
1 58 59 59 1 31 1.980681
1 60 61 61 1 32 1.966097
1 62 64 63 1 33 1.952486
1 65 67 66 1 34 1.932838
1 68 70 69 1 35 1.909216
1 71 73 72 1 36 1.891378
1 74 76 75 1 37 1.877447
1 77 79 78 1 38 1.857579
1 80 82 81 1 39 1.844407
1 83 85 84 1 40 1.830886
1 86 88 87 1 41 1.817667
1 89 91 90 1 42 1.805925
1 92 94 93 1 43 1.785713
1 95 97 96 1 44 1.770770
1 98 100 99 1 45 1.764431
1 101 103 102 1 46 1.757074
1 104 109 107 1 47 1.738118
1 110 115 113 1 48 1.724608
1 116 121 119 1 49 1.707805
1 122 127 125 1 50 1.693181
1 128 133 131 1 51 1.679833
1 134 139 137 1 52 1.664992
1 140 145 143 1 53 1.654693
1 146 151 149 1 54 1.644975
1 152 157 155 1 55 1.630930
1 158 163 161 1 56 1.623909
1 164 169 167 1 57 1.611800
1 170 175 173 1 58 1.604497
1 176 181 179 1 59 1.599209
1 182 187 185 1 60 1.593509
1 188 193 191 1 61 1.590322
1 194 254 224 1 62 1.554647
1 255 255 255 1 63 1.540690
2 0 0 0 2 0 1.000000   # ieta [3], pt 0
2 15 15 15 2 1 2.600000
2 16 16 16 2 2 2.600000
2 17 17 17 2 3 2.600000
2 18 18 18 2 4 2.600000
2 19 19 19 2 5 2.600000
2 20 20 20 2 6 2.600000
2 21 21 21 2 7 2.600000
2 22 22 22 2 8 2.600000
2 23 23 23 2 9 2.566817
2 24 24 24 2 10 2.525310
2 25 25 25 2 11 2.488492
2 26 26 26 2 12 2.472221
2 27 27 27 2 13 2.461539
2 28 28 28 2 14 2.424110
2 29 29 29 2 15 2.411599
2 30 30 30 2 16 2.406010
2 31 31 31 2 17 2.351914
2 32 33 33 2 18 2.319729
2 34 35 35 2 19 2.280323
2 36 37 37 2 20 2.253660
2 38 39 39 2 21 2.220726
2 40 41 41 2 22 2.199467
2 42 43 43 2 23 2.167253
2 44 45 45 2 24 2.129974
2 46 47 47 2 25 2.107825
2 48 49 49 2 26 2.086341
2 50 51 51 2 27 2.065399
2 52 53 53 2 28 2.049461
2 54 55 55 2 29 2.018564
2 56 57 57 2 30 2.007060
2 58 59 59 2 31 1.986433
2 60 61 61 2 32 1.971797
2 62 64 63 2 33 1.958147
2 65 67 66 2 34 1.939125
2 68 70 69 2 35 1.914638
2 71 73 72 2 36 1.897097
2 74 76 75 2 37 1.882552
2 77 79 78 2 38 1.862630
2 80 82 81 2 39 1.849229
2 83 85 84 2 40 1.834987
2 86 88 87 2 41 1.821764
2 89 91 90 2 42 1.811384
2 92 94 93 2 43 1.791519
2 95 97 96 2 44 1.776352
2 98 100 99 2 45 1.769906
2 101 103 102 2 46 1.762526
2 104 109 107 2 47 1.743511
2 110 115 113 2 48 1.729266
2 116 121 119 2 49 1.712417
2 122 127 125 2 50 1.697659
2 128 133 131 2 51 1.684087
2 134 139 137 2 52 1.669209
2 140 145 143 2 53 1.658144
2 146 151 149 2 54 1.648004
2 152 157 155 2 55 1.633183
2 158 163 161 2 56 1.625410
2 164 169 167 2 57 1.613264
2 170 175 173 2 58 1.605954
2 176 181 179 2 59 1.600480
2 182 187 185 2 60 1.594404
2 188 193 191 2 61 1.591215
2 194 254 224 2 62 1.555296
2 255 255 255 2 63 1.541067
3 0 0 0 3 0 1.000000   # ieta [4], pt 0
3 15 15 15 3 1 2.600000
3 16 16 16 3 2 2.600000
3 17 17 17 3 3 2.600000
3 18 18 18 3 4 2.600000
3 19 19 19 3 5 2.600000
3 20 20 20 3 6 2.600000
3 21 21 21 3 7 2.600000
3 22 22 22 3 8 2.600000
3 23 23 23 3 9 2.580130
3 24 24 24 3 10 2.537885
3 25 25 25 3 11 2.508210
3 26 26 26 3 12 2.491809
3 27 27 27 3 13 2.481433
3 28 28 28 3 14 2.443701
3 29 29 29 3 15 2.430651
3 30 30 30 3 16 2.425019
3 31 31 31 3 17 2.372347
3 32 33 33 3 18 2.343155
3 34 35 35 3 19 2.303385
3 36 37 37 3 20 2.273709
3 38 39 39 3 21 2.242973
3 40 41 41 3 22 2.219528
3 42 43 43 3 23 2.185376
3 44 45 45 3 24 2.148257
3 46 47 47 3 25 2.125415
3 48 49 49 3 26 2.105794
3 50 51 51 3 27 2.086698
3 52 53 53 3 28 2.069851
3 54 55 55 3 29 2.038221
3 56 57 57 3 30 2.027547
3 58 59 59 3 31 2.006830
3 60 61 61 3 32 1.993252
3 62 64 63 3 33 1.980146
3 65 67 66 3 34 1.959925
3 68 70 69 3 35 1.934231
3 71 73 72 3 36 1.916435
3 74 76 75 3 37 1.899271
3 77 79 78 3 38 1.877755
3 80 82 81 3 39 1.863758
3 83 85 84 3 40 1.849145
3 86 88 87 3 41 1.835454
3 89 91 90 3 42 1.823664
3 92 94 93 3 43 1.804392
3 95 97 96 3 44 1.789340
3 98 100 99 3 45 1.782556
3 101 103 102 3 46 1.775616
3 104 109 107 3 47 1.755561
3 110 115 113 3 48 1.740523
3 116 121 119 3 49 1.723711
3 122 127 125 3 50 1.709214
3 128 133 131 3 51 1.695178
3 134 139 137 3 52 1.679961
3 140 145 143 3 53 1.668119
3 146 151 149 3 54 1.657486
3 152 157 155 3 55 1.642290
3 158 163 161 3 56 1.634738
3 164 169 167 3 57 1.621986
3 170 175 173 3 58 1.613585
3 176 181 179 3 59 1.607551
3 182 187 185 3 60 1.600528
3 188 193 191 3 61 1.596778
3 194 254 224 3 62 1.559059
3 255 255 255 3 63 1.543845
4 0 0 0 4 0 1.000000   # ieta [5], pt 0
4 15 15 15 4 1 2.600000
4 16 16 16 4 2 2.600000
4 17 17 17 4 3 2.600000
4 18 18 18 4 4 2.600000
4 19 19 19 4 5 2.600000
4 20 20 20 4 6 2.600000
4 21 21 21 4 7 2.600000
4 22 22 22 4 8 2.600000
4 23 23 23 4 9 2.589481
4 24 24 24 4 10 2.547083
4 25 25 25 4 11 2.513655
4 26 26 26 4 12 2.491809
4 27 27 27 4 13 2.481433
4 28 28 28 4 14 2.443701
4 29 29 29 4 15 2.430651
4 30 30 30 4 16 2.425019
4 31 31 31 4 17 2.372347
4 32 33 33 4 18 2.343155
4 34 35 35 4 19 2.303385
4 36 37 37 4 20 2.273709
4 38 39 39 4 21 2.242973
4 40 41 41 4 22 2.219528
4 42 43 43 4 23 2.185376
4 44 45 45 4 24 2.148257
4 46 47 47 4 25 2.125415
4 48 49 49 4 26 2.105794
4 50 51 51 4 27 2.086698
4 52 53 53 4 28 2.069851
4 54 55 55 4 29 2.038221
4 56 57 57 4 30 2.027547
4 58 59 59 4 31 2.006830
4 60 61 61 4 32 1.993252
4 62 64 63 4 33 1.980146
4 65 67 66 4 34 1.959925
4 68 70 69 4 35 1.934231
4 71 73 72 4 36 1.916435
4 74 76 75 4 37 1.899271
4 77 79 78 4 38 1.877755
4 80 82 81 4 39 1.863758
4 83 85 84 4 40 1.849145
4 86 88 87 4 41 1.835454
4 89 91 90 4 42 1.823664
4 92 94 93 4 43 1.804392
4 95 97 96 4 44 1.789340
4 98 100 99 4 45 1.782556
4 101 103 102 4 46 1.775616
4 104 109 107 4 47 1.755561
4 110 115 113 4 48 1.740523
4 116 121 119 4 49 1.723711
4 122 127 125 4 50 1.709214
4 128 133 131 4 51 1.695178
4 134 139 137 4 52 1.679961
4 140 145 143 4 53 1.668119
4 146 151 149 4 54 1.657486
4 152 157 155 4 55 1.642290
4 158 163 161 4 56 1.634738
4 164 169 167 4 57 1.621986
4 170 175 173 4 58 1.613585
4 176 181 179 4 59 1.607551
4 182 187 185 4 60 1.600528
4 188 193 191 4 61 1.596778
4 194 254 224 4 62 1.559059
4 255 255 255 4 63 1.543845
5 0 0 0 5 0 1.000000   # ieta [6], pt 0
5 15 15 15 5 1 2.600000
5 16 16 16 5 2 2.600000
5 17 17 17 5 3 2.600000
5 18 18 18 5 4 2.600000
5 19 19 19 5 5 2.600000
5 20 20 20 5 6 2.600000
5 21 21 21 5 7 2.600000
5 22 22 22 5 8 2.600000
5 23 23 23 5 9 2.600000
5 24 24 24 5 10 2.569071
5 25 25 25 5 11 2.531849
5 26 26 26 5 12 2.504325
5 27 27 27 5 13 2.493896
5 28 28 28 5 14 2.446801
5 29 29 29 5 15 2.433735
5 30 30 30 5 16 2.428095
5 31 31 31 5 17 2.375357
5 32 33 33 5 18 2.346325
5 34 35 35 5 19 2.306696
5 36 37 37 5 20 2.276978
5 38 39 39 5 21 2.245623
5 40 41 41 5 22 2.221575
5 42 43 43 5 23 2.187392
5 44 45 45 5 24 2.150239
5 46 47 47 5 25 2.127376
5 48 49 49 5 26 2.107736
5 50 51 51 5 27 2.088624
5 52 53 53 5 28 2.071760
5 54 55 55 5 29 2.039799
5 56 57 57 5 30 2.028816
5 58 59 59 5 31 2.008085
5 60 61 61 5 32 1.994500
5 62 64 63 5 33 1.981385
5 65 67 66 5 34 1.961151
5 68 70 69 5 35 1.935441
5 71 73 72 5 36 1.917634
5 74 76 75 5 37 1.900460
5 77 79 78 5 38 1.878930
5 80 82 81 5 39 1.864924
5 83 85 84 5 40 1.850225
5 86 88 87 5 41 1.836372
5 89 91 90 5 42 1.824577
5 92 94 93 5 43 1.805295
5 95 97 96 5 44 1.790236
5 98 100 99 5 45 1.783448
5 101 103 102 5 46 1.776505
5 104 109 107 5 47 1.756440
5 110 115 113 5 48 1.741394
5 116 121 119 5 49 1.724574
5 122 127 125 5 50 1.710070
5 128 133 131 5 51 1.696026
5 134 139 137 5 52 1.680802
5 140 145 143 5 53 1.668954
5 146 151 149 5 54 1.658316
5 152 157 155 5 55 1.643112
5 158 163 161 5 56 1.635557
5 164 169 167 5 57 1.622798
5 170 175 173 5 58 1.614393
5 176 181 179 5 59 1.608522
5 182 187 185 5 60 1.601578
5 188 193 191 5 61 1.597825
5 194 254 224 5 62 1.560557
5 255 255 255 5 63 1.545387
6 0 0 0 6 0 1.000000   # ieta [7], pt 0
6 15 15 15 6 1 2.600000
6 16 16 16 6 2 2.600000
6 17 17 17 6 3 2.600000
6 18 18 18 6 4 2.600000
6 19 19 19 6 5 2.600000
6 20 20 20 6 6 2.600000
6 21 21 21 6 7 2.600000
6 22 22 22 6 8 2.600000
6 23 23 23 6 9 2.600000
6 24 24 24 6 10 2.567545
6 25 25 25 6 11 2.530345
6 26 26 26 6 12 2.502837
6 27 27 27 6 13 2.492414
6 28 28 28 6 14 2.445348
6 29 29 29 6 15 2.432289
6 30 30 30 6 16 2.426653
6 31 31 31 6 17 2.373946
6 32 33 33 6 18 2.344706
6 34 35 35 6 19 2.304881
6 36 37 37 6 20 2.275186
6 38 39 39 6 21 2.243856
6 40 41 41 6 22 2.219826
6 42 43 43 6 23 2.185670
6 44 45 45 6 24 2.148547
6 46 47 47 6 25 2.125388
6 48 49 49 6 26 2.105767
6 50 51 51 6 27 2.086672
6 52 53 53 6 28 2.069825
6 54 55 55 6 29 2.037653
6 56 57 57 6 30 2.026257
6 58 59 59 6 31 2.005552
6 60 61 61 6 32 1.991984
6 62 64 63 6 33 1.978886
6 65 67 66 6 34 1.958677
6 68 70 69 6 35 1.933000
6 71 73 72 6 36 1.915215
6 74 76 75 6 37 1.898063
6 77 79 78 6 38 1.876560
6 80 82 81 6 39 1.862572
6 83 85 84 6 40 1.847851
6 86 88 87 6 41 1.833935
6 89 91 90 6 42 1.822155
6 92 94 93 6 43 1.802899
6 95 97 96 6 44 1.787859
6 98 100 99 6 45 1.781080
6 101 103 102 6 46 1.774147
6 104 109 107 6 47 1.754108
6 110 115 113 6 48 1.739082
6 116 121 119 6 49 1.722285
6 122 127 125 6 50 1.707800
6 128 133 131 6 51 1.693775
6 134 139 137 6 52 1.678570
6 140 145 143 6 53 1.666739
6 146 151 149 6 54 1.656115
6 152 157 155 6 55 1.640931
6 158 163 161 6 56 1.633476
6 164 169 167 6 57 1.620824
6 170 175 173 6 58 1.612429
6 176 181 179 6 59 1.606648
6 182 187 185 6 60 1.599754
6 188 193 191 6 61 1.596006
6 194 254 224 6 62 1.558996
6 255 255 255 6 63 1.543958
7 0 0 0 7 0 1.000000   # ieta [8], pt 0
7 15 15 15 7 1 2.600000
7 16 16 16 7 2 2.600000
7 17 17 17 7 3 2.600000
7 18 18 18 7 4 2.600000
7 19 19 19 7 5 2.600000
7 20 20 20 7 6 2.600000
7 21 21 21 7 7 2.600000
7 22 22 22 7 8 2.600000
7 23 23 23 7 9 2.600000
7 24 24 24 7 10 2.568476
7 25 25 25 7 11 2.531262
7 26 26 26 7 12 2.503744
7 27 27 27 7 13 2.493317
7 28 28 28 7 14 2.446234
7 29 29 29 7 15 2.433171
7 30 30 30 7 16 2.427532
7 31 31 31 7 17 2.374806
7 32 33 33 7 18 2.345555
7 34 35 35 7 19 2.305300
7 36 37 37 7 20 2.275186
7 38 39 39 7 21 2.243856
7 40 41 41 7 22 2.219826
7 42 43 43 7 23 2.185670
7 44 45 45 7 24 2.148547
7 46 47 47 7 25 2.125388
7 48 49 49 7 26 2.105767
7 50 51 51 7 27 2.086672
7 52 53 53 7 28 2.069825
7 54 55 55 7 29 2.037653
7 56 57 57 7 30 2.026044
7 58 59 59 7 31 2.005342
7 60 61 61 7 32 1.991775
7 62 64 63 7 33 1.978678
7 65 67 66 7 34 1.958472
7 68 70 69 7 35 1.932797
7 71 73 72 7 36 1.915014
7 74 76 75 7 37 1.897863
7 77 79 78 7 38 1.876363
7 80 82 81 7 39 1.862377
7 83 85 84 7 40 1.847657
7 86 88 87 7 41 1.833742
7 89 91 90 7 42 1.821964
7 92 94 93 7 43 1.802710
7 95 97 96 7 44 1.787671
7 98 100 99 7 45 1.780894
7 101 103 102 7 46 1.773961
7 104 109 107 7 47 1.753924
7 110 115 113 7 48 1.738900
7 116 121 119 7 49 1.722104
7 122 127 125 7 50 1.707621
7 128 133 131 7 51 1.693597
7 134 139 137 7 52 1.678394
7 140 145 143 7 53 1.666564
7 146 151 149 7 54 1.655994
7 152 157 155 7 55 1.640865
7 158 163 161 7 56 1.633410
7 164 169 167 7 57 1.620758
7 170 175 173 7 58 1.612363
7 176 181 179 7 59 1.606377
7 182 187 185 7 60 1.599305
7 188 193 191 7 61 1.595480
7 194 254 224 7 62 1.557686
7 255 255 255 7 63 1.542034
8 0 0 0 8 0 1.000000   # ieta [9], pt 0
8 15 15 15 8 1 2.600000
8 16 16 16 8 2 2.600000
8 17 17 17 8 3 2.600000
8 18 18 18 8 4 2.600000
8 19 19 19 8 5 2.600000
8 20 20 20 8 6 2.600000
8 21 21 21 8 7 2.600000
8 22 22 22 8 8 2.600000
8 23 23 23 8 9 2.600000
8 24 24 24 8 10 2.573491
8 25 25 25 8 11 2.536204
8 26 26 26 8 12 2.508633
8 27 27 27 8 13 2.498186
8 28 28 28 8 14 2.455496
8 29 29 29 8 15 2.442383
8 30 30 30 8 16 2.436724
8 31 31 31 8 17 2.389432
8 32 33 33 8 18 2.361319
8 34 35 35 8 19 2.322106
8 36 37 37 8 20 2.294919
8 38 39 39 8 21 2.264550
8 40 41 41 8 22 2.239045
8 42 43 43 8 23 2.201798
8 44 45 45 8 24 2.165367
8 46 47 47 8 25 2.144265
8 48 49 49 8 26 2.122141
8 50 51 51 8 27 2.099017
8 52 53 53 8 28 2.080039
8 54 55 55 8 29 2.045431
8 56 57 57 8 30 2.031784
8 58 59 59 8 31 2.010739
8 60 61 61 8 32 1.997136
8 62 64 63 8 33 1.984004
8 65 67 66 8 34 1.965630
8 68 70 69 8 35 1.939240
8 71 73 72 8 36 1.919616
8 74 76 75 8 37 1.902424
8 77 79 78 8 38 1.880441
8 80 82 81 8 39 1.866520
8 83 85 84 8 40 1.851957
8 86 88 87 8 41 1.838010
8 89 91 90 8 42 1.826204
8 92 94 93 8 43 1.806905
8 95 97 96 8 44 1.791720
8 98 100 99 8 45 1.784870
8 101 103 102 8 46 1.777737
8 104 109 107 8 47 1.756190
8 110 115 113 8 48 1.739964
8 116 121 119 8 49 1.722869
8 122 127 125 8 50 1.708379
8 128 133 131 8 51 1.693931
8 134 139 137 8 52 1.678517
8 140 145 143 8 53 1.666686
8 146 151 149 8 54 1.656115
8 152 157 155 8 55 1.640985
8 158 163 161 8 56 1.633529
8 164 169 167 8 57 1.620877
8 170 175 173 8 58 1.612481
8 176 181 179 8 59 1.606495
8 182 187 185 8 60 1.599422
8 188 193 191 8 61 1.595597
8 194 254 224 8 62 1.557800
8 255 255 255 8 63 1.542147
9 0 0 0 9 0 1.000000   # ieta [10], pt 0
9 15 15 15 9 1 2.600000
9 16 16 16 9 2 2.600000
9 17 17 17 9 3 2.600000
9 18 18 18 9 4 2.600000
9 19 19 19 9 5 2.600000
9 20 20 20 9 6 2.600000
9 21 21 21 9 7 2.600000
9 22 22 22 9 8 2.600000
9 23 23 23 9 9 2.600000
9 24 24 24 9 10 2.600000
9 25 25 25 9 11 2.576904
9 26 26 26 9 12 2.546386
9 27 27 27 9 13 2.536834
9 28 28 28 9 14 2.494609
9 29 29 29 9 15 2.477646
9 30 30 30 9 16 2.467670
9 31 31 31 9 17 2.416007
9 32 33 33 9 18 2.386144
9 34 35 35 9 19 2.341785
9 36 37 37 9 20 2.309756
9 38 39 39 9 21 2.275459
9 40 41 41 9 22 2.249552
9 42 43 43 9 23 2.212520
9 44 45 45 9 24 2.174520
9 46 47 47 9 25 2.154015
9 48 49 49 9 26 2.131791
9 50 51 51 9 27 2.107442
9 52 53 53 9 28 2.088388
9 54 55 55 9 29 2.056365
9 56 57 57 9 30 2.043509
9 58 59 59 9 31 2.022343
9 60 61 61 9 32 2.007529
9 62 64 63 9 33 1.993448
9 65 67 66 9 34 1.973283
9 68 70 69 9 35 1.948936
9 71 73 72 9 36 1.929617
9 74 76 75 9 37 1.913199
9 77 79 78 9 38 1.894497
9 80 82 81 9 39 1.881820
9 83 85 84 9 40 1.869318
9 86 88 87 9 41 1.856609
9 89 91 90 9 42 1.848191
9 92 94 93 9 43 1.828660
9 95 97 96 9 44 1.811308
9 98 100 99 9 45 1.803571
9 101 103 102 9 46 1.795802
9 104 109 107 9 47 1.773030
9 110 115 113 9 48 1.755682
9 116 121 119 9 49 1.737981
9 122 127 125 9 50 1.722960
9 128 133 131 9 51 1.707557
9 134 139 137 9 52 1.692018
9 140 145 143 9 53 1.679128
9 146 151 149 9 54 1.666221
9 152 157 155 9 55 1.648632
9 158 163 161 9 56 1.641449
9 164 169 167 9 57 1.627693
9 170 175 173 9 58 1.618561
9 176 181 179 9 59 1.612134
9 182 187 185 9 60 1.605036
9 188 193 191 9 61 1.601253
9 194 254 224 9 62 1.565187
9 255 255 255 9 63 1.550992
10 0 0 0 10 0 1.000000   # ieta [11], pt 0
10 15 15 15 10 1 2.600000
10 16 16 16 10 2 2.600000
10 17 17 17 10 3 2.600000
10 18 18 18 10 4 2.600000
10 19 19 19 10 5 2.600000
10 20 20 20 10 6 2.600000
10 21 21 21 10 7 2.600000
10 22 22 22 10 8 2.600000
10 23 23 23 10 9 2.600000
10 24 24 24 10 10 2.600000
10 25 25 25 10 11 2.600000
10 26 26 26 10 12 2.572380
10 27 27 27 10 13 2.558385
10 28 28 28 10 14 2.508350
10 29 29 29 10 15 2.491292
10 30 30 30 10 16 2.481261
10 31 31 31 10 17 2.430867
10 32 33 33 10 18 2.406049
10 34 35 35 10 19 2.361171
10 36 37 37 10 20 2.332075
10 38 39 39 10 21 2.299177
10 40 41 41 10 22 2.278960
10 42 43 43 10 23 2.243830
10 44 45 45 10 24 2.208053
10 46 47 47 10 25 2.194160
10 48 49 49 10 26 2.169734
10 50 51 51 10 27 2.144589
10 52 53 53 10 28 2.126147
10 54 55 55 10 29 2.096677
10 56 57 57 10 30 2.083056
10 58 59 59 10 31 2.061294
10 60 61 61 10 32 2.043040
10 62 64 63 10 33 2.026865
10 65 67 66 10 34 2.001925
10 68 70 69 10 35 1.976128
10 71 73 72 10 36 1.955093
10 74 76 75 10 37 1.933148
10 77 79 78 10 38 1.911333
10 80 82 81 10 39 1.896081
10 83 85 84 10 40 1.881264
10 86 88 87 10 41 1.868911
10 89 91 90 10 42 1.860964
10 92 94 93 10 43 1.840929
10 95 97 96 10 44 1.823052
10 98 100 99 10 45 1.815151
10 101 103 102 10 46 1.808308
10 104 109 107 10 47 1.786472
10 110 115 113 10 48 1.768906
10 116 121 119 10 49 1.748694
10 122 127 125 10 50 1.732767
10 128 133 131 10 51 1.718009
10 134 139 137 10 52 1.703214
10 140 145 143 10 53 1.690635
10 146 151 149 10 54 1.678298
10 152 157 155 10 55 1.662312
10 158 163 161 10 56 1.655795
10 164 169 167 10 57 1.642738
10 170 175 173 10 58 1.633320
10 176 181 179 10 59 1.626316
10 182 187 185 10 60 1.619169
10 188 193 191 10 61 1.616094
10 194 254 224 10 62 1.582847
10 255 255 255 10 63 1.567681
11 0 0 0 11 0 1.000000   # ieta [12], pt 0
11 15 15 15 11 1 2.600000
11 16 16 16 11 2 2.600000
11 17 17 17 11 3 2.600000
11 18 18 18 11 4 2.600000
11 19 19 19 11 5 2.600000
11 20 20 20 11 6 2.600000
11 21 21 21 11 7 2.600000
11 22 22 22 11 8 2.600000
11 23 23 23 11 9 2.600000
11 24 24 24 11 10 2.600000
11 25 25 25 11 11 2.600000
11 26 26 26 11 12 2.594099
11 27 27 27 11 13 2.579986
11 28 28 28 11 14 2.532901
11 29 29 29 11 15 2.515677
11 30 30 30 11 16 2.508991
11 31 31 31 11 17 2.474450
11 32 33 33 11 18 2.439564
11 34 35 35 11 19 2.399640
11 36 37 37 11 20 2.376129
11 38 39 39 11 21 2.344843
11 40 41 41 11 22 2.324310
11 42 43 43 11 23 2.287286
11 44 45 45 11 24 2.246040
11 46 47 47 11 25 2.224837
11 48 49 49 11 26 2.192635
11 50 51 51 11 27 2.167219
11 52 53 53 11 28 2.147706
11 54 55 55 11 29 2.115640
11 56 57 57 11 30 2.099849
11 58 59 59 11 31 2.072698
11 60 61 61 11 32 2.052722
11 62 64 63 11 33 2.034844
11 65 67 66 11 34 2.011109
11 68 70 69 11 35 1.985194
11 71 73 72 11 36 1.964062
11 74 76 75 11 37 1.944613
11 77 79 78 11 38 1.924893
11 80 82 81 11 39 1.911310
11 83 85 84 11 40 1.893450
11 86 88 87 11 41 1.883272
11 89 91 90 11 42 1.875263
11 92 94 93 11 43 1.855074
11 95 97 96 11 44 1.837946
11 98 100 99 11 45 1.830485
11 101 103 102 11 46 1.824162
11 104 109 107 11 47 1.803582
11 110 115 113 11 48 1.785178
11 116 121 119 11 49 1.764780
11 122 127 125 11 50 1.746762
11 128 133 131 11 51 1.732311
11 134 139 137 11 52 1.715800
11 140 145 143 11 53 1.700762
11 146 151 149 11 54 1.688350
11 152 157 155 11 55 1.670092
11 158 163 161 11 56 1.662287
11 164 169 167 11 57 1.648928
11 170 175 173 11 58 1.639626
11 176 181 179 11 59 1.633081
11 182 187 185 11 60 1.625510
11 188 193 191 11 61 1.621905
11 194 254 224 11 62 1.589104
11 255 255 255 11 63 1.576217
12 0 0 0 12 0 1.000000   # ieta [13], pt 0
12 15 15 15 12 1 2.600000
12 16 16 16 12 2 2.600000
12 17 17 17 12 3 2.600000
12 18 18 18 12 4 2.600000
12 19 19 19 12 5 2.600000
12 20 20 20 12 6 2.600000
12 21 21 21 12 7 2.600000
12 22 22 22 12 8 2.600000
12 23 23 23 12 9 2.600000
12 24 24 24 12 10 2.600000
12 25 25 25 12 11 2.600000
12 26 26 26 12 12 2.600000
12 27 27 27 12 13 2.600000
12 28 28 28 12 14 2.587086
12 29 29 29 12 15 2.572536
12 30 30 30 12 16 2.565699
12 31 31 31 12 17 2.525545
12 32 33 33 12 18 2.486484
12 34 35 35 12 19 2.431771
12 36 37 37 12 20 2.398774
12 38 39 39 12 21 2.364113
12 40 41 41 12 22 2.343115
12 42 43 43 12 23 2.310081
12 44 45 45 12 24 2.272584
12 46 47 47 12 25 2.252763
12 48 49 49 12 26 2.222941
12 50 51 51 12 27 2.198560
12 52 53 53 12 28 2.182212
12 54 55 55 12 29 2.150632
12 56 57 57 12 30 2.134740
12 58 59 59 12 31 2.115526
12 60 61 61 12 32 2.093292
12 62 64 63 12 33 2.073532
12 65 67 66 12 34 2.052548
12 68 70 69 12 35 2.023411
12 71 73 72 12 36 1.996482
12 74 76 75 12 37 1.975699
12 77 79 78 12 38 1.953400
12 80 82 81 12 39 1.941067
12 83 85 84 12 40 1.922105
12 86 88 87 12 41 1.912434
12 89 91 90 12 42 1.901881
12 92 94 93 12 43 1.878920
12 95 97 96 12 44 1.861571
12 98 100 99 12 45 1.854015
12 101 103 102 12 46 1.847692
12 104 109 107 12 47 1.827946
12 110 115 113 12 48 1.810231
12 116 121 119 12 49 1.786254
12 122 127 125 12 50 1.767057
12 128 133 131 12 51 1.751485
12 134 139 137 12 52 1.732357
12 140 145 143 12 53 1.716471
12 146 151 149 12 54 1.707053
12 152 157 155 12 55 1.689005
12 158 163 161 12 56 1.677572
12 164 169 167 12 57 1.663379
12 170 175 173 12 58 1.653996
12 176 181 179 12 59 1.647393
12 182 187 185 12 60 1.639756
12 188 193 191 12 61 1.636119
12 194 254 224 12 62 1.601717
12 255 255 255 12 63 1.588419
13 0 0 0 13 0 1.000000   # ieta [14], pt 0
13 15 15 15 13 1 2.600000
13 16 16 16 13 2 2.600000
13 17 17 17 13 3 2.600000
13 18 18 18 13 4 2.600000
13 19 19 19 13 5 2.600000
13 20 20 20 13 6 2.600000
13 21 21 21 13 7 2.600000
13 22 22 22 13 8 2.600000
13 23 23 23 13 9 2.600000
13 24 24 24 13 10 2.600000
13 25 25 25 13 11 2.600000
13 26 26 26 13 12 2.600000
13 27 27 27 13 13 2.600000
13 28 28 28 13 14 2.600000
13 29 29 29 13 15 2.600000
13 30 30 30 13 16 2.600000
13 31 31 31 13 17 2.575169
13 32 33 33 13 18 2.535251
13 34 35 35 13 19 2.487541
13 36 37 37 13 20 2.451464
13 38 39 39 13 21 2.411587
13 40 41 41 13 22 2.390380
13 42 43 43 13 23 2.355097
13 44 45 45 13 24 2.310596
13 46 47 47 13 25 2.290443
13 48 49 49 13 26 2.261188
13 50 51 51 13 27 2.236844
13 52 53 53 13 28 2.216851
13 54 55 55 13 29 2.179761
13 56 57 57 13 30 2.161502
13 58 59 59 13 31 2.136733
13 60 61 61 13 32 2.120175
13 62 64 63 13 33 2.106162
13 65 67 66 13 34 2.087295
13 68 70 69 13 35 2.063576
13 71 73 72 13 36 2.041817
13 74 76 75 13 37 2.021744
13 77 79 78 13 38 1.995351
13 80 82 81 13 39 1.980535
13 83 85 84 13 40 1.960930
13 86 88 87 13 41 1.951063
13 89 91 90 13 42 1.940297
13 92 94 93 13 43 1.912293
13 95 97 96 13 44 1.896456
13 98 100 99 13 45 1.886584
13 101 103 102 13 46 1.879030
13 104 109 107 13 47 1.858181
13 110 115 113 13 48 1.833208
13 116 121 119 13 49 1.808204
13 122 127 125 13 50 1.793011
13 128 133 131 13 51 1.777759
13 134 139 137 13 52 1.761190
13 140 145 143 13 53 1.748890
13 146 151 149 13 54 1.743289
13 152 157 155 13 55 1.725927
13 158 163 161 13 56 1.710937
13 164 169 167 13 57 1.698164
13 170 175 173 13 58 1.688585
13 176 181 179 13 59 1.680560
13 182 187 185 13 60 1.670294
13 188 193 191 13 61 1.666873
13 194 254 224 13 62 1.631814
13 255 255 255 13 63 1.618415
14 0 0 0 14 0 1.000000   # ieta [15], pt 0
14 15 15 15 14 1 2.600000
14 16 16 16 14 2 2.600000
14 17 17 17 14 3 2.600000
14 18 18 18 14 4 2.600000
14 19 19 19 14 5 2.600000
14 20 20 20 14 6 2.600000
14 21 21 21 14 7 2.600000
14 22 22 22 14 8 2.600000
14 23 23 23 14 9 2.600000
14 24 24 24 14 10 2.600000
14 25 25 25 14 11 2.600000
14 26 26 26 14 12 2.600000
14 27 27 27 14 13 2.600000
14 28 28 28 14 14 2.600000
14 29 29 29 14 15 2.600000
14 30 30 30 14 16 2.600000
14 31 31 31 14 17 2.600000
14 32 33 33 14 18 2.571741
14 34 35 35 14 19 2.523024
14 36 37 37 14 20 2.486561
14 38 39 39 14 21 2.443590
14 40 41 41 14 22 2.424032
14 42 43 43 14 23 2.395734
14 44 45 45 14 24 2.356990
14 46 47 47 14 25 2.329562
14 48 49 49 14 26 2.296398
14 50 51 51 14 27 2.274907
14 52 53 53 14 28 2.260479
14 54 55 55 14 29 2.225056
14 56 57 57 14 30 2.209798
14 58 59 59 14 31 2.187351
14 60 61 61 14 32 2.175365
14 62 64 63 14 33 2.163466
14 65 67 66 14 34 2.135024
14 68 70 69 14 35 2.102649
14 71 73 72 14 36 2.081722
14 74 76 75 14 37 2.064460
14 77 79 78 14 38 2.039761
14 80 82 81 14 39 2.023840
14 83 85 84 14 40 2.000282
14 86 88 87 14 41 1.984323
14 89 91 90 14 42 1.970839
14 92 94 93 14 43 1.946287
14 95 97 96 14 44 1.927843
14 98 100 99 14 45 1.917640
14 101 103 102 14 46 1.907768
14 104 109 107 14 47 1.884258
14 110 115 113 14 48 1.859001
14 116 121 119 14 49 1.839575
14 122 127 125 14 50 1.824664
14 128 133 131 14 51 1.803775
14 134 139 137 14 52 1.785635
14 140 145 143 14 53 1.776189
14 146 151 149 14 54 1.770884
14 152 157 155 14 55 1.755781
14 158 163 161 14 56 1.740532
14 164 169 167 14 57 1.728726
14 170 175 173 14 58 1.718973
14 176 181 179 14 59 1.711658
14 182 187 185 14 60 1.703089
14 188 193 191 14 61 1.699647
14 194 254 224 14 62 1.661775
14 255 255 255 14 63 1.646744
15 0 0 0 15 0 1.000000   # ieta [16], pt 0
15 15 15 15 15 1 2.600000
15 16 16 16 15 2 2.600000
15 17 17 17 15 3 2.600000
15 18 18 18 15 4 2.600000
15 19 19 19 15 5 2.600000
15 20 20 20 15 6 2.600000
15 21 21 21 15 7 2.600000
15 22 22 22 15 8 2.600000
15 23 23 23 15 9 2.600000
15 24 24 24 15 10 2.600000
15 25 25 25 15 11 2.600000
15 26 26 26 15 12 2.600000
15 27 27 27 15 13 2.600000
15 28 28 28 15 14 2.600000
15 29 29 29 15 15 2.600000
15 30 30 30 15 16 2.600000
15 31 31 31 15 17 2.600000
15 32 33 33 15 18 2.600000
15 34 35 35 15 19 2.586562
15 36 37 37 15 20 2.554526
15 38 39 39 15 21 2.514686
15 40 41 41 15 22 2.502731
15 42 43 43 15 23 2.466391
15 44 45 45 15 24 2.425923
15 46 47 47 15 25 2.387502
15 48 49 49 15 26 2.351713
15 50 51 51 15 27 2.337494
15 52 53 53 15 28 2.318185
15 54 55 55 15 29 2.275610
15 56 57 57 15 30 2.264969
15 58 59 59 15 31 2.240394
15 60 61 61 15 32 2.227755
15 62 64 63 15 33 2.215562
15 65 67 66 15 34 2.187872
15 68 70 69 15 35 2.156592
15 71 73 72 15 36 2.139934
15 74 76 75 15 37 2.122302
15 77 79 78 15 38 2.101004
15 80 82 81 15 39 2.084605
15 83 85 84 15 40 2.060340
15 86 88 87 15 41 2.043901
15 89 91 90 15 42 2.030013
15 92 94 93 15 43 2.006443
15 95 97 96 15 44 1.991247
15 98 100 99 15 45 1.986503
15 101 103 102 15 46 1.978613
15 104 109 107 15 47 1.952171
15 110 115 113 15 48 1.931715
15 116 121 119 15 49 1.911874
15 122 127 125 15 50 1.900564
15 128 133 131 15 51 1.881331
15 134 139 137 15 52 1.861651
15 140 145 143 15 53 1.851932
15 146 151 149 15 54 1.844829
15 152 157 155 15 55 1.829883
15 158 163 161 15 56 1.812807
15 164 169 167 15 57 1.798988
15 170 175 173 15 58 1.784744
15 176 181 179 15 59 1.773626
15 182 187 185 15 60 1.763786
15 188 193 191 15 61 1.758605
15 194 254 224 15 62 1.717788
15 255 255 255 15 63 1.703165
16 0 0 0 16 0 1.000000   # ieta [17], pt 0
16 15 15 15 16 1 2.600000
16 16 16 16 16 2 2.600000
16 17 17 17 16 3 2.600000
16 18 18 18 16 4 2.600000
16 19 19 19 16 5 2.600000
16 20 20 20 16 6 2.600000
16 21 21 21 16 7 2.600000
16 22 22 22 16 8 2.600000
16 23 23 23 16 9 2.600000
16 24 24 24 16 10 2.600000
16 25 25 25 16 11 2.600000
16 26 26 26 16 12 2.600000
16 27 27 27 16 13 2.600000
16 28 28 28 16 14 2.600000
16 29 29 29 16 15 2.600000
16 30 30 30 16 16 2.600000
16 31 31 31 16 17 2.600000
16 32 33 33 16 18 2.600000
16 34 35 35 16 19 2.585115
16 36 37 37 16 20 2.543038
16 38 39 39 16 21 2.507367
16 40 41 41 16 22 2.493202
16 42 43 43 16 23 2.462400
16 44 45 45 16 24 2.421675
16 46 47 47 16 25 2.382802
16 48 49 49 16 26 2.347084
16 50 51 51 16 27 2.331683
16 52 53 53 16 28 2.312199
16 54 55 55 16 29 2.269004
16 56 57 57 16 30 2.256650
16 58 59 59 16 31 2.232166
16 60 61 61 16 32 2.219573
16 62 64 63 16 33 2.207424
16 65 67 66 16 34 2.179836
16 68 70 69 16 35 2.148671
16 71 73 72 16 36 2.132074
16 74 76 75 16 37 2.114507
16 77 79 78 16 38 2.093287
16 80 82 81 16 39 2.076948
16 83 85 84 16 40 2.052728
16 86 88 87 16 41 2.036261
16 89 91 90 16 42 2.022425
16 92 94 93 16 43 1.998943
16 95 97 96 16 44 1.983804
16 98 100 99 16 45 1.979078
16 101 103 102 16 46 1.971217
16 104 109 107 16 47 1.944702
16 110 115 113 16 48 1.924151
16 116 121 119 16 49 1.904389
16 122 127 125 16 50 1.891958
16 128 133 131 16 51 1.872813
16 134 139 137 16 52 1.853221
16 140 145 143 16 53 1.843546
16 146 151 149 16 54 1.836596
16 152 157 155 16 55 1.821837
16 158 163 161 16 56 1.804836
16 164 169 167 16 57 1.791078
16 170 175 173 16 58 1.776896
16 176 181 179 16 59 1.765827
16 182 187 185 16 60 1.756031
16 188 193 191 16 61 1.750872
16 194 254 224 16 62 1.710568
16 255 255 255 16 63 1.697089
17 0 0 0 17 0 1.000000   # ieta [18], pt 0
17 15 15 15 17 1 2.600000
17 16 16 16 17 2 2.600000
17 17 17 17 17 3 2.600000
17 18 18 18 17 4 2.600000
17 19 19 19 17 5 2.600000
17 20 20 20 17 6 2.600000
17 21 21 21 17 7 2.600000
17 22 22 22 17 8 2.600000
17 23 23 23 17 9 2.600000
17 24 24 24 17 10 2.600000
17 25 25 25 17 11 2.600000
17 26 26 26 17 12 2.595834
17 27 27 27 17 13 2.584362
17 28 28 28 17 14 2.544199
17 29 29 29 17 15 2.529335
17 30 30 30 17 16 2.526961
17 31 31 31 17 17 2.480641
17 32 33 33 17 18 2.442780
17 34 35 35 17 19 2.385931
17 36 37 37 17 20 2.346113
17 38 39 39 17 21 2.314004
17 40 41 41 17 22 2.289812
17 42 43 43 17 23 2.247110
17 44 45 45 17 24 2.203157
17 46 47 47 17 25 2.187619
17 48 49 49 17 26 2.158638
17 50 51 51 17 27 2.137967
17 52 53 53 17 28 2.118719
17 54 55 55 17 29 2.089911
17 56 57 57 17 30 2.077380
17 58 59 59 17 31 2.053742
17 60 61 61 17 32 2.034709
17 62 64 63 17 33 2.018088
17 65 67 66 17 34 1.999359
17 68 70 69 17 35 1.971863
17 71 73 72 17 36 1.946469
17 74 76 75 17 37 1.927343
17 77 79 78 17 38 1.906133
17 80 82 81 17 39 1.892330
17 83 85 84 17 40 1.873698
17 86 88 87 17 41 1.863908
17 89 91 90 17 42 1.853309
17 92 94 93 17 43 1.831573
17 95 97 96 17 44 1.810687
17 98 100 99 17 45 1.802573
17 101 103 102 17 46 1.795864
17 104 109 107 17 47 1.775002
17 110 115 113 17 48 1.758662
17 116 121 119 17 49 1.740957
17 122 127 125 17 50 1.728641
17 128 133 131 17 51 1.714710
17 134 139 137 17 52 1.699966
17 140 145 143 17 53 1.685360
17 146 151 149 17 54 1.675678
17 152 157 155 17 55 1.658096
17 158 163 161 17 56 1.647475
17 164 169 167 17 57 1.634761
17 170 175 173 17 58 1.626552
17 176 181 179 17 59 1.620277
17 182 187 185 17 60 1.613241
17 188 193 191 17 61 1.606663
17 194 254 224 17 62 1.573903
17 255 255 255 17 63 1.558814
18 0 0 0 18 0 1.000000   # ieta [19], pt 0
18 15 15 15 18 1 2.600000
18 16 16 16 18 2 2.600000
18 17 17 17 18 3 2.600000
18 18 18 18 18 4 2.600000
18 19 19 19 18 5 2.600000
18 20 20 20 18 6 2.600000
18 21 21 21 18 7 2.600000
18 22 22 22 18 8 2.600000
18 23 23 23 18 9 2.600000
18 24 24 24 18 10 2.600000
18 25 25 25 18 11 2.600000
18 26 26 26 18 12 2.570198
18 27 27 27 18 13 2.558840
18 28 28 28 18 14 2.514225
18 29 29 29 18 15 2.499536
18 30 30 30 18 16 2.490002
18 31 31 31 18 17 2.446621
18 32 33 33 18 18 2.408960
18 34 35 35 18 19 2.352580
18 36 37 37 18 20 2.311397
18 38 39 39 18 21 2.274002
18 40 41 41 18 22 2.249204
18 42 43 43 18 23 2.202336
18 44 45 45 18 24 2.157221
18 46 47 47 18 25 2.142007
18 48 49 49 18 26 2.111144
18 50 51 51 18 27 2.085727
18 52 53 53 18 28 2.064429
18 54 55 55 18 29 2.041848
18 56 57 57 18 30 2.029605
18 58 59 59 18 31 2.002953
18 60 61 61 18 32 1.981886
18 62 64 63 18 33 1.963554
18 65 67 66 18 34 1.944697
18 68 70 69 18 35 1.925278
18 71 73 72 18 36 1.908869
18 74 76 75 18 37 1.892138
18 77 79 78 18 38 1.872176
18 80 82 81 18 39 1.860689
18 83 85 84 18 40 1.842369
18 86 88 87 18 41 1.832742
18 89 91 90 18 42 1.822320
18 92 94 93 18 43 1.806315
18 95 97 96 18 44 1.785717
18 98 100 99 18 45 1.777714
18 101 103 102 18 46 1.770133
18 104 109 107 18 47 1.747649
18 110 115 113 18 48 1.731561
18 116 121 119 18 49 1.707788
18 122 127 125 18 50 1.686476
18 128 133 131 18 51 1.673295
18 134 139 137 18 52 1.657243
18 140 145 143 18 53 1.645189
18 146 151 149 18 54 1.630481
18 152 157 155 18 55 1.607311
18 158 163 161 18 56 1.600586
18 164 169 167 18 57 1.586529
18 170 175 173 18 58 1.576450
18 176 181 179 18 59 1.569733
18 182 187 185 18 60 1.561646
18 188 193 191 18 61 1.554129
18 194 254 224 18 62 1.518335
18 255 255 255 18 63 1.497225
19 0 0 0 19 0 1.000000   # ieta [20], pt 0
19 15 15 15 19 1 2.600000
19 16 16 16 19 2 2.600000
19 17 17 17 19 3 2.600000
19 18 18 18 19 4 2.600000
19 19 19 19 19 5 2.600000
19 20 20 20 19 6 2.600000
19 21 21 21 19 7 2.600000
19 22 22 22 19 8 2.600000
19 23 23 23 19 9 2.600000
19 24 24 24 19 10 2.597573
19 25 25 25 19 11 2.555562
19 26 26 26 19 12 2.536354
19 27 27 27 19 13 2.533702
19 28 28 28 19 14 2.470151
19 29 29 29 19 15 2.451776
19 30 30 30 19 16 2.438407
19 31 31 31 19 17 2.405274
19 32 33 33 19 18 2.371097
19 34 35 35 19 19 2.315991
19 36 37 37 19 20 2.278339
19 38 39 39 19 21 2.242080
19 40 41 41 19 22 2.217630
19 42 43 43 19 23 2.178807
19 44 45 45 19 24 2.137505
19 46 47 47 19 25 2.121156
19 48 49 49 19 26 2.090593
19 50 51 51 19 27 2.065424
19 52 53 53 19 28 2.044333
19 54 55 55 19 29 2.021971
19 56 57 57 19 30 2.010982
19 58 59 59 19 31 1.991845
19 60 61 61 19 32 1.973999
19 62 64 63 19 33 1.958852
19 65 67 66 19 34 1.940040
19 68 70 69 19 35 1.920668
19 71 73 72 19 36 1.899697
19 74 76 75 19 37 1.881770
19 77 79 78 19 38 1.861917
19 80 82 81 19 39 1.850493
19 83 85 84 19 40 1.832273
19 86 88 87 19 41 1.821253
19 89 91 90 19 42 1.814302
19 92 94 93 19 43 1.794703
19 95 97 96 19 44 1.774238
19 98 100 99 19 45 1.766287
19 101 103 102 19 46 1.758754
19 104 109 107 19 47 1.736415
19 110 115 113 19 48 1.720430
19 116 121 119 19 49 1.698494
19 122 127 125 19 50 1.676661
19 128 133 131 19 51 1.660458
19 134 139 137 19 52 1.644530
19 140 145 143 19 53 1.632568
19 146 151 149 19 54 1.617972
19 152 157 155 19 55 1.600996
19 158 163 161 19 56 1.597012
19 164 169 167 19 57 1.581856
19 170 175 173 19 58 1.572949
19 176 181 179 19 59 1.566248
19 182 187 185 19 60 1.558178
19 188 193 191 19 61 1.550678
19 194 254 224 19 62 1.514964
19 255 255 255 19 63 1.493901
20 0 0 0 20 0 1.000000   # ieta [21], pt 0
20 15 15 15 20 1 2.600000
20 16 16 16 20 2 2.600000
20 17 17 17 20 3 2.600000
20 18 18 18 20 4 2.600000
20 19 19 19 20 5 2.600000
20 20 20 20 20 6 2.600000
20 21 21 21 20 7 2.600000
20 22 22 22 20 8 2.600000
20 23 23 23 20 9 2.600000
20 24 24 24 20 10 2.554691
20 25 25 25 20 11 2.494235
20 26 26 26 20 12 2.466878
20 27 27 27 20 13 2.464300
20 28 28 28 20 14 2.404642
20 29 29 29 20 15 2.386755
20 30 30 30 20 16 2.373740
20 31 31 31 20 17 2.342433
20 32 33 33 20 18 2.320129
20 34 35 35 20 19 2.280392
20 36 37 37 20 20 2.245332
20 38 39 39 20 21 2.213227
20 40 41 41 20 22 2.189159
20 42 43 43 20 23 2.149302
20 44 45 45 20 24 2.112373
20 46 47 47 20 25 2.106500
20 48 49 49 20 26 2.078712
20 50 51 51 20 27 2.053686
20 52 53 53 20 28 2.034052
20 54 55 55 20 29 2.002678
20 56 57 57 20 30 1.991234
20 58 59 59 20 31 1.969129
20 60 61 61 20 32 1.951486
20 62 64 63 20 33 1.936512
20 65 67 66 20 34 1.914099
20 68 70 69 20 35 1.892125
20 71 73 72 20 36 1.871465
20 74 76 75 20 37 1.854779
20 77 79 78 20 38 1.832267
20 80 82 81 20 39 1.816484
20 83 85 84 20 40 1.806792
20 86 88 87 20 41 1.797209
20 89 91 90 20 42 1.790351
20 92 94 93 20 43 1.766487
20 95 97 96 20 44 1.748900
20 98 100 99 20 45 1.741062
20 101 103 102 20 46 1.732894
20 104 109 107 20 47 1.709645
20 110 115 113 20 48 1.694674
20 116 121 119 20 49 1.670874
20 122 127 125 20 50 1.654532
20 128 133 131 20 51 1.639669
20 134 139 137 20 52 1.623930
20 140 145 143 20 53 1.612415
20 146 151 149 20 54 1.598356
20 152 157 155 20 55 1.583630
20 158 163 161 20 56 1.577731
20 164 169 167 20 57 1.563154
20 170 175 173 20 58 1.555937
20 176 181 179 20 59 1.544765
20 182 187 185 20 60 1.539287
20 188 193 191 20 61 1.531878
20 194 254 224 20 62 1.498290
20 255 255 255 20 63 1.477560
21 0 0 0 21 0 1.000000   # ieta [22], pt 0
21 15 15 15 21 1 2.600000
21 16 16 16 21 2 2.600000
21 17 17 17 21 3 2.600000
21 18 18 18 21 4 2.600000
21 19 19 19 21 5 2.600000
21 20 20 20 21 6 2.600000
21 21 21 21 21 7 2.600000
21 22 22 22 21 8 2.600000
21 23 23 23 21 9 2.548618
21 24 24 24 21 10 2.500889
21 25 25 25 21 11 2.459377
21 26 26 26 21 12 2.440595
21 27 27 27 21 13 2.418986
21 28 28 28 21 14 2.360426
21 29 29 29 21 15 2.342867
21 30 30 30 21 16 2.330093
21 31 31 31 21 17 2.298029
21 32 33 33 21 18 2.266391
21 34 35 35 21 19 2.223435
21 36 37 37 21 20 2.194909
21 38 39 39 21 21 2.163525
21 40 41 41 21 22 2.136196
21 42 43 43 21 23 2.092839
21 44 45 45 21 24 2.060735
21 46 47 47 21 25 2.052502
21 48 49 49 21 26 2.022825
21 50 51 51 21 27 1.998536
21 52 53 53 21 28 1.979464
21 54 55 55 21 29 1.961334
21 56 57 57 21 30 1.950126
21 58 59 59 21 31 1.928408
21 60 61 61 21 32 1.907867
21 62 64 63 21 33 1.893108
21 65 67 66 21 34 1.868258
21 68 70 69 21 35 1.850384
21 71 73 72 21 36 1.828312
21 74 76 75 21 37 1.813982
21 77 79 78 21 38 1.797280
21 80 82 81 21 39 1.787298
21 83 85 84 21 40 1.776898
21 86 88 87 21 41 1.764471
21 89 91 90 21 42 1.757737
21 92 94 93 21 43 1.734308
21 95 97 96 21 44 1.718213
21 98 100 99 21 45 1.709739
21 101 103 102 21 46 1.701815
21 104 109 107 21 47 1.681418
21 110 115 113 21 48 1.667465
21 116 121 119 21 49 1.642856
21 122 127 125 21 50 1.624879
21 128 133 131 21 51 1.611468
21 134 139 137 21 52 1.599942
21 140 145 143 21 53 1.593475
21 146 151 149 21 54 1.582027
21 152 157 155 21 55 1.568094
21 158 163 161 21 56 1.562253
21 164 169 167 21 57 1.548970
21 170 175 173 21 58 1.543916
21 176 181 179 21 59 1.528494
21 182 187 185 21 60 1.522262
21 188 193 191 21 61 1.515785
21 194 254 224 21 62 1.483460
21 255 255 255 21 63 1.466900
22 0 0 0 22 0 1.000000   # ieta [23], pt 0
22 15 15 15 22 1 2.600000
22 16 16 16 22 2 2.600000
22 17 17 17 22 3 2.600000
22 18 18 18 22 4 2.600000
22 19 19 19 22 5 2.600000
22 20 20 20 22 6 2.579041
22 21 21 21 22 7 2.552796
22 22 22 22 22 8 2.517413
22 23 23 23 22 9 2.487694
22 24 24 24 22 10 2.437212
22 25 25 25 22 11 2.395733
22 26 26 26 22 12 2.380596
22 27 27 27 22 13 2.355029
22 28 28 28 22 14 2.298647
22 29 29 29 22 15 2.287904
22 30 30 30 22 16 2.285921
22 31 31 31 22 17 2.238031
22 32 33 33 22 18 2.201891
22 34 35 35 22 19 2.159997
22 36 37 37 22 20 2.119006
22 38 39 39 22 21 2.085151
22 40 41 41 22 22 2.057728
22 42 43 43 22 23 2.023906
22 44 45 45 22 24 1.993058
22 46 47 47 22 25 1.976273
22 48 49 49 22 26 1.950833
22 50 51 51 22 27 1.935843
22 52 53 53 22 28 1.922148
22 54 55 55 22 29 1.901288
22 56 57 57 22 30 1.892856
22 58 59 59 22 31 1.870293
22 60 61 61 22 32 1.855645
22 62 64 63 22 33 1.845522
22 65 67 66 22 34 1.823023
22 68 70 69 22 35 1.802179
22 71 73 72 22 36 1.786916
22 74 76 75 22 37 1.774447
22 77 79 78 22 38 1.755003
22 80 82 81 22 39 1.742869
22 83 85 84 22 40 1.729556
22 86 88 87 22 41 1.720243
22 89 91 90 22 42 1.710454
22 92 94 93 22 43 1.687381
22 95 97 96 22 44 1.675554
22 98 100 99 22 45 1.668320
22 101 103 102 22 46 1.660469
22 104 109 107 22 47 1.638910
22 110 115 113 22 48 1.623706
22 116 121 119 22 49 1.602008
22 122 127 125 22 50 1.590807
22 128 133 131 22 51 1.577355
22 134 139 137 22 52 1.564516
22 140 145 143 22 53 1.554953
22 146 151 149 22 54 1.546028
22 152 157 155 22 55 1.531791
22 158 163 161 22 56 1.522703
22 164 169 167 22 57 1.511582
22 170 175 173 22 58 1.504930
22 176 181 179 22 59 1.489875
22 182 187 185 22 60 1.484504
22 188 193 191 22 61 1.478651
22 194 254 224 22 62 1.444163
22 255 255 255 22 63 1.430025
23 0 0 0 23 0 1.000000   # ieta [24], pt 0
23 15 15 15 23 1 2.600000
23 16 16 16 23 2 2.600000
23 17 17 17 23 3 2.600000
23 18 18 18 23 4 2.600000
23 19 19 19 23 5 2.559153
23 20 20 20 23 6 2.518951
23 21 21 21 23 7 2.493318
23 22 22 22 23 8 2.463308
23 23 23 23 23 9 2.456836
23 24 24 24 23 10 2.385059
23 25 25 25 23 11 2.343001
23 26 26 26 23 12 2.324181
23 27 27 27 23 13 2.299219
23 28 28 28 23 14 2.250465
23 29 29 29 23 15 2.243897
23 30 30 30 23 16 2.241952
23 31 31 31 23 17 2.192189
23 32 33 33 23 18 2.159424
23 34 35 35 23 19 2.122422
23 36 37 37 23 20 2.084828
23 38 39 39 23 21 2.053193
23 40 41 41 23 22 2.025333
23 42 43 43 23 23 1.990293
23 44 45 45 23 24 1.958158
23 46 47 47 23 25 1.934528
23 48 49 49 23 26 1.906067
23 50 51 51 23 27 1.893679
23 52 53 53 23 28 1.879632
23 54 55 55 23 29 1.859111
23 56 57 57 23 30 1.855921
23 58 59 59 23 31 1.835642
23 60 61 61 23 32 1.820294
23 62 64 63 23 33 1.808898
23 65 67 66 23 34 1.786232
23 68 70 69 23 35 1.767593
23 71 73 72 23 36 1.754945
23 74 76 75 23 37 1.743366
23 77 79 78 23 38 1.726581
23 80 82 81 23 39 1.716306
23 83 85 84 23 40 1.705077
23 86 88 87 23 41 1.696451
23 89 91 90 23 42 1.686487
23 92 94 93 23 43 1.662639
23 95 97 96 23 44 1.651884
23 98 100 99 23 45 1.643061
23 101 103 102 23 46 1.633372
23 104 109 107 23 47 1.610970
23 110 115 113 23 48 1.599112
23 116 121 119 23 49 1.579758
23 122 127 125 23 50 1.568805
23 128 133 131 23 51 1.556552
23 134 139 137 23 52 1.544861
23 140 145 143 23 53 1.534182
23 146 151 149 23 54 1.524306
23 152 157 155 23 55 1.508690
23 158 163 161 23 56 1.500445
23 164 169 167 23 57 1.489038
23 170 175 173 23 58 1.485169
23 176 181 179 23 59 1.471388
23 182 187 185 23 60 1.466116
23 188 193 191 23 61 1.461247
23 194 254 224 23 62 1.431180
23 255 255 255 23 63 1.418134
24 0 0 0 24 0 1.000000   # ieta [25], pt 0
24 15 15 15 24 1 2.600000
24 16 16 16 24 2 2.600000
24 17 17 17 24 3 2.600000
24 18 18 18 24 4 2.600000
24 19 19 19 24 5 2.560829
24 20 20 20 24 6 2.520600
24 21 21 21 24 7 2.494950
24 22 22 22 24 8 2.464920
24 23 23 23 24 9 2.458445
24 24 24 24 24 10 2.386620
24 25 25 25 24 11 2.344535
24 26 26 26 24 12 2.325702
24 27 27 27 24 13 2.300724
24 28 28 28 24 14 2.251938
24 29 29 29 24 15 2.245366
24 30 30 30 24 16 2.243419
24 31 31 31 24 17 2.193363
24 32 33 33 24 18 2.159567
24 34 35 35 24 19 2.121549
24 36 37 37 24 20 2.083970
24 38 39 39 24 21 2.052348
24 40 41 41 24 22 2.024499
24 42 43 43 24 23 1.989474
24 44 45 45 24 24 1.956703
24 46 47 47 24 25 1.930734
24 48 49 49 24 26 1.902329
24 50 51 51 24 27 1.888954
24 52 53 53 24 28 1.874942
24 54 55 55 24 29 1.854819
24 56 57 57 24 30 1.851272
24 58 59 59 24 31 1.830883
24 60 61 61 24 32 1.815889
24 62 64 63 24 33 1.804520
24 65 67 66 24 34 1.781909
24 68 70 69 24 35 1.763315
24 71 73 72 24 36 1.750697
24 74 76 75 24 37 1.739147
24 77 79 78 24 38 1.722402
24 80 82 81 24 39 1.712152
24 83 85 84 24 40 1.700950
24 86 88 87 24 41 1.692345
24 89 91 90 24 42 1.682405
24 92 94 93 24 43 1.658614
24 95 97 96 24 44 1.647886
24 98 100 99 24 45 1.639085
24 101 103 102 24 46 1.629487
24 104 109 107 24 47 1.607808
24 110 115 113 24 48 1.596744
24 116 121 119 24 49 1.577419
24 122 127 125 24 50 1.567697
24 128 133 131 24 51 1.555573
24 134 139 137 24 52 1.544069
24 140 145 143 24 53 1.533395
24 146 151 149 24 54 1.523525
24 152 157 155 24 55 1.507917
24 158 163 161 24 56 1.499676
24 164 169 167 24 57 1.488275
24 170 175 173 24 58 1.484408
24 176 181 179 24 59 1.470634
24 182 187 185 24 60 1.465406
24 188 193 191 24 61 1.460742
24 194 254 224 24 62 1.428956
24 255 255 255 24 63 1.418094
25 0 0 0 25 0 1.000000   # ieta [26], pt 0
25 15 15 15 25 1 2.600000
25 16 16 16 25 2 2.600000
25 17 17 17 25 3 2.600000
25 18 18 18 25 4 2.600000
25 19 19 19 25 5 2.576681
25 20 20 20 25 6 2.536203
25 21 21 21 25 7 2.510395
25 22 22 22 25 8 2.480179
25 23 23 23 25 9 2.453120
25 24 24 24 25 10 2.398144
25 25 25 25 25 11 2.355856
25 26 26 26 25 12 2.336887
25 27 27 27 25 13 2.311790
25 28 28 28 25 14 2.262769
25 29 29 29 25 15 2.256165
25 30 30 30 25 16 2.254209
25 31 31 31 25 17 2.202355
25 32 33 33 25 18 2.165527
25 34 35 35 25 19 2.124509
25 36 37 37 25 20 2.086877
25 38 39 39 25 21 2.054729
25 40 41 41 25 22 2.026365
25 42 43 43 25 23 1.991308
25 44 45 45 25 24 1.958507
25 46 47 47 25 25 1.932745
25 48 49 49 25 26 1.904311
25 50 51 51 25 27 1.885893
25 52 53 53 25 28 1.870454
25 54 55 55 25 29 1.849779
25 56 57 57 25 30 1.845422
25 58 59 59 25 31 1.818108
25 60 61 61 25 32 1.806792
25 62 64 63 25 33 1.795480
25 65 67 66 25 34 1.772983
25 68 70 69 25 35 1.753344
25 71 73 72 25 36 1.740486
25 74 76 75 25 37 1.725463
25 77 79 78 25 38 1.706088
25 80 82 81 25 39 1.697761
25 83 85 84 25 40 1.684023
25 86 88 87 25 41 1.674457
25 89 91 90 25 42 1.663034
25 92 94 93 25 43 1.638598
25 95 97 96 25 44 1.627542
25 98 100 99 25 45 1.618849
25 101 103 102 25 46 1.609370
25 104 109 107 25 47 1.587705
25 110 115 113 25 48 1.576424
25 116 121 119 25 49 1.555854
25 122 127 125 25 50 1.543870
25 128 133 131 25 51 1.530871
25 134 139 137 25 52 1.518163
25 140 145 143 25 53 1.507771
25 146 151 149 25 54 1.498067
25 152 157 155 25 55 1.483142
25 158 163 161 25 56 1.475273
25 164 169 167 25 57 1.463144
25 170 175 173 25 58 1.458562
25 176 181 179 25 59 1.444043
25 182 187 185 25 60 1.437913
25 188 193 191 25 61 1.433248
25 194 254 224 25 62 1.404289
25 255 255 255 25 63 1.396131
26 0 0 0 26 0 1.000000   # ieta [27], pt 0
26 15 15 15 26 1 2.600000
26 16 16 16 26 2 2.600000
26 17 17 17 26 3 2.600000
26 18 18 18 26 4 2.600000
26 19 19 19 26 5 2.600000
26 20 20 20 26 6 2.600000
26 21 21 21 26 7 2.600000
26 22 22 22 26 8 2.600000
26 23 23 23 26 9 2.600000
26 24 24 24 26 10 2.561071
26 25 25 25 26 11 2.509583
26 26 26 26 26 12 2.470097
26 27 27 27 26 13 2.441779
26 28 28 28 26 14 2.388699
26 29 29 29 26 15 2.372864
26 30 30 30 26 16 2.364682
26 31 31 31 26 17 2.312562
26 32 33 33 26 18 2.268559
26 34 35 35 26 19 2.213590
26 36 37 37 26 20 2.167891
26 38 39 39 26 21 2.126888
26 40 41 41 26 22 2.090050
26 42 43 43 26 23 2.046977
26 44 45 45 26 24 2.011084
26 46 47 47 26 25 1.990588
26 48 49 49 26 26 1.959262
26 50 51 51 26 27 1.936282
26 52 53 53 26 28 1.917215
26 54 55 55 26 29 1.890994
26 56 57 57 26 30 1.879318
26 58 59 59 26 31 1.855417
26 60 61 61 26 32 1.840066
26 62 64 63 26 33 1.826507
26 65 67 66 26 34 1.796610
26 68 70 69 26 35 1.775510
26 71 73 72 26 36 1.759775
26 74 76 75 26 37 1.747392
26 77 79 78 26 38 1.725210
26 80 82 81 26 39 1.713192
26 83 85 84 26 40 1.697445
26 86 88 87 26 41 1.687102
26 89 91 90 26 42 1.675191
26 92 94 93 26 43 1.650576
26 95 97 96 26 44 1.639440
26 98 100 99 26 45 1.630683
26 101 103 102 26 46 1.621095
26 104 109 107 26 47 1.598894
26 110 115 113 26 48 1.587057
26 116 121 119 26 49 1.565880
26 122 127 125 26 50 1.552657
26 128 133 131 26 51 1.538162
26 134 139 137 26 52 1.525310
26 140 145 143 26 53 1.514869
26 146 151 149 26 54 1.505119
26 152 157 155 26 55 1.490124
26 158 163 161 26 56 1.482218
26 164 169 167 26 57 1.470032
26 170 175 173 26 58 1.465217
26 176 181 179 26 59 1.450213
26 182 187 185 26 60 1.444057
26 188 193 191 26 61 1.439371
26 194 254 224 26 62 1.411135
26 255 255 255 26 63 1.403899
27 0 0 0 27 0 1.000000   # ieta [28], pt 0
27 15 15 15 27 1 2.600000
27 16 16 16 27 2 2.600000
27 17 17 17 27 3 2.600000
27 18 18 18 27 4 2.600000
27 19 19 19 27 5 2.600000
27 20 20 20 27 6 2.600000
27 21 21 21 27 7 2.600000
27 22 22 22 27 8 2.600000
27 23 23 23 27 9 2.600000
27 24 24 24 27 10 2.589570
27 25 25 25 27 11 2.541501
27 26 26 26 27 12 2.504164
27 27 27 27 27 13 2.476962
27 28 28 28 27 14 2.418289
27 29 29 29 27 15 2.402258
27 30 30 30 27 16 2.393974
27 31 31 31 27 17 2.338167
27 32 33 33 27 18 2.291278
27 34 35 35 27 19 2.235049
27 36 37 37 27 20 2.193669
27 38 39 39 27 21 2.151187
27 40 41 41 27 22 2.117650
27 42 43 43 27 23 2.078237
27 44 45 45 27 24 2.043083
27 46 47 47 27 25 2.024062
27 48 49 49 27 26 1.991605
27 50 51 51 27 27 1.970225
27 52 53 53 27 28 1.950574
27 54 55 55 27 29 1.915868
27 56 57 57 27 30 1.900243
27 58 59 59 27 31 1.879713
27 60 61 61 27 32 1.864161
27 62 64 63 27 33 1.850424
27 65 67 66 27 34 1.820137
27 68 70 69 27 35 1.798759
27 71 73 72 27 36 1.782819
27 74 76 75 27 37 1.770890
27 77 79 78 27 38 1.749296
27 80 82 81 27 39 1.737713
27 83 85 84 27 40 1.722390
27 86 88 87 27 41 1.710785
27 89 91 90 27 42 1.700853
27 92 94 93 27 43 1.675836
27 95 97 96 27 44 1.664517
27 98 100 99 27 45 1.655627
27 101 103 102 27 46 1.645651
27 104 109 107 27 47 1.618598
27 110 115 113 27 48 1.605520
27 116 121 119 27 49 1.584170
27 122 127 125 27 50 1.573663
27 128 133 131 27 51 1.558971
27 134 139 137 27 52 1.546604
27 140 145 143 27 53 1.536346
27 146 151 149 27 54 1.526458
27 152 157 155 27 55 1.511250
27 158 163 161 27 56 1.503232
27 164 169 167 27 57 1.490873
27 170 175 173 27 58 1.485990
27 176 181 179 27 59 1.470773
27 182 187 185 27 60 1.464234
27 188 193 191 27 61 1.458923
27 194 254 224 27 62 1.428951
27 255 255 255 27 63 1.420309
28 0 0 0 28 0 1.000000   # ieta [29], pt 0
28 15 15 15 28 1 2.249244
28 16 16 16 28 2 2.207129
28 17 17 17 28 3 2.106722
28 18 18 18 28 4 2.075494
28 19 19 19 28 5 2.017848
28 20 20 20 28 6 1.987309
28 21 21 21 28 7 1.938488
28 22 22 22 28 8 1.934590
28 23 23 23 28 9 1.901867
28 24 24 24 28 10 1.890832
28 25 25 25 28 11 1.864909
28 26 26 26 28 12 1.826064
28 27 27 27 28 13 1.809553
28 28 28 28 28 14 1.769641
28 29 29 29 28 15 1.772117
28 30 30 30 28 16 1.762411
28 31 31 31 28 17 1.737439
28 32 33 33 28 18 1.722121
28 34 35 35 28 19 1.693010
28 36 37 37 28 20 1.688575
28 38 39 39 28 21 1.687340
28 40 41 41 28 22 1.659286
28 42 43 43 28 23 1.639073
28 44 45 45 28 24 1.619649
28 46 47 47 28 25 1.618268
28 48 49 49 28 26 1.616376
28 50 51 51 28 27 1.606835
28 52 53 53 28 28 1.594974
28 54 55 55 28 29 1.583924
28 56 57 57 28 30 1.577081
28 58 59 59 28 31 1.564185
28 60 61 61 28 32 1.559218
28 62 64 63 28 33 1.555240
28 65 67 66 28 34 1.528830
28 68 70 69 28 35 1.499703
28 71 73 72 28 36 1.492990
28 74 76 75 28 37 1.465972
28 77 79 78 28 38 1.462778
28 80 82 81 28 39 1.457938
28 83 85 84 28 40 1.448228
28 86 88 87 28 41 1.437721
28 89 91 90 28 42 1.417450
28 92 94 93 28 43 1.414764
28 95 97 96 28 44 1.414764
28 98 100 99 28 45 1.414362
28 101 103 102 28 46 1.386939
28 104 109 107 28 47 1.377536
28 110 115 113 28 48 1.373869
28 116 121 119 28 49 1.368745
28 122 127 125 28 50 1.361722
28 128 133 131 28 51 1.336395
28 134 139 137 28 52 1.326356
28 140 145 143 28 53 1.324443
28 146 151 149 28 54 1.323004
28 152 157 155 28 55 1.320857
28 158 163 161 28 56 1.320375
28 164 169 167 28 57 1.319435
28 170 175 173 28 58 1.319600
28 176 181 179 28 59 1.317113
28 182 187 185 28 60 1.317018
28 188 193 191 28 61 1.317018
28 194 254 224 28 62 1.301494
28 255 255 255 28 63 1.303188
29 0 0 0 29 0 1.000000   # ieta [30], pt 0
29 15 15 15 29 1 1.890524
29 16 16 16 29 2 1.771448
29 17 17 17 29 3 1.698264
29 18 18 18 29 4 1.659096
29 19 19 19 29 5 1.646532
29 20 20 20 29 6 1.624531
29 21 21 21 29 7 1.584189
29 22 22 22 29 8 1.534997
29 23 23 23 29 9 1.518618
29 24 24 24 29 10 1.511594
29 25 25 25 29 11 1.513268
29 26 26 26 29 12 1.496769
29 27 27 27 29 13 1.494863
29 28 28 28 29 14 1.461634
29 29 29 29 29 15 1.469220
29 30 30 30 29 16 1.467305
29 31 31 31 29 17 1.443899
29 32 33 33 29 18 1.427683
29 34 35 35 29 19 1.408002
29 36 37 37 29 20 1.402368
29 38 39 39 29 21 1.399486
29 40 41 41 29 22 1.384960
29 42 43 43 29 23 1.369919
29 44 45 45 29 24 1.361255
29 46 47 47 29 25 1.359874
29 48 49 49 29 26 1.354679
29 50 51 51 29 27 1.348687
29 52 53 53 29 28 1.346388
29 54 55 55 29 29 1.336998
29 56 57 57 29 30 1.335611
29 58 59 59 29 31 1.324777
29 60 61 61 29 32 1.313467
29 62 64 63 29 33 1.306013
29 65 67 66 29 34 1.290509
29 68 70 69 29 35 1.269095
29 71 73 72 29 36 1.261410
29 74 76 75 29 37 1.258356
29 77 79 78 29 38 1.256961
29 80 82 81 29 39 1.238773
29 83 85 84 29 40 1.237304
29 86 88 87 29 41 1.233666
29 89 91 90 29 42 1.229357
29 92 94 93 29 43 1.227648
29 95 97 96 29 44 1.227648
29 98 100 99 29 45 1.227246
29 101 103 102 29 46 1.218437
29 104 109 107 29 47 1.204944
29 110 115 113 29 48 1.204944
29 116 121 119 29 49 1.186836
29 122 127 125 29 50 1.172604
29 128 133 131 29 51 1.169234
29 134 139 137 29 52 1.167698
29 140 145 143 29 53 1.155907
29 146 151 149 29 54 1.151144
29 152 157 155 29 55 1.148997
29 158 163 161 29 56 1.148515
29 164 169 167 29 57 1.147794
29 170 175 173 29 58 1.148361
29 176 181 179 29 59 1.147885
29 182 187 185 29 60 1.147789
29 188 193 191 29 61 1.147789
29 194 254 224 29 62 1.138192
29 255 255 255 29 63 1.141168
30 0 0 0 30 0 1.000000   # ieta [31], pt 0
30 15 15 15 30 1 1.861051
30 16 16 16 30 2 1.758104
30 17 17 17 30 3 1.684920
30 18 18 18 30 4 1.645752
30 19 19 19 30 5 1.622305
30 20 20 20 30 6 1.600910
30 21 21 21 30 7 1.554165
30 22 22 22 30 8 1.501489
30 23 23 23 30 9 1.478451
30 24 24 24 30 10 1.470313
30 25 25 25 30 11 1.464829
30 26 26 26 30 12 1.446274
30 27 27 27 30 13 1.435484
30 28 28 28 30 14 1.402939
30 29 29 29 30 15 1.411667
30 30 30 30 30 16 1.404835
30 31 31 31 30 17 1.389962
30 32 33 33 30 18 1.384680
30 34 35 35 30 19 1.366772
30 36 37 37 30 20 1.358951
30 38 39 39 30 21 1.355747
30 40 41 41 30 22 1.341468
30 42 43 43 30 23 1.331061
30 44 45 45 30 24 1.323341
30 46 47 47 30 25 1.321960
30 48 49 49 30 26 1.320469
30 50 51 51 30 27 1.314477
30 52 53 53 30 28 1.312178
30 54 55 55 30 29 1.302789
30 56 57 57 30 30 1.300575
30 58 59 59 30 31 1.295913
30 60 61 61 30 32 1.289433
30 62 64 63 30 33 1.286808
30 65 67 66 30 34 1.272455
30 68 70 69 30 35 1.251041
30 71 73 72 30 36 1.246634
30 74 76 75 30 37 1.245219
30 77 79 78 30 38 1.243824
30 80 82 81 30 39 1.225636
30 83 85 84 30 40 1.223867
30 86 88 87 30 41 1.221492
30 89 91 90 30 42 1.220913
30 92 94 93 30 43 1.219204
30 95 97 96 30 44 1.219204
30 98 100 99 30 45 1.216817
30 101 103 102 30 46 1.208669
30 104 109 107 30 47 1.197106
30 110 115 113 30 48 1.197106
30 116 121 119 30 49 1.182674
30 122 127 125 30 50 1.166413
30 128 133 131 30 51 1.161846
30 134 139 137 30 52 1.158942
30 140 145 143 30 53 1.148773
30 146 151 149 30 54 1.144820
30 152 157 155 30 55 1.143037
30 158 163 161 30 56 1.142921
30 164 169 167 30 57 1.142199
30 170 175 173 30 58 1.142766
30 176 181 179 30 59 1.142290
30 182 187 185 30 60 1.142195
30 188 193 191 30 61 1.142195
30 194 254 224 30 62 1.135144
30 255 255 255 30 63 1.134773
31 0 0 0 31 0 1.000000   # ieta [32], pt 0
31 15 15 15 31 1 1.694940
31 16 16 16 31 2 1.651255
31 17 17 17 31 3 1.584733
31 18 18 18 31 4 1.536882
31 19 19 19 31 5 1.498891
31 20 20 20 31 6 1.477496
31 21 21 21 31 7 1.433130
31 22 22 22 31 8 1.401050
31 23 23 23 31 9 1.376729
31 24 24 24 31 10 1.367378
31 25 25 25 31 11 1.360806
31 26 26 26 31 12 1.336809
31 27 27 27 31 13 1.326018
31 28 28 28 31 14 1.280502
31 29 29 29 31 15 1.282212
31 30 30 30 31 16 1.275380
31 31 31 31 31 17 1.281795
31 32 33 33 31 18 1.280615
31 34 35 35 31 19 1.260593
31 36 37 37 31 20 1.247143
31 38 39 39 31 21 1.242189
31 40 41 41 31 22 1.231449
31 42 43 43 31 23 1.226103
31 44 45 45 31 24 1.224478
31 46 47 47 31 25 1.224404
31 48 49 49 31 26 1.224218
31 50 51 51 31 27 1.222705
31 52 53 53 31 28 1.222125
31 54 55 55 31 29 1.206414
31 56 57 57 31 30 1.202695
31 58 59 59 31 31 1.194445
31 60 61 61 31 32 1.187642
31 62 64 63 31 33 1.184695
31 65 67 66 31 34 1.175450
31 68 70 69 31 35 1.172873
31 71 73 72 31 36 1.169665
31 74 76 75 31 37 1.168944
31 77 79 78 31 38 1.166840
31 80 82 81 31 39 1.144595
31 83 85 84 31 40 1.140258
31 86 88 87 31 41 1.137883
31 89 91 90 31 42 1.137304
31 92 94 93 31 43 1.135595
31 95 97 96 31 44 1.135595
31 98 100 99 31 45 1.133209
31 101 103 102 31 46 1.130066
31 104 109 107 31 47 1.122584
31 110 115 113 31 48 1.114430
31 116 121 119 31 49 1.106266
31 122 127 125 31 50 1.100796
31 128 133 131 31 51 1.097377
31 134 139 137 31 52 1.094278
31 140 145 143 31 53 1.088419
31 146 151 149 31 54 1.087670
31 152 157 155 31 55 1.086135
31 158 163 161 31 56 1.086297
31 164 169 167 31 57 1.085575
31 170 175 173 31 58 1.086143
31 176 181 179 31 59 1.085666
31 182 187 185 31 60 1.085294
31 188 193 191 31 61 1.083911
31 194 254 224 31 62 1.078244
31 255 255 255 31 63 1.077920
32 0 0 0 32 0 1.000000   # ieta [33], pt 0
32 15 15 15 32 1 1.611212
32 16 16 16 32 2 1.544253
32 17 17 17 32 3 1.487903
32 18 18 18 32 4 1.448079
32 19 19 19 32 5 1.417666
32 20 20 20 32 6 1.413237
32 21 21 21 32 7 1.367041
32 22 22 22 32 8 1.350315
32 23 23 23 32 9 1.318482
32 24 24 24 32 10 1.305265
32 25 25 25 32 11 1.298865
32 26 26 26 32 12 1.270036
32 27 27 27 32 13 1.266522
32 28 28 28 32 14 1.234038
32 29 29 29 32 15 1.236503
32 30 30 30 32 16 1.230422
32 31 31 31 32 17 1.208086
32 32 33 33 32 18 1.193654
32 34 35 35 32 19 1.176393
32 36 37 37 32 20 1.169465
32 38 39 39 32 21 1.165651
32 40 41 41 32 22 1.159862
32 42 43 43 32 23 1.160854
32 44 45 45 32 24 1.151406
32 46 47 47 32 25 1.150228
32 48 49 49 32 26 1.150361
32 50 51 51 32 27 1.148848
32 52 53 53 32 28 1.148268
32 54 55 55 32 29 1.141099
32 56 57 57 32 30 1.139838
32 58 59 59 32 31 1.129015
32 60 61 61 32 32 1.124422
32 62 64 63 32 33 1.120662
32 65 67 66 32 34 1.109471
32 68 70 69 32 35 1.105963
32 71 73 72 32 36 1.103779
32 74 76 75 32 37 1.104211
32 77 79 78 32 38 1.103172
32 80 82 81 32 39 1.099411
32 83 85 84 32 40 1.096107
32 86 88 87 32 41 1.094892
32 89 91 90 32 42 1.094892
32 92 94 93 32 43 1.093183
32 95 97 96 32 44 1.093183
32 98 100 99 32 45 1.092781
32 101 103 102 32 46 1.091991
32 104 109 107 32 47 1.087232
32 110 115 113 32 48 1.078522
32 116 121 119 32 49 1.066343
32 122 127 125 32 50 1.056994
32 128 133 131 32 51 1.052005
32 134 139 137 32 52 1.049604
32 140 145 143 32 53 1.046498
32 146 151 149 32 54 1.046112
32 152 157 155 32 55 1.044577
32 158 163 161 32 56 1.044738
32 164 169 167 32 57 1.044017
32 170 175 173 32 58 1.044584
32 176 181 179 32 59 1.044108
32 182 187 185 32 60 1.043736
32 188 193 191 32 61 1.042352
32 194 254 224 32 62 1.038315
32 255 255 255 32 63 1.038310
33 0 0 0 33 0 1.000000   # ieta [34], pt 0
33 15 15 15 33 1 1.588580
33 16 16 16 33 2 1.521620
33 17 17 17 33 3 1.465271
33 18 18 18 33 4 1.425447
33 19 19 19 33 5 1.395034
33 20 20 20 33 6 1.388655
33 21 21 21 33 7 1.339907
33 22 22 22 33 8 1.329221
33 23 23 23 33 9 1.302251
33 24 24 24 33 10 1.292094
33 25 25 25 33 11 1.285694
33 26 26 26 33 12 1.253916
33 27 27 27 33 13 1.250402
33 28 28 28 33 14 1.215116
33 29 29 29 33 15 1.217582
33 30 30 30 33 16 1.211500
33 31 31 31 33 17 1.185768
33 32 33 33 33 18 1.171565
33 34 35 35 33 19 1.148743
33 36 37 37 33 20 1.141868
33 38 39 39 33 21 1.139570
33 40 41 41 33 22 1.139232
33 42 43 43 33 23 1.139191
33 44 45 45 33 24 1.133141
33 46 47 47 33 25 1.131963
33 48 49 49 33 26 1.132097
33 50 51 51 33 27 1.131675
33 52 53 53 33 28 1.131095
33 54 55 55 33 29 1.123926
33 56 57 57 33 30 1.120381
33 58 59 59 33 31 1.108680
33 60 61 61 33 32 1.103329
33 62 64 63 33 33 1.098812
33 65 67 66 33 34 1.087865
33 68 70 69 33 35 1.084845
33 71 73 72 33 36 1.082660
33 74 76 75 33 37 1.084203
33 77 79 78 33 38 1.082903
33 80 82 81 33 39 1.078623
33 83 85 84 33 40 1.075489
33 86 88 87 33 41 1.074613
33 89 91 90 33 42 1.074613
33 92 94 93 33 43 1.073843
33 95 97 96 33 44 1.073843
33 98 100 99 33 45 1.073440
33 101 103 102 33 46 1.072651
33 104 109 107 33 47 1.068594
33 110 115 113 33 48 1.061759
33 116 121 119 33 49 1.050165
33 122 127 125 33 50 1.040816
33 128 133 131 33 51 1.036100
33 134 139 137 33 52 1.035310
33 140 145 143 33 53 1.034360
33 146 151 149 33 54 1.035012
33 152 157 155 33 55 1.033477
33 158 163 161 33 56 1.033638
33 164 169 167 33 57 1.033675
33 170 175 173 33 58 1.034242
33 176 181 179 33 59 1.033766
33 182 187 185 33 60 1.033394
33 188 193 191 33 61 1.032010
33 194 254 224 33 62 1.027973
33 255 255 255 33 63 1.027968
34 0 0 0 34 0 1.000000   # ieta [35], pt 0
34 15 15 15 34 1 1.588580
34 16 16 16 34 2 1.521620
34 17 17 17 34 3 1.465271
34 18 18 18 34 4 1.425447
34 19 19 19 34 5 1.395034
34 20 20 20 34 6 1.388655
34 21 21 21 34 7 1.339907
34 22 22 22 34 8 1.329221
34 23 23 23 34 9 1.302251
34 24 24 24 34 10 1.292094
34 25 25 25 34 11 1.285694
34 26 26 26 34 12 1.253916
34 27 27 27 34 13 1.250402
34 28 28 28 34 14 1.215116
34 29 29 29 34 15 1.217582
34 30 30 30 34 16 1.211500
34 31 31 31 34 17 1.185768
34 32 33 33 34 18 1.171565
34 34 35 35 34 19 1.148743
34 36 37 37 34 20 1.141868
34 38 39 39 34 21 1.139570
34 40 41 41 34 22 1.136309
34 42 43 43 34 23 1.137966
34 44 45 45 34 24 1.131916
34 46 47 47 34 25 1.130738
34 48 49 49 34 26 1.130871
34 50 51 51 34 27 1.130450
34 52 53 53 34 28 1.129869
34 54 55 55 34 29 1.122700
34 56 57 57 34 30 1.119156
34 58 59 59 34 31 1.107455
34 60 61 61 34 32 1.101822
34 62 64 63 34 33 1.097305
34 65 67 66 34 34 1.086358
34 68 70 69 34 35 1.083337
34 71 73 72 34 36 1.081153
34 74 76 75 34 37 1.082696
34 77 79 78 34 38 1.081396
34 80 82 81 34 39 1.077116
34 83 85 84 34 40 1.073982
34 86 88 87 34 41 1.073105
34 89 91 90 34 42 1.072195
34 92 94 93 34 43 1.072228
34 95 97 96 34 44 1.070960
34 98 100 99 34 45 1.070557
34 101 103 102 34 46 1.069768
34 104 109 107 34 47 1.065432
34 110 115 113 34 48 1.058315
34 116 121 119 34 49 1.046459
34 122 127 125 34 50 1.035794
34 128 133 131 34 51 1.029209
34 134 139 137 34 52 1.028044
34 140 145 143 34 53 1.027095
34 146 151 149 34 54 1.027746
34 152 157 155 34 55 1.026472
34 158 163 161 34 56 1.026894
34 164 169 167 34 57 1.026931
34 170 175 173 34 58 1.027498
34 176 181 179 34 59 1.027022
34 182 187 185 34 60 1.026926
34 188 193 191 34 61 1.026926
34 194 254 224 34 62 1.023839
34 255 255 255 34 63 1.021355
35 0 0 0 35 0 1.000000   # ieta [36], pt 0
35 15 15 15 35 1 1.598322
35 16 16 16 35 2 1.531362
35 17 17 17 35 3 1.475013
35 18 18 18 35 4 1.435189
35 19 19 19 35 5 1.404776
35 20 20 20 35 6 1.397185
35 21 21 21 35 7 1.348437
35 22 22 22 35 8 1.335307
35 23 23 23 35 9 1.308338
35 24 24 24 35 10 1.299242
35 25 25 25 35 11 1.292842
35 26 26 26 35 12 1.261064
35 27 27 27 35 13 1.257551
35 28 28 28 35 14 1.219470
35 29 29 29 35 15 1.221935
35 30 30 30 35 16 1.215854
35 31 31 31 35 17 1.190122
35 32 33 33 35 18 1.174650
35 34 35 35 35 19 1.151828
35 36 37 37 35 20 1.144332
35 38 39 39 35 21 1.141412
35 40 41 41 35 22 1.137230
35 42 43 43 35 23 1.137966
35 44 45 45 35 24 1.131916
35 46 47 47 35 25 1.130738
35 48 49 49 35 26 1.130871
35 50 51 51 35 27 1.130450
35 52 53 53 35 28 1.129869
35 54 55 55 35 29 1.122700
35 56 57 57 35 30 1.119156
35 58 59 59 35 31 1.107455
35 60 61 61 35 32 1.101822
35 62 64 63 35 33 1.097305
35 65 67 66 35 34 1.086358
35 68 70 69 35 35 1.083337
35 71 73 72 35 36 1.081153
35 74 76 75 35 37 1.082696
35 77 79 78 35 38 1.081396
35 80 82 81 35 39 1.077116
35 83 85 84 35 40 1.073982
35 86 88 87 35 41 1.073105
35 89 91 90 35 42 1.072195
35 92 94 93 35 43 1.072228
35 95 97 96 35 44 1.070960
35 98 100 99 35 45 1.070557
35 101 103 102 35 46 1.069768
35 104 109 107 35 47 1.065432
35 110 115 113 35 48 1.058315
35 116 121 119 35 49 1.046459
35 122 127 125 35 50 1.035794
35 128 133 131 35 51 1.029209
35 134 139 137 35 52 1.028044
35 140 145 143 35 53 1.027095
35 146 151 149 35 54 1.027746
35 152 157 155 35 55 1.026472
35 158 163 161 35 56 1.026894
35 164 169 167 35 57 1.026931
35 170 175 173 35 58 1.027498
35 176 181 179 35 59 1.027022
35 182 187 185 35 60 1.026926
35 188 193 191 35 61 1.026926
35 194 254 224 35 62 1.023839
35 255 255 255 35 63 1.021355
36 0 0 0 36 0 1.000000   # ieta [37], pt 0
36 15 15 15 36 1 1.598322
36 16 16 16 36 2 1.531362
36 17 17 17 36 3 1.475013
36 18 18 18 36 4 1.435189
36 19 19 19 36 5 1.404776
36 20 20 20 36 6 1.397185
36 21 21 21 36 7 1.349200
36 22 22 22 36 8 1.336070
36 23 23 23 36 9 1.309101
36 24 24 24 36 10 1.303250
36 25 25 25 36 11 1.296850
36 26 26 26 36 12 1.261827
36 27 27 27 36 13 1.258314
36 28 28 28 36 14 1.220233
36 29 29 29 36 15 1.222698
36 30 30 30 36 16 1.216617
36 31 31 31 36 17 1.190885
36 32 33 33 36 18 1.175413
36 34 35 35 36 19 1.152591
36 36 37 37 36 20 1.145095
36 38 39 39 36 21 1.142176
36 40 41 41 36 22 1.137993
36 42 43 43 36 23 1.138729
36 44 45 45 36 24 1.132679
36 46 47 47 36 25 1.131501
36 48 49 49 36 26 1.131634
36 50 51 51 36 27 1.131213
36 52 53 53 36 28 1.130632
36 54 55 55 36 29 1.123463
36 56 57 57 36 30 1.119919
36 58 59 59 36 31 1.108218
36 60 61 61 36 32 1.102585
36 62 64 63 36 33 1.098068
36 65 67 66 36 34 1.087121
36 68 70 69 36 35 1.084101
36 71 73 72 36 36 1.081916
36 74 76 75 36 37 1.083459
36 77 79 78 36 38 1.081905
36 80 82 81 36 39 1.077116
36 83 85 84 36 40 1.073982
36 86 88 87 36 41 1.073105
36 89 91 90 36 42 1.072195
36 92 94 93 36 43 1.072228
36 95 97 96 36 44 1.070960
36 98 100 99 36 45 1.070557
36 101 103 102 36 46 1.069768
36 104 109 107 36 47 1.065432
36 110 115 113 36 48 1.058315
36 116 121 119 36 49 1.046459
36 122 127 125 36 50 1.035794
36 128 133 131 36 51 1.029209
36 134 139 137 36 52 1.028044
36 140 145 143 36 53 1.027095
36 146 151 149 36 54 1.027746
36 152 157 155 36 55 1.026472
36 158 163 161 36 56 1.026894
36 164 169 167 36 57 1.026931
36 170 175 173 36 58 1.027498
36 176 181 179 36 59 1.027022
36 182 187 185 36 60 1.026926
36 188 193 191 36 61 1.026926
36 194 254 224 36 62 1.023839
36 255 255 255 36 63 1.021355
37 0 0 0 37 0 1.000000   # ieta [38], pt 0
37 15 15 15 37 1 1.598322
37 16 16 16 37 2 1.531362
37 17 17 17 37 3 1.475013
37 18 18 18 37 4 1.435189
37 19 19 19 37 5 1.404776
37 20 20 20 37 6 1.398667
37 21 21 21 37 7 1.352271
37 22 22 22 37 8 1.339142
37 23 23 23 37 9 1.312172
37 24 24 24 37 10 1.307767
37 25 25 25 37 11 1.301367
37 26 26 26 37 12 1.269202
37 27 27 27 37 13 1.265688
37 28 28 28 37 14 1.227607
37 29 29 29 37 15 1.231543
37 30 30 30 37 16 1.225461
37 31 31 31 37 17 1.199730
37 32 33 33 37 18 1.182812
37 34 35 35 37 19 1.159990
37 36 37 37 37 20 1.152494
37 38 39 39 37 21 1.148295
37 40 41 41 37 22 1.142098
37 42 43 43 37 23 1.142100
37 44 45 45 37 24 1.134460
37 46 47 47 37 25 1.133282
37 48 49 49 37 26 1.133415
37 50 51 51 37 27 1.131512
37 52 53 53 37 28 1.130931
37 54 55 55 37 29 1.123762
37 56 57 57 37 30 1.120218
37 58 59 59 37 31 1.108516
37 60 61 61 37 32 1.102884
37 62 64 63 37 33 1.098367
37 65 67 66 37 34 1.087420
37 68 70 69 37 35 1.084399
37 71 73 72 37 36 1.082215
37 74 76 75 37 37 1.083459
37 77 79 78 37 38 1.081905
37 80 82 81 37 39 1.077116
37 83 85 84 37 40 1.073982
37 86 88 87 37 41 1.073105
37 89 91 90 37 42 1.072195
37 92 94 93 37 43 1.072228
37 95 97 96 37 44 1.070960
37 98 100 99 37 45 1.070557
37 101 103 102 37 46 1.069768
37 104 109 107 37 47 1.065432
37 110 115 113 37 48 1.058315
37 116 121 119 37 49 1.046459
37 122 127 125 37 50 1.035794
37 128 133 131 37 51 1.029209
37 134 139 137 37 52 1.028044
37 140 145 143 37 53 1.027095
37 146 151 149 37 54 1.027746
37 152 157 155 37 55 1.026472
37 158 163 161 37 56 1.026894
37 164 169 167 37 57 1.026931
37 170 175 173 37 58 1.027498
37 176 181 179 37 59 1.027022
37 182 187 185 37 60 1.026926
37 188 193 191 37 61 1.026926
37 194 254 224 37 62 1.023839
37 255 255 255 37 63 1.021355
38 0 0 0 38 0 1.000000   # ieta [39], pt 0
38 15 15 15 38 1 1.906560
38 16 16 16 38 2 1.839600
38 17 17 17 38 3 1.726209
38 18 18 18 38 4 1.688832
38 19 19 19 38 5 1.621175
38 20 20 20 38 6 1.615066
38 21 21 21 38 7 1.530129
38 22 22 22 38 8 1.475728
38 23 23 23 38 9 1.447168
38 24 24 24 38 10 1.429526
38 25 25 25 38 11 1.359003
38 26 26 26 38 12 1.333445
38 27 27 27 38 13 1.329931
38 28 28 28 38 14 1.278816
38 29 29 29 38 15 1.282239
38 30 30 30 38 16 1.281749
38 31 31 31 38 17 1.265504
38 32 33 33 38 18 1.248587
38 34 35 35 38 19 1.211610
38 36 37 37 38 20 1.188717
38 38 39 39 38 21 1.178700
38 40 41 41 38 22 1.171083
38 42 43 43 38 23 1.169663
38 44 45 45 38 24 1.163318
38 46 47 47 38 25 1.162140
38 48 49 49 38 26 1.162273
38 50 51 51 38 27 1.160370
38 52 53 53 38 28 1.159790
38 54 55 55 38 29 1.152621
38 56 57 57 38 30 1.147542
38 58 59 59 38 31 1.116579
38 60 61 61 38 32 1.110947
38 62 64 63 38 33 1.106430
38 65 67 66 38 34 1.096271
38 68 70 69 38 35 1.094827
38 71 73 72 38 36 1.092643
38 74 76 75 38 37 1.093887
38 77 79 78 38 38 1.090469
38 80 82 81 38 39 1.078457
38 83 85 84 38 40 1.074557
38 86 88 87 38 41 1.075643
38 89 91 90 38 42 1.074733
38 92 94 93 38 43 1.072228
38 95 97 96 38 44 1.070960
38 98 100 99 38 45 1.070557
38 101 103 102 38 46 1.069768
38 104 109 107 38 47 1.065432
38 110 115 113 38 48 1.058315
38 116 121 119 38 49 1.046459
38 122 127 125 38 50 1.035794
38 128 133 131 38 51 1.029209
38 134 139 137 38 52 1.028044
38 140 145 143 38 53 1.027095
38 146 151 149 38 54 1.027746
38 152 157 155 38 55 1.026472
38 158 163 161 38 56 1.026894
38 164 169 167 38 57 1.026931
38 170 175 173 38 58 1.027498
38 176 181 179 38 59 1.027022
38 182 187 185 38 60 1.026926
38 188 193 191 38 61 1.026926
38 194 254 224 38 62 1.023839
38 255 255 255 38 63 1.021355
39 0 0 0 39 0 1.000000   # ieta [40], pt 0
39 15 15 15 39 1 1.906560
39 16 16 16 39 2 1.839600
39 17 17 17 39 3 1.720066
39 18 18 18 39 4 1.682689
39 19 19 19 39 5 1.637683
39 20 20 20 39 6 1.700422
39 21 21 21 39 7 1.577160
39 22 22 22 39 8 1.522759
39 23 23 23 39 9 1.511336
39 24 24 24 39 10 1.497003
39 25 25 25 39 11 1.429266
39 26 26 26 39 12 1.399323
39 27 27 27 39 13 1.395809
39 28 28 28 39 14 1.349079
39 29 29 29 39 15 1.351747
39 30 30 30 39 16 1.338301
39 31 31 31 39 17 1.322055
39 32 33 33 39 18 1.309689
39 34 35 35 39 19 1.297009
39 36 37 37 39 20 1.282728
39 38 39 39 39 21 1.272711
39 40 41 41 39 22 1.270403
39 42 43 43 39 23 1.274293
39 44 45 45 39 24 1.254366
39 46 47 47 39 25 1.235767
39 48 49 49 39 26 1.230825
39 50 51 51 39 27 1.217927
39 52 53 53 39 28 1.217346
39 54 55 55 39 29 1.210177
39 56 57 57 39 30 1.202619
39 58 59 59 39 31 1.169177
39 60 61 61 39 32 1.161313
39 62 64 63 39 33 1.154563
39 65 67 66 39 34 1.142943
39 68 70 69 39 35 1.138576
39 71 73 72 39 36 1.136391
39 74 76 75 39 37 1.137635
39 77 79 78 39 38 1.133258
39 80 82 81 39 39 1.119327
39 83 85 84 39 40 1.114209
39 86 88 87 39 41 1.112859
39 89 91 90 39 42 1.111085
39 92 94 93 39 43 1.106852
39 95 97 96 39 44 1.105583
39 98 100 99 39 45 1.105181
39 101 103 102 39 46 1.104391
39 104 109 107 39 47 1.100055
39 110 115 113 39 48 1.092939
39 116 121 119 39 49 1.081082
39 122 127 125 39 50 1.070418
39 128 133 131 39 51 1.060280
39 134 139 137 39 52 1.059116
39 140 145 143 39 53 1.058166
39 146 151 149 39 54 1.058818
39 152 157 155 39 55 1.057544
39 158 163 161 39 56 1.057966
39 164 169 167 39 57 1.058003
39 170 175 173 39 58 1.058570
39 176 181 179 39 59 1.058094
39 182 187 185 39 60 1.057998
39 188 193 191 39 61 1.057998
39 194 254 224 39 62 1.054911
39 255 255 255 39 63 1.052427
