# address to addend+multiplicative factor LUT
# maps 12 bits to 18 bits
# 18 bits = (addend<<10) + multiplier)
# addend is signed 8 bits, multiplier is 10 bits
# anything after # is ignored with the exception of the header
# the header is first valid line starting with #<header> versionStr nrBitsAddress nrBitsData </header>
#<header> v1 12 18 </header>
0 512  # compresses ieta bin 0, pt 0
1 20479
2 21503
3 22527
4 24575
5 25599
6 26623
7 27647
8 28671
9 27647
10 26623
11 26623
12 26623
13 26623
14 25599
15 25599
16 25599
17 23551
18 22527
19 21503
20 20479
21 18431
22 17407
23 15359
24 13311
25 11263
26 9215
27 8191
28 6143
29 3071
30 1022
31 1013
32 1006
33 998
34 988
35 974
36 966
37 961
38 950
39 943
40 934
41 928
42 923
43 913
44 905
45 901
46 897
47 887
48 881
49 873
50 864
51 857
52 850
53 843
54 838
55 830
56 826
57 821
58 816
59 813
60 810
61 809
62 793
63 782
64 512  # compresses ieta bin 1, pt 0
65 20479
66 21503
67 22527
68 24575
69 25599
70 26623
71 27647
72 28671
73 28671
74 27647
75 26623
76 26623
77 27647
78 26623
79 26623
80 26623
81 24575
82 23551
83 21503
84 21503
85 19455
86 18431
87 16383
88 13311
89 12287
90 10239
91 8191
92 7167
93 4095
94 2047
95 1018
96 1010
97 1002
98 991
99 978
100 969
101 964
102 954
103 947
104 940
105 931
106 926
107 915
108 908
109 904
110 900
111 892
112 885
113 875
114 868
115 861
116 853
117 848
118 843
119 837
120 833
121 826
122 822
123 820
124 817
125 816
126 796
127 790
128 512  # compresses ieta bin 2, pt 0
129 20479
130 21503
131 22527
132 24575
133 25599
134 26623
135 27647
136 28671
137 28671
138 27647
139 26623
140 27647
141 27647
142 26623
143 26623
144 26623
145 24575
146 23551
147 22527
148 21503
149 19455
150 18431
151 16383
152 14335
153 12287
154 10239
155 9215
156 7167
157 4095
158 3071
159 1018
160 1014
161 1006
162 995
163 982
164 973
165 964
166 957
167 950
168 940
169 934
170 929
171 918
172 911
173 907
174 905
175 894
176 887
177 879
178 870
179 863
180 855
181 850
182 845
183 837
184 833
185 827
186 824
187 820
188 817
189 816
190 797
191 790
192 512  # compresses ieta bin 3, pt 0
193 20479
194 21503
195 22527
196 24575
197 25599
198 26623
199 27647
200 28671
201 29695
202 28671
203 27647
204 28671
205 28671
206 27647
207 27647
208 28671
209 25599
210 25599
211 23551
212 22527
213 21503
214 20479
215 18431
216 15359
217 14335
218 12287
219 11263
220 9215
221 6143
222 5119
223 3071
224 1022
225 1014
226 1007
227 993
228 983
229 975
230 963
231 956
232 949
233 940
234 934
235 926
236 919
237 914
238 910
239 901
240 892
241 884
242 876
243 869
244 861
245 855
246 850
247 842
248 837
249 832
250 827
251 825
252 820
253 818
254 798
255 791
256 512  # compresses ieta bin 4, pt 0
257 20479
258 21503
259 22527
260 24575
261 25599
262 26623
263 27647
264 28671
265 29695
266 28671
267 28671
268 28671
269 28671
270 27647
271 27647
272 28671
273 25599
274 25599
275 23551
276 22527
277 21503
278 20479
279 18431
280 15359
281 14335
282 12287
283 11263
284 9215
285 6143
286 5119
287 3071
288 1022
289 1014
290 1007
291 993
292 983
293 975
294 963
295 956
296 949
297 940
298 934
299 926
300 919
301 914
302 910
303 901
304 892
305 884
306 876
307 869
308 861
309 855
310 850
311 842
312 837
313 832
314 827
315 825
316 820
317 818
318 798
319 791
320 512  # compresses ieta bin 5, pt 0
321 20479
322 21503
323 22527
324 24575
325 25599
326 26623
327 27647
328 28671
329 30719
330 29695
331 29695
332 28671
333 29695
334 27647
335 27647
336 28671
337 25599
338 25599
339 23551
340 22527
341 21503
342 20479
343 18431
344 16383
345 14335
346 13311
347 11263
348 10239
349 6143
350 5119
351 3071
352 1022
353 1018
354 1007
355 993
356 983
357 975
358 963
359 956
360 949
361 943
362 935
363 926
364 919
365 914
366 910
367 901
368 894
369 884
370 878
371 869
372 863
373 855
374 850
375 842
376 839
377 832
378 828
379 825
380 821
381 818
382 799
383 792
384 512  # compresses ieta bin 6, pt 0
385 20479
386 21503
387 22527
388 24575
389 25599
390 26623
391 27647
392 28671
393 30719
394 29695
395 29695
396 28671
397 29695
398 27647
399 27647
400 28671
401 25599
402 25599
403 23551
404 22527
405 21503
406 20479
407 18431
408 15359
409 14335
410 12287
411 11263
412 9215
413 6143
414 5119
415 3071
416 1022
417 1014
418 1007
419 993
420 983
421 975
422 963
423 956
424 947
425 940
426 934
427 924
428 916
429 914
430 910
431 899
432 892
433 884
434 876
435 869
436 861
437 855
438 850
439 842
440 837
441 830
442 827
443 823
444 820
445 818
446 798
447 791
448 512  # compresses ieta bin 7, pt 0
449 20479
450 21503
451 22527
452 24575
453 25599
454 26623
455 27647
456 28671
457 30719
458 29695
459 29695
460 28671
461 29695
462 27647
463 27647
464 28671
465 25599
466 25599
467 23551
468 22527
469 21503
470 20479
471 18431
472 15359
473 14335
474 12287
475 11263
476 9215
477 6143
478 5119
479 3071
480 1022
481 1014
482 1007
483 993
484 983
485 975
486 963
487 956
488 947
489 940
490 934
491 924
492 916
493 914
494 910
495 899
496 892
497 884
498 876
499 869
500 861
501 855
502 848
503 842
504 837
505 830
506 827
507 823
508 820
509 817
510 798
511 790
512 512  # compresses ieta bin 8, pt 0
513 20479
514 21503
515 22527
516 24575
517 25599
518 26623
519 27647
520 28671
521 30719
522 30719
523 29695
524 28671
525 29695
526 28671
527 28671
528 28671
529 26623
530 26623
531 25599
532 24575
533 23551
534 22527
535 19455
536 17407
537 16383
538 14335
539 12287
540 10239
541 7167
542 6143
543 3071
544 2046
545 1018
546 1007
547 997
548 983
549 975
550 963
551 956
552 949
553 943
554 937
555 926
556 919
557 914
558 913
559 901
560 892
561 884
562 876
563 869
564 861
565 855
566 850
567 842
568 837
569 830
570 827
571 823
572 820
573 818
574 798
575 790
576 512  # compresses ieta bin 9, pt 0
577 20479
578 21503
579 22527
580 24575
581 25599
582 26623
583 27647
584 28671
585 30719
586 31743
587 31743
588 30719
589 31743
590 30719
591 30719
592 30719
593 28671
594 27647
595 26623
596 25599
597 23551
598 22527
599 20479
600 18431
601 16383
602 15359
603 13311
604 11263
605 8191
606 7167
607 5119
608 3071
609 1022
610 1011
611 1000
612 990
613 982
614 973
615 966
616 958
617 952
618 949
619 937
620 929
621 925
622 920
623 908
624 901
625 892
626 884
627 875
628 868
629 861
630 855
631 845
632 842
633 835
634 830
635 826
636 823
637 821
638 802
639 795
640 512  # compresses ieta bin 10, pt 0
641 20479
642 21503
643 22527
644 24575
645 25599
646 26623
647 27647
648 28671
649 30719
650 31743
651 32767
652 32767
653 32767
654 30719
655 30719
656 31743
657 29695
658 29695
659 27647
660 27647
661 25599
662 25599
663 23551
664 21503
665 20479
666 19455
667 17407
668 15359
669 13311
670 11263
671 9215
672 7167
673 5119
674 2047
675 1015
676 1005
677 992
678 980
679 972
680 965
681 958
682 954
683 943
684 935
685 930
686 928
687 915
688 908
689 896
690 888
691 881
692 874
693 868
694 860
695 852
696 849
697 843
698 837
699 833
700 830
701 828
702 811
703 804
704 512  # compresses ieta bin 11, pt 0
705 20479
706 21503
707 22527
708 24575
709 25599
710 26623
711 27647
712 28671
713 30719
714 31743
715 32767
716 33791
717 33791
718 32767
719 32767
720 33791
721 31743
722 31743
723 30719
724 30719
725 29695
726 29695
727 27647
728 24575
729 23551
730 21503
731 19455
732 18431
733 15359
734 13311
735 11263
736 8191
737 6143
738 3071
739 1019
740 1008
741 999
742 986
743 981
744 971
745 967
746 963
747 951
748 943
749 938
750 935
751 925
752 915
753 905
754 896
755 889
756 880
757 871
758 865
759 857
760 852
761 846
762 840
763 838
764 833
765 832
766 814
767 808
768 512  # compresses ieta bin 12, pt 0
769 20479
770 21503
771 22527
772 24575
773 25599
774 26623
775 27647
776 28671
777 30719
778 31743
779 32767
780 33791
781 34815
782 35839
783 35839
784 36863
785 35839
786 34815
787 32767
788 32767
789 30719
790 30719
791 29695
792 27647
793 26623
794 24575
795 22527
796 21503
797 19455
798 17407
799 16383
800 13311
801 11263
802 9215
803 5119
804 1023
805 1012
806 1003
807 994
808 986
809 981
810 974
811 963
812 954
813 951
814 948
815 937
816 928
817 916
818 907
819 898
820 889
821 880
822 876
823 867
824 860
825 853
826 847
827 845
828 841
829 839
830 821
831 814
832 512  # compresses ieta bin 13, pt 0
833 20479
834 21503
835 22527
836 24575
837 25599
838 26623
839 27647
840 28671
841 30719
842 31743
843 32767
844 33791
845 34815
846 36863
847 37887
848 38911
849 38911
850 37887
851 36863
852 35839
853 34815
854 34815
855 33791
856 30719
857 29695
858 28671
859 26623
860 25599
861 22527
862 20479
863 18431
864 17407
865 15359
866 14335
867 11263
868 8191
869 5119
870 1022
871 1016
872 1004
873 999
874 994
875 981
876 972
877 969
878 963
879 954
880 939
881 927
882 919
883 912
884 904
885 896
886 895
887 885
888 877
889 870
890 865
891 862
892 856
893 855
894 836
895 829
896 512  # compresses ieta bin 14, pt 0
897 20479
898 21503
899 22527
900 24575
901 25599
902 26623
903 27647
904 28671
905 30719
906 31743
907 32767
908 33791
909 34815
910 36863
911 37887
912 38911
913 39935
914 40959
915 39935
916 38911
917 37887
918 37887
919 36863
920 34815
921 33791
922 31743
923 30719
924 30719
925 27647
926 26623
927 24575
928 23551
929 23551
930 20479
931 16383
932 14335
933 12287
934 8191
935 6143
936 2047
937 1017
938 1011
939 998
940 988
941 984
942 978
943 966
944 953
945 944
946 935
947 926
948 915
949 911
950 908
951 900
952 892
953 886
954 881
955 878
956 873
957 871
958 851
959 844
960 512  # compresses ieta bin 15, pt 0
961 20479
962 21503
963 22527
964 24575
965 25599
966 26623
967 27647
968 28671
969 30719
970 31743
971 32767
972 33791
973 34815
974 36863
975 37887
976 38911
977 39935
978 43007
979 44031
980 44031
981 43007
982 44031
983 43007
984 40959
985 38911
986 36863
987 36863
988 36863
989 32767
990 32767
991 30719
992 30719
993 29695
994 27647
995 24575
996 22527
997 20479
998 18431
999 16383
1000 12287
1001 10239
1002 7167
1003 3071
1004 1020
1005 1018
1006 1015
1007 1002
1008 992
1009 980
1010 974
1011 965
1012 954
1013 950
1014 946
1015 938
1016 930
1017 922
1018 915
1019 909
1020 904
1021 902
1022 881
1023 873
1024 512  # compresses ieta bin 16, pt 0
1025 20479
1026 21503
1027 22527
1028 24575
1029 25599
1030 26623
1031 27647
1032 28671
1033 30719
1034 31743
1035 32767
1036 33791
1037 34815
1038 36863
1039 37887
1040 38911
1041 39935
1042 43007
1043 44031
1044 43007
1045 43007
1046 43007
1047 43007
1048 40959
1049 38911
1050 36863
1051 36863
1052 35839
1053 32767
1054 31743
1055 29695
1056 29695
1057 28671
1058 26623
1059 23551
1060 21503
1061 19455
1062 17407
1063 14335
1064 11263
1065 8191
1066 6143
1067 2047
1068 1017
1069 1015
1070 1010
1071 997
1072 987
1073 976
1074 970
1075 961
1076 951
1077 945
1078 941
1079 934
1080 925
1081 918
1082 911
1083 905
1084 900
1085 898
1086 876
1087 870
1088 512  # compresses ieta bin 17, pt 0
1089 20479
1090 21503
1091 22527
1092 24575
1093 25599
1094 26623
1095 27647
1096 28671
1097 30719
1098 31743
1099 32767
1100 33791
1101 34815
1102 32767
1103 33791
1104 34815
1105 32767
1106 31743
1107 29695
1108 28671
1109 26623
1110 26623
1111 23551
1112 20479
1113 20479
1114 18431
1115 16383
1116 15359
1117 12287
1118 11263
1119 8191
1120 6143
1121 4095
1122 2047
1123 1011
1124 998
1125 988
1126 977
1127 972
1128 962
1129 955
1130 952
1131 940
1132 929
1133 925
1134 920
1135 911
1136 901
1137 892
1138 886
1139 879
1140 872
1141 864
1142 859
1143 850
1144 844
1145 838
1146 834
1147 830
1148 827
1149 824
1150 806
1151 799
1152 512  # compresses ieta bin 18, pt 0
1153 20479
1154 21503
1155 22527
1156 24575
1157 25599
1158 26623
1159 27647
1160 28671
1161 30719
1162 31743
1163 32767
1164 32767
1165 32767
1166 31743
1167 31743
1168 31743
1169 30719
1170 29695
1171 27647
1172 25599
1173 23551
1174 22527
1175 19455
1176 16383
1177 15359
1178 13311
1179 11263
1180 9215
1181 7167
1182 5119
1183 2047
1184 1018
1185 1006
1186 999
1187 989
1188 980
1189 971
1190 960
1191 953
1192 946
1193 940
1194 934
1195 926
1196 916
1197 912
1198 908
1199 896
1200 887
1201 875
1202 866
1203 857
1204 850
1205 844
1206 836
1207 824
1208 820
1209 813
1210 807
1211 805
1212 801
1213 797
1214 778
1215 767
1216 512  # compresses ieta bin 19, pt 0
1217 20479
1218 21503
1219 22527
1220 24575
1221 25599
1222 26623
1223 27647
1224 28671
1225 30719
1226 31743
1227 30719
1228 30719
1229 31743
1230 28671
1231 28671
1232 28671
1233 27647
1234 26623
1235 24575
1236 23551
1237 21503
1238 20479
1239 17407
1240 14335
1241 13311
1242 11263
1243 9215
1244 7167
1245 4095
1246 3071
1247 1022
1248 1014
1249 1006
1250 995
1251 985
1252 976
1253 964
1254 954
1255 950
1256 940
1257 934
1258 932
1259 921
1260 911
1261 907
1262 903
1263 892
1264 883
1265 871
1266 860
1267 852
1268 844
1269 837
1270 829
1271 820
1272 818
1273 810
1274 806
1275 803
1276 799
1277 794
1278 777
1279 765
1280 512  # compresses ieta bin 20, pt 0
1281 20479
1282 21503
1283 22527
1284 24575
1285 25599
1286 26623
1287 27647
1288 28671
1289 30719
1290 29695
1291 27647
1292 26623
1293 27647
1294 25599
1295 24575
1296 24575
1297 23551
1298 23551
1299 22527
1300 20479
1301 19455
1302 18431
1303 15359
1304 12287
1305 12287
1306 10239
1307 7167
1308 6143
1309 2047
1310 1022
1311 1009
1312 1001
1313 994
1314 984
1315 971
1316 959
1317 951
1318 940
1319 931
1320 928
1321 923
1322 917
1323 907
1324 897
1325 894
1326 890
1327 877
1328 869
1329 858
1330 849
1331 842
1332 833
1333 827
1334 819
1335 812
1336 809
1337 801
1338 797
1339 792
1340 790
1341 785
1342 767
1343 757
1344 512  # compresses ieta bin 21, pt 0
1345 20479
1346 21503
1347 22527
1348 24575
1349 25599
1350 26623
1351 27647
1352 28671
1353 27647
1354 26623
1355 25599
1356 25599
1357 25599
1358 22527
1359 22527
1360 22527
1361 20479
1362 20479
1363 18431
1364 16383
1365 15359
1366 13311
1367 10239
1368 7167
1369 7167
1370 4095
1371 2047
1372 1017
1373 1008
1374 1000
1375 992
1376 980
1377 974
1378 960
1379 948
1380 937
1381 930
1382 921
1383 918
1384 913
1385 905
1386 900
1387 891
1388 881
1389 878
1390 872
1391 863
1392 856
1393 843
1394 833
1395 826
1396 820
1397 818
1398 810
1399 804
1400 801
1401 794
1402 791
1403 783
1404 780
1405 777
1406 761
1407 751
1408 512  # compresses ieta bin 22, pt 0
1409 20479
1410 21503
1411 22527
1412 24575
1413 25599
1414 25599
1415 25599
1416 25599
1417 24575
1418 23551
1419 22527
1420 22527
1421 21503
1422 19455
1423 19455
1424 19455
1425 17407
1426 15359
1427 13311
1428 11263
1429 9215
1430 7167
1431 4095
1432 1022
1433 1016
1434 1001
1435 992
1436 988
1437 975
1438 973
1439 961
1440 951
1441 949
1442 937
1443 926
1444 916
1445 910
1446 901
1447 893
1448 888
1449 881
1450 878
1451 866
1452 860
1453 855
1454 852
1455 841
1456 833
1457 821
1458 817
1459 809
1460 803
1461 798
1462 793
1463 786
1464 780
1465 775
1466 772
1467 763
1468 761
1469 758
1470 740
1471 732
1472 512  # compresses ieta bin 23, pt 0
1473 20479
1474 21503
1475 22527
1476 24575
1477 23551
1478 23551
1479 23551
1480 22527
1481 23551
1482 20479
1483 19455
1484 19455
1485 18431
1486 16383
1487 16383
1488 17407
1489 14335
1490 13311
1491 11263
1492 8191
1493 6143
1494 4095
1495 1021
1496 1004
1497 994
1498 980
1499 971
1500 964
1501 957
1502 955
1503 944
1504 934
1505 929
1506 918
1507 907
1508 902
1509 896
1510 885
1511 880
1512 873
1513 870
1514 866
1515 852
1516 847
1517 842
1518 837
1519 827
1520 819
1521 810
1522 804
1523 799
1524 792
1525 787
1526 781
1527 774
1528 769
1529 763
1530 762
1531 755
1532 751
1533 749
1534 733
1535 726
1536 512  # compresses ieta bin 24, pt 0
1537 20479
1538 21503
1539 22527
1540 24575
1541 23551
1542 23551
1543 23551
1544 22527
1545 23551
1546 21503
1547 19455
1548 19455
1549 18431
1550 16383
1551 16383
1552 17407
1553 14335
1554 13311
1555 11263
1556 8191
1557 6143
1558 4095
1559 1021
1560 1004
1561 990
1562 975
1563 971
1564 964
1565 952
1566 950
1567 940
1568 934
1569 925
1570 914
1571 904
1572 898
1573 893
1574 885
1575 877
1576 873
1577 867
1578 863
1579 852
1580 844
1581 842
1582 835
1583 825
1584 819
1585 808
1586 804
1587 799
1588 792
1589 787
1590 781
1591 772
1592 769
1593 763
1594 762
1595 753
1596 751
1597 749
1598 732
1599 726
1600 512  # compresses ieta bin 25, pt 0
1601 20479
1602 21503
1603 22527
1604 24575
1605 24575
1606 23551
1607 23551
1608 23551
1609 23551
1610 21503
1611 20479
1612 20479
1613 19455
1614 17407
1615 17407
1616 17407
1617 15359
1618 13311
1619 11263
1620 8191
1621 6143
1622 4095
1623 1021
1624 1004
1625 994
1626 980
1627 967
1628 959
1629 948
1630 946
1631 935
1632 926
1633 921
1634 910
1635 900
1636 894
1637 886
1638 875
1639 871
1640 864
1641 858
1642 852
1643 841
1644 834
1645 832
1646 825
1647 815
1648 808
1649 797
1650 792
1651 785
1652 779
1653 773
1654 767
1655 761
1656 756
1657 751
1658 748
1659 740
1660 737
1661 735
1662 719
1663 715
1664 512  # compresses ieta bin 26, pt 0
1665 20479
1666 21503
1667 22527
1668 24575
1669 25599
1670 26623
1671 27647
1672 28671
1673 30719
1674 29695
1675 27647
1676 26623
1677 26623
1678 24575
1679 24575
1680 24575
1681 21503
1682 20479
1683 17407
1684 14335
1685 12287
1686 9215
1687 6143
1688 3071
1689 1021
1690 1006
1691 996
1692 983
1693 971
1694 964
1695 953
1696 943
1697 937
1698 922
1699 911
1700 902
1701 896
1702 885
1703 880
1704 870
1705 867
1706 861
1707 847
1708 841
1709 837
1710 832
1711 820
1712 815
1713 804
1714 796
1715 789
1716 782
1717 776
1718 773
1719 764
1720 760
1721 754
1722 751
1723 743
1724 740
1725 738
1726 723
1727 719
1728 512  # compresses ieta bin 27, pt 0
1729 20479
1730 21503
1731 22527
1732 24575
1733 25599
1734 26623
1735 27647
1736 28671
1737 30719
1738 30719
1739 29695
1740 28671
1741 28671
1742 25599
1743 25599
1744 26623
1745 23551
1746 21503
1747 18431
1748 16383
1749 14335
1750 12287
1751 9215
1752 6143
1753 4095
1754 1021
1755 1011
1756 1002
1757 985
1758 977
1759 966
1760 955
1761 949
1762 933
1763 922
1764 916
1765 910
1766 898
1767 893
1768 882
1769 878
1770 872
1771 860
1772 855
1773 850
1774 845
1775 829
1776 824
1777 813
1778 806
1779 799
1780 794
1781 787
1782 783
1783 774
1784 771
1785 764
1786 762
1787 755
1788 751
1789 747
1790 732
1791 727
1792 512  # compresses ieta bin 28, pt 0
1793 9215
1794 9215
1795 6143
1796 5119
1797 3071
1798 1020
1799 996
1800 995
1801 976
1802 976
1803 958
1804 941
1805 934
1806 910
1807 914
1808 909
1809 896
1810 889
1811 874
1812 868
1813 870
1814 853
1815 843
1816 834
1817 831
1818 829
1819 826
1820 819
1821 812
1822 811
1823 805
1824 800
1825 799
1826 786
1827 770
1828 766
1829 753
1830 750
1831 748
1832 742
1833 737
1834 727
1835 725
1836 727
1837 726
1838 712
1839 707
1840 704
1841 703
1842 698
1843 685
1844 680
1845 680
1846 678
1847 677
1848 677
1849 677
1850 677
1851 676
1852 675
1853 675
1854 667
1855 668
1856 512  # compresses ieta bin 29, pt 0
1857 981
1858 920
1859 881
1860 861
1861 856
1862 838
1863 823
1864 797
1865 785
1866 784
1867 784
1868 773
1869 773
1870 754
1871 756
1872 755
1873 748
1874 733
1875 728
1876 723
1877 719
1878 715
1879 706
1880 703
1881 700
1882 698
1883 695
1884 693
1885 687
1886 685
1887 680
1888 674
1889 673
1890 662
1891 651
1892 649
1893 647
1894 645
1895 637
1896 635
1897 634
1898 630
1899 629
1900 631
1901 630
1902 626
1903 619
1904 618
1905 608
1906 602
1907 599
1908 599
1909 594
1910 591
1911 589
1912 589
1913 588
1914 588
1915 589
1916 589
1917 588
1918 583
1919 585
1920 512  # compresses ieta bin 30, pt 0
1921 964
1922 906
1923 868
1924 848
1925 842
1926 826
1927 800
1928 774
1929 762
1930 763
1931 753
1932 744
1933 745
1934 727
1935 728
1936 722
1937 715
1938 711
1939 706
1940 702
1941 699
1942 690
1943 683
1944 680
1945 678
1946 678
1947 675
1948 674
1949 669
1950 667
1951 666
1952 662
1953 661
1954 654
1955 644
1956 642
1957 640
1958 638
1959 631
1960 629
1961 628
1962 627
1963 626
1964 625
1965 625
1966 621
1967 614
1968 615
1969 606
1970 600
1971 596
1972 596
1973 590
1974 587
1975 586
1976 586
1977 585
1978 585
1979 586
1980 586
1981 585
1982 582
1983 582
1984 512  # compresses ieta bin 31, pt 0
1985 879
1986 856
1987 821
1988 791
1989 775
1990 762
1991 738
1992 728
1993 708
1994 709
1995 702
1996 695
1997 688
1998 663
1999 659
2000 662
2001 658
2002 664
2003 648
2004 641
2005 640
2006 634
2007 629
2008 629
2009 629
2010 630
2011 630
2012 630
2013 622
2014 618
2015 614
2016 611
2017 608
2018 604
2019 603
2020 599
2021 599
2022 599
2023 587
2024 587
2025 584
2026 585
2027 582
2028 583
2029 581
2030 581
2031 576
2032 572
2033 567
2034 565
2035 564
2036 562
2037 558
2038 558
2039 558
2040 558
2041 557
2042 557
2043 557
2044 557
2045 556
2046 553
2047 553
2048 512  # compresses ieta bin 32, pt 0
2049 830
2050 795
2051 776
2052 747
2053 735
2054 736
2055 703
2056 695
2057 685
2058 677
2059 671
2060 655
2061 651
2062 635
2063 640
2064 636
2065 624
2066 617
2067 605
2068 605
2069 601
2070 597
2071 599
2072 595
2073 591
2074 593
2075 590
2076 592
2077 589
2078 586
2079 580
2080 577
2081 575
2082 569
2083 570
2084 567
2085 569
2086 566
2087 564
2088 562
2089 564
2090 562
2091 560
2092 561
2093 560
2094 561
2095 559
2096 554
2097 548
2098 542
2099 541
2100 540
2101 537
2102 537
2103 536
2104 535
2105 536
2106 535
2107 536
2108 535
2109 534
2110 532
2111 533
2112 512  # compresses ieta bin 33, pt 0
2113 828
2114 792
2115 760
2116 734
2117 721
2118 723
2119 690
2120 683
2121 673
2122 667
2123 662
2124 646
2125 650
2126 626
2127 631
2128 627
2129 616
2130 602
2131 590
2132 586
2133 588
2134 585
2135 587
2136 583
2137 581
2138 583
2139 581
2140 582
2141 580
2142 577
2143 571
2144 569
2145 563
2146 561
2147 559
2148 557
2149 558
2150 556
2151 555
2152 553
2153 552
2154 551
2155 552
2156 551
2157 552
2158 551
2159 549
2160 545
2161 539
2162 534
2163 531
2164 532
2165 531
2166 530
2167 530
2168 531
2169 530
2170 531
2171 530
2172 529
2173 529
2174 527
2175 527
2176 512  # compresses ieta bin 34, pt 0
2177 828
2178 792
2179 760
2180 734
2181 721
2182 723
2183 690
2184 683
2185 673
2186 667
2187 662
2188 646
2189 650
2190 626
2191 631
2192 627
2193 616
2194 602
2195 590
2196 586
2197 588
2198 584
2199 587
2200 583
2201 580
2202 583
2203 580
2204 582
2205 576
2206 577
2207 571
2208 565
2209 563
2210 557
2211 559
2212 557
2213 555
2214 556
2215 552
2216 550
2217 552
2218 550
2219 549
2220 551
2221 550
2222 549
2223 547
2224 543
2225 537
2226 532
2227 529
2228 528
2229 528
2230 527
2231 526
2232 527
2233 527
2234 528
2235 527
2236 527
2237 526
2238 525
2239 524
2240 512  # compresses ieta bin 35, pt 0
2241 828
2242 792
2243 761
2244 747
2245 723
2246 723
2247 701
2248 693
2249 674
2250 668
2251 671
2252 655
2253 650
2254 627
2255 631
2256 627
2257 616
2258 609
2259 596
2260 592
2261 588
2262 584
2263 587
2264 583
2265 580
2266 583
2267 580
2268 582
2269 576
2270 577
2271 571
2272 565
2273 563
2274 557
2275 559
2276 557
2277 555
2278 556
2279 552
2280 550
2281 552
2282 550
2283 549
2284 551
2285 550
2286 549
2287 547
2288 543
2289 537
2290 532
2291 529
2292 528
2293 528
2294 527
2295 526
2296 527
2297 527
2298 528
2299 527
2300 527
2301 526
2302 525
2303 524
2304 512  # compresses ieta bin 36, pt 0
2305 828
2306 792
2307 761
2308 747
2309 723
2310 723
2311 701
2312 693
2313 674
2314 677
2315 671
2316 655
2317 650
2318 627
2319 631
2320 627
2321 616
2322 609
2323 596
2324 592
2325 588
2326 584
2327 587
2328 583
2329 581
2330 583
2331 581
2332 582
2333 580
2334 577
2335 571
2336 569
2337 563
2338 557
2339 559
2340 557
2341 558
2342 556
2343 552
2344 550
2345 552
2346 550
2347 549
2348 551
2349 550
2350 549
2351 547
2352 543
2353 537
2354 532
2355 529
2356 528
2357 528
2358 527
2359 526
2360 527
2361 527
2362 528
2363 527
2364 527
2365 526
2366 525
2367 524
2368 512  # compresses ieta bin 37, pt 0
2369 828
2370 792
2371 761
2372 747
2373 723
2374 723
2375 701
2376 693
2377 675
2378 677
2379 671
2380 655
2381 651
2382 635
2383 633
2384 636
2385 617
2386 609
2387 596
2388 593
2389 594
2390 590
2391 587
2392 583
2393 586
2394 583
2395 581
2396 582
2397 580
2398 577
2399 571
2400 569
2401 563
2402 561
2403 559
2404 557
2405 558
2406 556
2407 552
2408 550
2409 552
2410 550
2411 549
2412 551
2413 550
2414 549
2415 547
2416 543
2417 537
2418 532
2419 529
2420 528
2421 528
2422 527
2423 526
2424 527
2425 527
2426 528
2427 527
2428 527
2429 526
2430 525
2431 524
2432 512  # compresses ieta bin 38, pt 0
2433 983
2434 952
2435 896
2436 875
2437 842
2438 838
2439 788
2440 762
2441 751
2442 741
2443 702
2444 686
2445 688
2446 663
2447 659
2448 662
2449 650
2450 641
2451 626
2452 612
2453 607
2454 603
2455 605
2456 601
2457 597
2458 598
2459 596
2460 597
2461 594
2462 591
2463 575
2464 573
2465 567
2466 565
2467 562
2468 560
2469 562
2470 560
2471 555
2472 553
2473 552
2474 551
2475 549
2476 551
2477 550
2478 549
2479 547
2480 543
2481 537
2482 532
2483 529
2484 528
2485 528
2486 527
2487 526
2488 527
2489 527
2490 528
2491 527
2492 527
2493 526
2494 525
2495 524
2496 512  # compresses ieta bin 39, pt 0
2497 983
2498 952
2499 884
2500 875
2501 843
2502 877
2503 812
2504 786
2505 785
2506 773
2507 734
2508 724
2509 717
2510 699
2511 695
2512 688
2513 682
2514 672
2515 669
2516 661
2517 654
2518 653
2519 658
2520 646
2521 635
2522 635
2523 625
2524 626
2525 622
2526 618
2527 601
2528 598
2529 592
2530 588
2531 585
2532 585
2533 586
2534 583
2535 574
2536 571
2537 572
2538 570
2539 569
2540 567
2541 568
2542 566
2543 564
2544 561
2545 554
2546 550
2547 545
2548 543
2549 544
2550 544
2551 543
2552 543
2553 542
2554 543
2555 543
2556 542
2557 542
2558 541
2559 540
2560 0 # dummy
2561 0 # dummy
2562 0 # dummy
2563 0 # dummy
2564 0 # dummy
2565 0 # dummy
2566 0 # dummy
2567 0 # dummy
2568 0 # dummy
2569 0 # dummy
2570 0 # dummy
2571 0 # dummy
2572 0 # dummy
2573 0 # dummy
2574 0 # dummy
2575 0 # dummy
2576 0 # dummy
2577 0 # dummy
2578 0 # dummy
2579 0 # dummy
2580 0 # dummy
2581 0 # dummy
2582 0 # dummy
2583 0 # dummy
2584 0 # dummy
2585 0 # dummy
2586 0 # dummy
2587 0 # dummy
2588 0 # dummy
2589 0 # dummy
2590 0 # dummy
2591 0 # dummy
2592 0 # dummy
2593 0 # dummy
2594 0 # dummy
2595 0 # dummy
2596 0 # dummy
2597 0 # dummy
2598 0 # dummy
2599 0 # dummy
2600 0 # dummy
2601 0 # dummy
2602 0 # dummy
2603 0 # dummy
2604 0 # dummy
2605 0 # dummy
2606 0 # dummy
2607 0 # dummy
2608 0 # dummy
2609 0 # dummy
2610 0 # dummy
2611 0 # dummy
2612 0 # dummy
2613 0 # dummy
2614 0 # dummy
2615 0 # dummy
2616 0 # dummy
2617 0 # dummy
2618 0 # dummy
2619 0 # dummy
2620 0 # dummy
2621 0 # dummy
2622 0 # dummy
2623 0 # dummy
2624 0 # dummy
2625 0 # dummy
2626 0 # dummy
2627 0 # dummy
2628 0 # dummy
2629 0 # dummy
2630 0 # dummy
2631 0 # dummy
2632 0 # dummy
2633 0 # dummy
2634 0 # dummy
2635 0 # dummy
2636 0 # dummy
2637 0 # dummy
2638 0 # dummy
2639 0 # dummy
2640 0 # dummy
2641 0 # dummy
2642 0 # dummy
2643 0 # dummy
2644 0 # dummy
2645 0 # dummy
2646 0 # dummy
2647 0 # dummy
2648 0 # dummy
2649 0 # dummy
2650 0 # dummy
2651 0 # dummy
2652 0 # dummy
2653 0 # dummy
2654 0 # dummy
2655 0 # dummy
2656 0 # dummy
2657 0 # dummy
2658 0 # dummy
2659 0 # dummy
2660 0 # dummy
2661 0 # dummy
2662 0 # dummy
2663 0 # dummy
2664 0 # dummy
2665 0 # dummy
2666 0 # dummy
2667 0 # dummy
2668 0 # dummy
2669 0 # dummy
2670 0 # dummy
2671 0 # dummy
2672 0 # dummy
2673 0 # dummy
2674 0 # dummy
2675 0 # dummy
2676 0 # dummy
2677 0 # dummy
2678 0 # dummy
2679 0 # dummy
2680 0 # dummy
2681 0 # dummy
2682 0 # dummy
2683 0 # dummy
2684 0 # dummy
2685 0 # dummy
2686 0 # dummy
2687 0 # dummy
2688 0 # dummy
2689 0 # dummy
2690 0 # dummy
2691 0 # dummy
2692 0 # dummy
2693 0 # dummy
2694 0 # dummy
2695 0 # dummy
2696 0 # dummy
2697 0 # dummy
2698 0 # dummy
2699 0 # dummy
2700 0 # dummy
2701 0 # dummy
2702 0 # dummy
2703 0 # dummy
2704 0 # dummy
2705 0 # dummy
2706 0 # dummy
2707 0 # dummy
2708 0 # dummy
2709 0 # dummy
2710 0 # dummy
2711 0 # dummy
2712 0 # dummy
2713 0 # dummy
2714 0 # dummy
2715 0 # dummy
2716 0 # dummy
2717 0 # dummy
2718 0 # dummy
2719 0 # dummy
2720 0 # dummy
2721 0 # dummy
2722 0 # dummy
2723 0 # dummy
2724 0 # dummy
2725 0 # dummy
2726 0 # dummy
2727 0 # dummy
2728 0 # dummy
2729 0 # dummy
2730 0 # dummy
2731 0 # dummy
2732 0 # dummy
2733 0 # dummy
2734 0 # dummy
2735 0 # dummy
2736 0 # dummy
2737 0 # dummy
2738 0 # dummy
2739 0 # dummy
2740 0 # dummy
2741 0 # dummy
2742 0 # dummy
2743 0 # dummy
2744 0 # dummy
2745 0 # dummy
2746 0 # dummy
2747 0 # dummy
2748 0 # dummy
2749 0 # dummy
2750 0 # dummy
2751 0 # dummy
2752 0 # dummy
2753 0 # dummy
2754 0 # dummy
2755 0 # dummy
2756 0 # dummy
2757 0 # dummy
2758 0 # dummy
2759 0 # dummy
2760 0 # dummy
2761 0 # dummy
2762 0 # dummy
2763 0 # dummy
2764 0 # dummy
2765 0 # dummy
2766 0 # dummy
2767 0 # dummy
2768 0 # dummy
2769 0 # dummy
2770 0 # dummy
2771 0 # dummy
2772 0 # dummy
2773 0 # dummy
2774 0 # dummy
2775 0 # dummy
2776 0 # dummy
2777 0 # dummy
2778 0 # dummy
2779 0 # dummy
2780 0 # dummy
2781 0 # dummy
2782 0 # dummy
2783 0 # dummy
2784 0 # dummy
2785 0 # dummy
2786 0 # dummy
2787 0 # dummy
2788 0 # dummy
2789 0 # dummy
2790 0 # dummy
2791 0 # dummy
2792 0 # dummy
2793 0 # dummy
2794 0 # dummy
2795 0 # dummy
2796 0 # dummy
2797 0 # dummy
2798 0 # dummy
2799 0 # dummy
2800 0 # dummy
2801 0 # dummy
2802 0 # dummy
2803 0 # dummy
2804 0 # dummy
2805 0 # dummy
2806 0 # dummy
2807 0 # dummy
2808 0 # dummy
2809 0 # dummy
2810 0 # dummy
2811 0 # dummy
2812 0 # dummy
2813 0 # dummy
2814 0 # dummy
2815 0 # dummy
2816 0 # dummy
2817 0 # dummy
2818 0 # dummy
2819 0 # dummy
2820 0 # dummy
2821 0 # dummy
2822 0 # dummy
2823 0 # dummy
2824 0 # dummy
2825 0 # dummy
2826 0 # dummy
2827 0 # dummy
2828 0 # dummy
2829 0 # dummy
2830 0 # dummy
2831 0 # dummy
2832 0 # dummy
2833 0 # dummy
2834 0 # dummy
2835 0 # dummy
2836 0 # dummy
2837 0 # dummy
2838 0 # dummy
2839 0 # dummy
2840 0 # dummy
2841 0 # dummy
2842 0 # dummy
2843 0 # dummy
2844 0 # dummy
2845 0 # dummy
2846 0 # dummy
2847 0 # dummy
2848 0 # dummy
2849 0 # dummy
2850 0 # dummy
2851 0 # dummy
2852 0 # dummy
2853 0 # dummy
2854 0 # dummy
2855 0 # dummy
2856 0 # dummy
2857 0 # dummy
2858 0 # dummy
2859 0 # dummy
2860 0 # dummy
2861 0 # dummy
2862 0 # dummy
2863 0 # dummy
2864 0 # dummy
2865 0 # dummy
2866 0 # dummy
2867 0 # dummy
2868 0 # dummy
2869 0 # dummy
2870 0 # dummy
2871 0 # dummy
2872 0 # dummy
2873 0 # dummy
2874 0 # dummy
2875 0 # dummy
2876 0 # dummy
2877 0 # dummy
2878 0 # dummy
2879 0 # dummy
2880 0 # dummy
2881 0 # dummy
2882 0 # dummy
2883 0 # dummy
2884 0 # dummy
2885 0 # dummy
2886 0 # dummy
2887 0 # dummy
2888 0 # dummy
2889 0 # dummy
2890 0 # dummy
2891 0 # dummy
2892 0 # dummy
2893 0 # dummy
2894 0 # dummy
2895 0 # dummy
2896 0 # dummy
2897 0 # dummy
2898 0 # dummy
2899 0 # dummy
2900 0 # dummy
2901 0 # dummy
2902 0 # dummy
2903 0 # dummy
2904 0 # dummy
2905 0 # dummy
2906 0 # dummy
2907 0 # dummy
2908 0 # dummy
2909 0 # dummy
2910 0 # dummy
2911 0 # dummy
2912 0 # dummy
2913 0 # dummy
2914 0 # dummy
2915 0 # dummy
2916 0 # dummy
2917 0 # dummy
2918 0 # dummy
2919 0 # dummy
2920 0 # dummy
2921 0 # dummy
2922 0 # dummy
2923 0 # dummy
2924 0 # dummy
2925 0 # dummy
2926 0 # dummy
2927 0 # dummy
2928 0 # dummy
2929 0 # dummy
2930 0 # dummy
2931 0 # dummy
2932 0 # dummy
2933 0 # dummy
2934 0 # dummy
2935 0 # dummy
2936 0 # dummy
2937 0 # dummy
2938 0 # dummy
2939 0 # dummy
2940 0 # dummy
2941 0 # dummy
2942 0 # dummy
2943 0 # dummy
2944 0 # dummy
2945 0 # dummy
2946 0 # dummy
2947 0 # dummy
2948 0 # dummy
2949 0 # dummy
2950 0 # dummy
2951 0 # dummy
2952 0 # dummy
2953 0 # dummy
2954 0 # dummy
2955 0 # dummy
2956 0 # dummy
2957 0 # dummy
2958 0 # dummy
2959 0 # dummy
2960 0 # dummy
2961 0 # dummy
2962 0 # dummy
2963 0 # dummy
2964 0 # dummy
2965 0 # dummy
2966 0 # dummy
2967 0 # dummy
2968 0 # dummy
2969 0 # dummy
2970 0 # dummy
2971 0 # dummy
2972 0 # dummy
2973 0 # dummy
2974 0 # dummy
2975 0 # dummy
2976 0 # dummy
2977 0 # dummy
2978 0 # dummy
2979 0 # dummy
2980 0 # dummy
2981 0 # dummy
2982 0 # dummy
2983 0 # dummy
2984 0 # dummy
2985 0 # dummy
2986 0 # dummy
2987 0 # dummy
2988 0 # dummy
2989 0 # dummy
2990 0 # dummy
2991 0 # dummy
2992 0 # dummy
2993 0 # dummy
2994 0 # dummy
2995 0 # dummy
2996 0 # dummy
2997 0 # dummy
2998 0 # dummy
2999 0 # dummy
3000 0 # dummy
3001 0 # dummy
3002 0 # dummy
3003 0 # dummy
3004 0 # dummy
3005 0 # dummy
3006 0 # dummy
3007 0 # dummy
3008 0 # dummy
3009 0 # dummy
3010 0 # dummy
3011 0 # dummy
3012 0 # dummy
3013 0 # dummy
3014 0 # dummy
3015 0 # dummy
3016 0 # dummy
3017 0 # dummy
3018 0 # dummy
3019 0 # dummy
3020 0 # dummy
3021 0 # dummy
3022 0 # dummy
3023 0 # dummy
3024 0 # dummy
3025 0 # dummy
3026 0 # dummy
3027 0 # dummy
3028 0 # dummy
3029 0 # dummy
3030 0 # dummy
3031 0 # dummy
3032 0 # dummy
3033 0 # dummy
3034 0 # dummy
3035 0 # dummy
3036 0 # dummy
3037 0 # dummy
3038 0 # dummy
3039 0 # dummy
3040 0 # dummy
3041 0 # dummy
3042 0 # dummy
3043 0 # dummy
3044 0 # dummy
3045 0 # dummy
3046 0 # dummy
3047 0 # dummy
3048 0 # dummy
3049 0 # dummy
3050 0 # dummy
3051 0 # dummy
3052 0 # dummy
3053 0 # dummy
3054 0 # dummy
3055 0 # dummy
3056 0 # dummy
3057 0 # dummy
3058 0 # dummy
3059 0 # dummy
3060 0 # dummy
3061 0 # dummy
3062 0 # dummy
3063 0 # dummy
3064 0 # dummy
3065 0 # dummy
3066 0 # dummy
3067 0 # dummy
3068 0 # dummy
3069 0 # dummy
3070 0 # dummy
3071 0 # dummy
3072 0 # dummy
3073 0 # dummy
3074 0 # dummy
3075 0 # dummy
3076 0 # dummy
3077 0 # dummy
3078 0 # dummy
3079 0 # dummy
3080 0 # dummy
3081 0 # dummy
3082 0 # dummy
3083 0 # dummy
3084 0 # dummy
3085 0 # dummy
3086 0 # dummy
3087 0 # dummy
3088 0 # dummy
3089 0 # dummy
3090 0 # dummy
3091 0 # dummy
3092 0 # dummy
3093 0 # dummy
3094 0 # dummy
3095 0 # dummy
3096 0 # dummy
3097 0 # dummy
3098 0 # dummy
3099 0 # dummy
3100 0 # dummy
3101 0 # dummy
3102 0 # dummy
3103 0 # dummy
3104 0 # dummy
3105 0 # dummy
3106 0 # dummy
3107 0 # dummy
3108 0 # dummy
3109 0 # dummy
3110 0 # dummy
3111 0 # dummy
3112 0 # dummy
3113 0 # dummy
3114 0 # dummy
3115 0 # dummy
3116 0 # dummy
3117 0 # dummy
3118 0 # dummy
3119 0 # dummy
3120 0 # dummy
3121 0 # dummy
3122 0 # dummy
3123 0 # dummy
3124 0 # dummy
3125 0 # dummy
3126 0 # dummy
3127 0 # dummy
3128 0 # dummy
3129 0 # dummy
3130 0 # dummy
3131 0 # dummy
3132 0 # dummy
3133 0 # dummy
3134 0 # dummy
3135 0 # dummy
3136 0 # dummy
3137 0 # dummy
3138 0 # dummy
3139 0 # dummy
3140 0 # dummy
3141 0 # dummy
3142 0 # dummy
3143 0 # dummy
3144 0 # dummy
3145 0 # dummy
3146 0 # dummy
3147 0 # dummy
3148 0 # dummy
3149 0 # dummy
3150 0 # dummy
3151 0 # dummy
3152 0 # dummy
3153 0 # dummy
3154 0 # dummy
3155 0 # dummy
3156 0 # dummy
3157 0 # dummy
3158 0 # dummy
3159 0 # dummy
3160 0 # dummy
3161 0 # dummy
3162 0 # dummy
3163 0 # dummy
3164 0 # dummy
3165 0 # dummy
3166 0 # dummy
3167 0 # dummy
3168 0 # dummy
3169 0 # dummy
3170 0 # dummy
3171 0 # dummy
3172 0 # dummy
3173 0 # dummy
3174 0 # dummy
3175 0 # dummy
3176 0 # dummy
3177 0 # dummy
3178 0 # dummy
3179 0 # dummy
3180 0 # dummy
3181 0 # dummy
3182 0 # dummy
3183 0 # dummy
3184 0 # dummy
3185 0 # dummy
3186 0 # dummy
3187 0 # dummy
3188 0 # dummy
3189 0 # dummy
3190 0 # dummy
3191 0 # dummy
3192 0 # dummy
3193 0 # dummy
3194 0 # dummy
3195 0 # dummy
3196 0 # dummy
3197 0 # dummy
3198 0 # dummy
3199 0 # dummy
3200 0 # dummy
3201 0 # dummy
3202 0 # dummy
3203 0 # dummy
3204 0 # dummy
3205 0 # dummy
3206 0 # dummy
3207 0 # dummy
3208 0 # dummy
3209 0 # dummy
3210 0 # dummy
3211 0 # dummy
3212 0 # dummy
3213 0 # dummy
3214 0 # dummy
3215 0 # dummy
3216 0 # dummy
3217 0 # dummy
3218 0 # dummy
3219 0 # dummy
3220 0 # dummy
3221 0 # dummy
3222 0 # dummy
3223 0 # dummy
3224 0 # dummy
3225 0 # dummy
3226 0 # dummy
3227 0 # dummy
3228 0 # dummy
3229 0 # dummy
3230 0 # dummy
3231 0 # dummy
3232 0 # dummy
3233 0 # dummy
3234 0 # dummy
3235 0 # dummy
3236 0 # dummy
3237 0 # dummy
3238 0 # dummy
3239 0 # dummy
3240 0 # dummy
3241 0 # dummy
3242 0 # dummy
3243 0 # dummy
3244 0 # dummy
3245 0 # dummy
3246 0 # dummy
3247 0 # dummy
3248 0 # dummy
3249 0 # dummy
3250 0 # dummy
3251 0 # dummy
3252 0 # dummy
3253 0 # dummy
3254 0 # dummy
3255 0 # dummy
3256 0 # dummy
3257 0 # dummy
3258 0 # dummy
3259 0 # dummy
3260 0 # dummy
3261 0 # dummy
3262 0 # dummy
3263 0 # dummy
3264 0 # dummy
3265 0 # dummy
3266 0 # dummy
3267 0 # dummy
3268 0 # dummy
3269 0 # dummy
3270 0 # dummy
3271 0 # dummy
3272 0 # dummy
3273 0 # dummy
3274 0 # dummy
3275 0 # dummy
3276 0 # dummy
3277 0 # dummy
3278 0 # dummy
3279 0 # dummy
3280 0 # dummy
3281 0 # dummy
3282 0 # dummy
3283 0 # dummy
3284 0 # dummy
3285 0 # dummy
3286 0 # dummy
3287 0 # dummy
3288 0 # dummy
3289 0 # dummy
3290 0 # dummy
3291 0 # dummy
3292 0 # dummy
3293 0 # dummy
3294 0 # dummy
3295 0 # dummy
3296 0 # dummy
3297 0 # dummy
3298 0 # dummy
3299 0 # dummy
3300 0 # dummy
3301 0 # dummy
3302 0 # dummy
3303 0 # dummy
3304 0 # dummy
3305 0 # dummy
3306 0 # dummy
3307 0 # dummy
3308 0 # dummy
3309 0 # dummy
3310 0 # dummy
3311 0 # dummy
3312 0 # dummy
3313 0 # dummy
3314 0 # dummy
3315 0 # dummy
3316 0 # dummy
3317 0 # dummy
3318 0 # dummy
3319 0 # dummy
3320 0 # dummy
3321 0 # dummy
3322 0 # dummy
3323 0 # dummy
3324 0 # dummy
3325 0 # dummy
3326 0 # dummy
3327 0 # dummy
3328 0 # dummy
3329 0 # dummy
3330 0 # dummy
3331 0 # dummy
3332 0 # dummy
3333 0 # dummy
3334 0 # dummy
3335 0 # dummy
3336 0 # dummy
3337 0 # dummy
3338 0 # dummy
3339 0 # dummy
3340 0 # dummy
3341 0 # dummy
3342 0 # dummy
3343 0 # dummy
3344 0 # dummy
3345 0 # dummy
3346 0 # dummy
3347 0 # dummy
3348 0 # dummy
3349 0 # dummy
3350 0 # dummy
3351 0 # dummy
3352 0 # dummy
3353 0 # dummy
3354 0 # dummy
3355 0 # dummy
3356 0 # dummy
3357 0 # dummy
3358 0 # dummy
3359 0 # dummy
3360 0 # dummy
3361 0 # dummy
3362 0 # dummy
3363 0 # dummy
3364 0 # dummy
3365 0 # dummy
3366 0 # dummy
3367 0 # dummy
3368 0 # dummy
3369 0 # dummy
3370 0 # dummy
3371 0 # dummy
3372 0 # dummy
3373 0 # dummy
3374 0 # dummy
3375 0 # dummy
3376 0 # dummy
3377 0 # dummy
3378 0 # dummy
3379 0 # dummy
3380 0 # dummy
3381 0 # dummy
3382 0 # dummy
3383 0 # dummy
3384 0 # dummy
3385 0 # dummy
3386 0 # dummy
3387 0 # dummy
3388 0 # dummy
3389 0 # dummy
3390 0 # dummy
3391 0 # dummy
3392 0 # dummy
3393 0 # dummy
3394 0 # dummy
3395 0 # dummy
3396 0 # dummy
3397 0 # dummy
3398 0 # dummy
3399 0 # dummy
3400 0 # dummy
3401 0 # dummy
3402 0 # dummy
3403 0 # dummy
3404 0 # dummy
3405 0 # dummy
3406 0 # dummy
3407 0 # dummy
3408 0 # dummy
3409 0 # dummy
3410 0 # dummy
3411 0 # dummy
3412 0 # dummy
3413 0 # dummy
3414 0 # dummy
3415 0 # dummy
3416 0 # dummy
3417 0 # dummy
3418 0 # dummy
3419 0 # dummy
3420 0 # dummy
3421 0 # dummy
3422 0 # dummy
3423 0 # dummy
3424 0 # dummy
3425 0 # dummy
3426 0 # dummy
3427 0 # dummy
3428 0 # dummy
3429 0 # dummy
3430 0 # dummy
3431 0 # dummy
3432 0 # dummy
3433 0 # dummy
3434 0 # dummy
3435 0 # dummy
3436 0 # dummy
3437 0 # dummy
3438 0 # dummy
3439 0 # dummy
3440 0 # dummy
3441 0 # dummy
3442 0 # dummy
3443 0 # dummy
3444 0 # dummy
3445 0 # dummy
3446 0 # dummy
3447 0 # dummy
3448 0 # dummy
3449 0 # dummy
3450 0 # dummy
3451 0 # dummy
3452 0 # dummy
3453 0 # dummy
3454 0 # dummy
3455 0 # dummy
3456 0 # dummy
3457 0 # dummy
3458 0 # dummy
3459 0 # dummy
3460 0 # dummy
3461 0 # dummy
3462 0 # dummy
3463 0 # dummy
3464 0 # dummy
3465 0 # dummy
3466 0 # dummy
3467 0 # dummy
3468 0 # dummy
3469 0 # dummy
3470 0 # dummy
3471 0 # dummy
3472 0 # dummy
3473 0 # dummy
3474 0 # dummy
3475 0 # dummy
3476 0 # dummy
3477 0 # dummy
3478 0 # dummy
3479 0 # dummy
3480 0 # dummy
3481 0 # dummy
3482 0 # dummy
3483 0 # dummy
3484 0 # dummy
3485 0 # dummy
3486 0 # dummy
3487 0 # dummy
3488 0 # dummy
3489 0 # dummy
3490 0 # dummy
3491 0 # dummy
3492 0 # dummy
3493 0 # dummy
3494 0 # dummy
3495 0 # dummy
3496 0 # dummy
3497 0 # dummy
3498 0 # dummy
3499 0 # dummy
3500 0 # dummy
3501 0 # dummy
3502 0 # dummy
3503 0 # dummy
3504 0 # dummy
3505 0 # dummy
3506 0 # dummy
3507 0 # dummy
3508 0 # dummy
3509 0 # dummy
3510 0 # dummy
3511 0 # dummy
3512 0 # dummy
3513 0 # dummy
3514 0 # dummy
3515 0 # dummy
3516 0 # dummy
3517 0 # dummy
3518 0 # dummy
3519 0 # dummy
3520 0 # dummy
3521 0 # dummy
3522 0 # dummy
3523 0 # dummy
3524 0 # dummy
3525 0 # dummy
3526 0 # dummy
3527 0 # dummy
3528 0 # dummy
3529 0 # dummy
3530 0 # dummy
3531 0 # dummy
3532 0 # dummy
3533 0 # dummy
3534 0 # dummy
3535 0 # dummy
3536 0 # dummy
3537 0 # dummy
3538 0 # dummy
3539 0 # dummy
3540 0 # dummy
3541 0 # dummy
3542 0 # dummy
3543 0 # dummy
3544 0 # dummy
3545 0 # dummy
3546 0 # dummy
3547 0 # dummy
3548 0 # dummy
3549 0 # dummy
3550 0 # dummy
3551 0 # dummy
3552 0 # dummy
3553 0 # dummy
3554 0 # dummy
3555 0 # dummy
3556 0 # dummy
3557 0 # dummy
3558 0 # dummy
3559 0 # dummy
3560 0 # dummy
3561 0 # dummy
3562 0 # dummy
3563 0 # dummy
3564 0 # dummy
3565 0 # dummy
3566 0 # dummy
3567 0 # dummy
3568 0 # dummy
3569 0 # dummy
3570 0 # dummy
3571 0 # dummy
3572 0 # dummy
3573 0 # dummy
3574 0 # dummy
3575 0 # dummy
3576 0 # dummy
3577 0 # dummy
3578 0 # dummy
3579 0 # dummy
3580 0 # dummy
3581 0 # dummy
3582 0 # dummy
3583 0 # dummy
3584 0 # dummy
3585 0 # dummy
3586 0 # dummy
3587 0 # dummy
3588 0 # dummy
3589 0 # dummy
3590 0 # dummy
3591 0 # dummy
3592 0 # dummy
3593 0 # dummy
3594 0 # dummy
3595 0 # dummy
3596 0 # dummy
3597 0 # dummy
3598 0 # dummy
3599 0 # dummy
3600 0 # dummy
3601 0 # dummy
3602 0 # dummy
3603 0 # dummy
3604 0 # dummy
3605 0 # dummy
3606 0 # dummy
3607 0 # dummy
3608 0 # dummy
3609 0 # dummy
3610 0 # dummy
3611 0 # dummy
3612 0 # dummy
3613 0 # dummy
3614 0 # dummy
3615 0 # dummy
3616 0 # dummy
3617 0 # dummy
3618 0 # dummy
3619 0 # dummy
3620 0 # dummy
3621 0 # dummy
3622 0 # dummy
3623 0 # dummy
3624 0 # dummy
3625 0 # dummy
3626 0 # dummy
3627 0 # dummy
3628 0 # dummy
3629 0 # dummy
3630 0 # dummy
3631 0 # dummy
3632 0 # dummy
3633 0 # dummy
3634 0 # dummy
3635 0 # dummy
3636 0 # dummy
3637 0 # dummy
3638 0 # dummy
3639 0 # dummy
3640 0 # dummy
3641 0 # dummy
3642 0 # dummy
3643 0 # dummy
3644 0 # dummy
3645 0 # dummy
3646 0 # dummy
3647 0 # dummy
3648 0 # dummy
3649 0 # dummy
3650 0 # dummy
3651 0 # dummy
3652 0 # dummy
3653 0 # dummy
3654 0 # dummy
3655 0 # dummy
3656 0 # dummy
3657 0 # dummy
3658 0 # dummy
3659 0 # dummy
3660 0 # dummy
3661 0 # dummy
3662 0 # dummy
3663 0 # dummy
3664 0 # dummy
3665 0 # dummy
3666 0 # dummy
3667 0 # dummy
3668 0 # dummy
3669 0 # dummy
3670 0 # dummy
3671 0 # dummy
3672 0 # dummy
3673 0 # dummy
3674 0 # dummy
3675 0 # dummy
3676 0 # dummy
3677 0 # dummy
3678 0 # dummy
3679 0 # dummy
3680 0 # dummy
3681 0 # dummy
3682 0 # dummy
3683 0 # dummy
3684 0 # dummy
3685 0 # dummy
3686 0 # dummy
3687 0 # dummy
3688 0 # dummy
3689 0 # dummy
3690 0 # dummy
3691 0 # dummy
3692 0 # dummy
3693 0 # dummy
3694 0 # dummy
3695 0 # dummy
3696 0 # dummy
3697 0 # dummy
3698 0 # dummy
3699 0 # dummy
3700 0 # dummy
3701 0 # dummy
3702 0 # dummy
3703 0 # dummy
3704 0 # dummy
3705 0 # dummy
3706 0 # dummy
3707 0 # dummy
3708 0 # dummy
3709 0 # dummy
3710 0 # dummy
3711 0 # dummy
3712 0 # dummy
3713 0 # dummy
3714 0 # dummy
3715 0 # dummy
3716 0 # dummy
3717 0 # dummy
3718 0 # dummy
3719 0 # dummy
3720 0 # dummy
3721 0 # dummy
3722 0 # dummy
3723 0 # dummy
3724 0 # dummy
3725 0 # dummy
3726 0 # dummy
3727 0 # dummy
3728 0 # dummy
3729 0 # dummy
3730 0 # dummy
3731 0 # dummy
3732 0 # dummy
3733 0 # dummy
3734 0 # dummy
3735 0 # dummy
3736 0 # dummy
3737 0 # dummy
3738 0 # dummy
3739 0 # dummy
3740 0 # dummy
3741 0 # dummy
3742 0 # dummy
3743 0 # dummy
3744 0 # dummy
3745 0 # dummy
3746 0 # dummy
3747 0 # dummy
3748 0 # dummy
3749 0 # dummy
3750 0 # dummy
3751 0 # dummy
3752 0 # dummy
3753 0 # dummy
3754 0 # dummy
3755 0 # dummy
3756 0 # dummy
3757 0 # dummy
3758 0 # dummy
3759 0 # dummy
3760 0 # dummy
3761 0 # dummy
3762 0 # dummy
3763 0 # dummy
3764 0 # dummy
3765 0 # dummy
3766 0 # dummy
3767 0 # dummy
3768 0 # dummy
3769 0 # dummy
3770 0 # dummy
3771 0 # dummy
3772 0 # dummy
3773 0 # dummy
3774 0 # dummy
3775 0 # dummy
3776 0 # dummy
3777 0 # dummy
3778 0 # dummy
3779 0 # dummy
3780 0 # dummy
3781 0 # dummy
3782 0 # dummy
3783 0 # dummy
3784 0 # dummy
3785 0 # dummy
3786 0 # dummy
3787 0 # dummy
3788 0 # dummy
3789 0 # dummy
3790 0 # dummy
3791 0 # dummy
3792 0 # dummy
3793 0 # dummy
3794 0 # dummy
3795 0 # dummy
3796 0 # dummy
3797 0 # dummy
3798 0 # dummy
3799 0 # dummy
3800 0 # dummy
3801 0 # dummy
3802 0 # dummy
3803 0 # dummy
3804 0 # dummy
3805 0 # dummy
3806 0 # dummy
3807 0 # dummy
3808 0 # dummy
3809 0 # dummy
3810 0 # dummy
3811 0 # dummy
3812 0 # dummy
3813 0 # dummy
3814 0 # dummy
3815 0 # dummy
3816 0 # dummy
3817 0 # dummy
3818 0 # dummy
3819 0 # dummy
3820 0 # dummy
3821 0 # dummy
3822 0 # dummy
3823 0 # dummy
3824 0 # dummy
3825 0 # dummy
3826 0 # dummy
3827 0 # dummy
3828 0 # dummy
3829 0 # dummy
3830 0 # dummy
3831 0 # dummy
3832 0 # dummy
3833 0 # dummy
3834 0 # dummy
3835 0 # dummy
3836 0 # dummy
3837 0 # dummy
3838 0 # dummy
3839 0 # dummy
3840 0 # dummy
3841 0 # dummy
3842 0 # dummy
3843 0 # dummy
3844 0 # dummy
3845 0 # dummy
3846 0 # dummy
3847 0 # dummy
3848 0 # dummy
3849 0 # dummy
3850 0 # dummy
3851 0 # dummy
3852 0 # dummy
3853 0 # dummy
3854 0 # dummy
3855 0 # dummy
3856 0 # dummy
3857 0 # dummy
3858 0 # dummy
3859 0 # dummy
3860 0 # dummy
3861 0 # dummy
3862 0 # dummy
3863 0 # dummy
3864 0 # dummy
3865 0 # dummy
3866 0 # dummy
3867 0 # dummy
3868 0 # dummy
3869 0 # dummy
3870 0 # dummy
3871 0 # dummy
3872 0 # dummy
3873 0 # dummy
3874 0 # dummy
3875 0 # dummy
3876 0 # dummy
3877 0 # dummy
3878 0 # dummy
3879 0 # dummy
3880 0 # dummy
3881 0 # dummy
3882 0 # dummy
3883 0 # dummy
3884 0 # dummy
3885 0 # dummy
3886 0 # dummy
3887 0 # dummy
3888 0 # dummy
3889 0 # dummy
3890 0 # dummy
3891 0 # dummy
3892 0 # dummy
3893 0 # dummy
3894 0 # dummy
3895 0 # dummy
3896 0 # dummy
3897 0 # dummy
3898 0 # dummy
3899 0 # dummy
3900 0 # dummy
3901 0 # dummy
3902 0 # dummy
3903 0 # dummy
3904 0 # dummy
3905 0 # dummy
3906 0 # dummy
3907 0 # dummy
3908 0 # dummy
3909 0 # dummy
3910 0 # dummy
3911 0 # dummy
3912 0 # dummy
3913 0 # dummy
3914 0 # dummy
3915 0 # dummy
3916 0 # dummy
3917 0 # dummy
3918 0 # dummy
3919 0 # dummy
3920 0 # dummy
3921 0 # dummy
3922 0 # dummy
3923 0 # dummy
3924 0 # dummy
3925 0 # dummy
3926 0 # dummy
3927 0 # dummy
3928 0 # dummy
3929 0 # dummy
3930 0 # dummy
3931 0 # dummy
3932 0 # dummy
3933 0 # dummy
3934 0 # dummy
3935 0 # dummy
3936 0 # dummy
3937 0 # dummy
3938 0 # dummy
3939 0 # dummy
3940 0 # dummy
3941 0 # dummy
3942 0 # dummy
3943 0 # dummy
3944 0 # dummy
3945 0 # dummy
3946 0 # dummy
3947 0 # dummy
3948 0 # dummy
3949 0 # dummy
3950 0 # dummy
3951 0 # dummy
3952 0 # dummy
3953 0 # dummy
3954 0 # dummy
3955 0 # dummy
3956 0 # dummy
3957 0 # dummy
3958 0 # dummy
3959 0 # dummy
3960 0 # dummy
3961 0 # dummy
3962 0 # dummy
3963 0 # dummy
3964 0 # dummy
3965 0 # dummy
3966 0 # dummy
3967 0 # dummy
3968 0 # dummy
3969 0 # dummy
3970 0 # dummy
3971 0 # dummy
3972 0 # dummy
3973 0 # dummy
3974 0 # dummy
3975 0 # dummy
3976 0 # dummy
3977 0 # dummy
3978 0 # dummy
3979 0 # dummy
3980 0 # dummy
3981 0 # dummy
3982 0 # dummy
3983 0 # dummy
3984 0 # dummy
3985 0 # dummy
3986 0 # dummy
3987 0 # dummy
3988 0 # dummy
3989 0 # dummy
3990 0 # dummy
3991 0 # dummy
3992 0 # dummy
3993 0 # dummy
3994 0 # dummy
3995 0 # dummy
3996 0 # dummy
3997 0 # dummy
3998 0 # dummy
3999 0 # dummy
4000 0 # dummy
4001 0 # dummy
4002 0 # dummy
4003 0 # dummy
4004 0 # dummy
4005 0 # dummy
4006 0 # dummy
4007 0 # dummy
4008 0 # dummy
4009 0 # dummy
4010 0 # dummy
4011 0 # dummy
4012 0 # dummy
4013 0 # dummy
4014 0 # dummy
4015 0 # dummy
4016 0 # dummy
4017 0 # dummy
4018 0 # dummy
4019 0 # dummy
4020 0 # dummy
4021 0 # dummy
4022 0 # dummy
4023 0 # dummy
4024 0 # dummy
4025 0 # dummy
4026 0 # dummy
4027 0 # dummy
4028 0 # dummy
4029 0 # dummy
4030 0 # dummy
4031 0 # dummy
4032 0 # dummy
4033 0 # dummy
4034 0 # dummy
4035 0 # dummy
4036 0 # dummy
4037 0 # dummy
4038 0 # dummy
4039 0 # dummy
4040 0 # dummy
4041 0 # dummy
4042 0 # dummy
4043 0 # dummy
4044 0 # dummy
4045 0 # dummy
4046 0 # dummy
4047 0 # dummy
4048 0 # dummy
4049 0 # dummy
4050 0 # dummy
4051 0 # dummy
4052 0 # dummy
4053 0 # dummy
4054 0 # dummy
4055 0 # dummy
4056 0 # dummy
4057 0 # dummy
4058 0 # dummy
4059 0 # dummy
4060 0 # dummy
4061 0 # dummy
4062 0 # dummy
4063 0 # dummy
4064 0 # dummy
4065 0 # dummy
4066 0 # dummy
4067 0 # dummy
4068 0 # dummy
4069 0 # dummy
4070 0 # dummy
4071 0 # dummy
4072 0 # dummy
4073 0 # dummy
4074 0 # dummy
4075 0 # dummy
4076 0 # dummy
4077 0 # dummy
4078 0 # dummy
4079 0 # dummy
4080 0 # dummy
4081 0 # dummy
4082 0 # dummy
4083 0 # dummy
4084 0 # dummy
4085 0 # dummy
4086 0 # dummy
4087 0 # dummy
4088 0 # dummy
4089 0 # dummy
4090 0 # dummy
4091 0 # dummy
4092 0 # dummy
4093 0 # dummy
4094 0 # dummy
4095 0 # dummy
