# address to addend+multiplicative factor LUT
# maps 12 bits to 18 bits
# 18 bits = (addend<<10) + multiplier)
# addend is signed 8 bits, multiplier is 10 bits
# anything after # is ignored with the exception of the header
# the header is first valid line starting with #<header> versionStr nrBitsAddress nrBitsData </header>
#<header> v1 12 18 </header>
0 512 	 1 512 0 	 0 0 0   # compresses ieta bin 0, pt 0
1 2047 	 2 1023 1 	 15 15 15 
2 2047 	 2 1023 1 	 16 16 16 
3 2047 	 2 1023 1 	 17 17 17 
4 2047 	 2 1023 1 	 18 18 18 
5 2047 	 2 1023 1 	 19 19 19 
6 2047 	 2 1023 1 	 20 20 20 
7 2047 	 2 1023 1 	 21 21 21 
8 2047 	 2 1023 1 	 22 22 22 
9 2047 	 2 1023 1 	 23 23 23 
10 2047 	 2 1023 1 	 24 24 24 
11 2047 	 2 1023 1 	 25 25 25 
12 2047 	 2 1023 1 	 26 26 26 
13 2047 	 2 1023 1 	 27 27 27 
14 2047 	 2 1023 1 	 28 28 28 
15 2047 	 2 1023 1 	 29 29 29 
16 2047 	 2 1023 1 	 30 30 30 
17 2047 	 2 1023 1 	 31 31 31 
18 2047 	 2 1023 1 	 33 32 33 
19 2047 	 2 1023 1 	 35 34 35 
20 2047 	 2 1023 1 	 37 36 37 
21 2047 	 2 1023 1 	 39 38 39 
22 2047 	 2 1023 1 	 41 40 41 
23 2047 	 2 1023 1 	 43 42 43 
24 2047 	 2 1023 1 	 45 44 45 
25 1016 	 1.98062 1016 0 	 47 46 47 
26 1011 	 1.96942 1011 0 	 49 48 49 
27 1001 	 1.94859 1001 0 	 51 50 51 
28 988 	 1.91993 988 0 	 53 52 53 
29 975 	 1.89725 975 0 	 55 54 55 
30 968 	 1.88503 968 0 	 57 56 57 
31 957 	 1.86224 957 0 	 59 58 59 
32 947 	 1.84355 947 0 	 61 60 61 
33 933 	 1.81943 933 0 	 63 62 64 
34 918 	 1.78957 918 0 	 66 65 67 
35 907 	 1.77013 907 0 	 69 68 70 
36 898 	 1.75109 898 0 	 72 71 73 
37 886 	 1.72577 886 0 	 75 74 76 
38 875 	 1.70572 875 0 	 78 77 79 
39 868 	 1.69312 868 0 	 81 80 82 
40 861 	 1.67929 861 0 	 84 83 85 
41 855 	 1.66627 855 0 	 87 86 88 
42 849 	 1.65698 849 0 	 90 89 91 
43 844 	 1.6432 844 0 	 93 92 94 
44 836 	 1.63147 836 0 	 96 95 97 
45 832 	 1.6211 832 0 	 99 98 100 
46 825 	 1.60862 825 0 	 102 101 103 
47 820 	 1.59766 820 0 	 107 104 109 
48 806 	 1.57088 806 0 	 113 110 115 
49 797 	 1.55406 797 0 	 119 116 121 
50 790 	 1.54106 790 0 	 125 122 127 
51 785 	 1.53098 785 0 	 131 128 133 
52 779 	 1.51838 779 0 	 137 134 139 
53 773 	 1.5079 773 0 	 143 140 145 
54 767 	 1.49516 767 0 	 149 146 151 
55 761 	 1.48322 761 0 	 155 152 157 
56 758 	 1.47777 758 0 	 161 158 163 
57 754 	 1.47036 754 0 	 167 164 169 
58 748 	 1.45998 748 0 	 173 170 175 
59 745 	 1.45298 745 0 	 179 176 181 
60 741 	 1.44572 741 0 	 185 182 187 
61 737 	 1.43656 737 0 	 191 188 193 
62 723 	 1.41136 723 0 	 224 194 254 
63 708 	 1.3827 708 0 	 255 255 255 
64 512 	 1 512 0 	 0 0 0   # compresses ieta bin 1, pt 0
65 2047 	 2 1023 1 	 15 15 15 
66 2047 	 2 1023 1 	 16 16 16 
67 2047 	 2 1023 1 	 17 17 17 
68 2047 	 2 1023 1 	 18 18 18 
69 2047 	 2 1023 1 	 19 19 19 
70 2047 	 2 1023 1 	 20 20 20 
71 2047 	 2 1023 1 	 21 21 21 
72 2047 	 2 1023 1 	 22 22 22 
73 2047 	 2 1023 1 	 23 23 23 
74 2047 	 2 1023 1 	 24 24 24 
75 2047 	 2 1023 1 	 25 25 25 
76 2047 	 2 1023 1 	 26 26 26 
77 2047 	 2 1023 1 	 27 27 27 
78 2047 	 2 1023 1 	 28 28 28 
79 2047 	 2 1023 1 	 29 29 29 
80 2047 	 2 1023 1 	 30 30 30 
81 2047 	 2 1023 1 	 31 31 31 
82 2047 	 2 1023 1 	 33 32 33 
83 2047 	 2 1023 1 	 35 34 35 
84 2047 	 2 1023 1 	 37 36 37 
85 2047 	 2 1023 1 	 39 38 39 
86 2047 	 2 1023 1 	 41 40 41 
87 2047 	 2 1023 1 	 43 42 43 
88 2047 	 2 1023 1 	 45 44 45 
89 2045 	 1.9952 1021 1 	 47 46 47 
90 1011 	 1.97019 1011 0 	 49 48 49 
91 1001 	 1.95065 1001 0 	 51 50 51 
92 988 	 1.92108 988 0 	 53 52 53 
93 975 	 1.90012 975 0 	 55 54 55 
94 968 	 1.88798 968 0 	 57 56 57 
95 957 	 1.86562 957 0 	 59 58 59 
96 947 	 1.84691 947 0 	 61 60 61 
97 937 	 1.82274 937 0 	 63 62 64 
98 922 	 1.79288 922 0 	 66 65 67 
99 911 	 1.77477 911 0 	 69 68 70 
100 902 	 1.75473 902 0 	 72 71 73 
101 886 	 1.72935 886 0 	 75 74 76 
102 878 	 1.70927 878 0 	 78 77 79 
103 871 	 1.69664 871 0 	 81 80 82 
104 864 	 1.68278 864 0 	 84 83 85 
105 858 	 1.67145 858 0 	 87 86 88 
106 852 	 1.66091 852 0 	 90 89 91 
107 844 	 1.64718 844 0 	 93 92 94 
108 839 	 1.63559 839 0 	 96 95 97 
109 834 	 1.62649 834 0 	 99 98 100 
110 827 	 1.61426 827 0 	 102 101 103 
111 822 	 1.60326 822 0 	 107 104 109 
112 808 	 1.57639 808 0 	 113 110 115 
113 800 	 1.55951 800 0 	 119 116 121 
114 794 	 1.54647 794 0 	 125 122 127 
115 789 	 1.53635 789 0 	 131 128 133 
116 781 	 1.52371 781 0 	 137 134 139 
117 776 	 1.51319 776 0 	 143 140 145 
118 769 	 1.50041 769 0 	 149 146 151 
119 764 	 1.48889 764 0 	 155 152 157 
120 761 	 1.48371 761 0 	 161 158 163 
121 757 	 1.47635 757 0 	 167 164 169 
122 751 	 1.46593 751 0 	 173 170 175 
123 747 	 1.45889 747 0 	 179 176 181 
124 744 	 1.45161 744 0 	 185 182 187 
125 739 	 1.44241 739 0 	 191 188 193 
126 725 	 1.41595 725 0 	 224 194 254 
127 710 	 1.38599 710 0 	 255 255 255 
128 512 	 1 512 0 	 0 0 0   # compresses ieta bin 2, pt 0
129 2047 	 2 1023 1 	 15 15 15 
130 2047 	 2 1023 1 	 16 16 16 
131 2047 	 2 1023 1 	 17 17 17 
132 2047 	 2 1023 1 	 18 18 18 
133 2047 	 2 1023 1 	 19 19 19 
134 2047 	 2 1023 1 	 20 20 20 
135 2047 	 2 1023 1 	 21 21 21 
136 2047 	 2 1023 1 	 22 22 22 
137 2047 	 2 1023 1 	 23 23 23 
138 2047 	 2 1023 1 	 24 24 24 
139 2047 	 2 1023 1 	 25 25 25 
140 2047 	 2 1023 1 	 26 26 26 
141 2047 	 2 1023 1 	 27 27 27 
142 2047 	 2 1023 1 	 28 28 28 
143 2047 	 2 1023 1 	 29 29 29 
144 2047 	 2 1023 1 	 30 30 30 
145 2047 	 2 1023 1 	 31 31 31 
146 2047 	 2 1023 1 	 33 32 33 
147 2047 	 2 1023 1 	 35 34 35 
148 2047 	 2 1023 1 	 37 36 37 
149 2047 	 2 1023 1 	 39 38 39 
150 2047 	 2 1023 1 	 41 40 41 
151 2047 	 2 1023 1 	 43 42 43 
152 2047 	 2 1023 1 	 45 44 45 
153 2047 	 2 1023 1 	 47 46 47 
154 1016 	 1.98121 1016 0 	 49 48 49 
155 1006 	 1.96258 1006 0 	 51 50 51 
156 993 	 1.93156 993 0 	 53 52 53 
157 980 	 1.90863 980 0 	 55 54 55 
158 973 	 1.89722 973 0 	 57 56 57 
159 961 	 1.87444 961 0 	 59 58 59 
160 951 	 1.85645 951 0 	 61 60 61 
161 941 	 1.83354 941 0 	 63 62 64 
162 926 	 1.8037 926 0 	 66 65 67 
163 915 	 1.78549 915 0 	 69 68 70 
164 905 	 1.76518 905 0 	 72 71 73 
165 893 	 1.73936 893 0 	 75 74 76 
166 881 	 1.71883 881 0 	 78 77 79 
167 874 	 1.70597 874 0 	 81 80 82 
168 867 	 1.69204 867 0 	 84 83 85 
169 861 	 1.68064 861 0 	 87 86 88 
170 858 	 1.67005 858 0 	 90 89 91 
171 849 	 1.65505 849 0 	 93 92 94 
172 841 	 1.64066 841 0 	 96 95 97 
173 837 	 1.63055 837 0 	 99 98 100 
174 830 	 1.6176 830 0 	 102 101 103 
175 825 	 1.60606 825 0 	 107 104 109 
176 810 	 1.57915 810 0 	 113 110 115 
177 802 	 1.56208 802 0 	 119 116 121 
178 794 	 1.54845 794 0 	 125 122 127 
179 789 	 1.53806 789 0 	 131 128 133 
180 782 	 1.52539 782 0 	 137 134 139 
181 776 	 1.51439 776 0 	 143 140 145 
182 769 	 1.50155 769 0 	 149 146 151 
183 764 	 1.4897 764 0 	 155 152 157 
184 761 	 1.48362 761 0 	 161 158 163 
185 757 	 1.47615 757 0 	 167 164 169 
186 751 	 1.46562 751 0 	 173 170 175 
187 747 	 1.45853 747 0 	 179 176 181 
188 744 	 1.45125 744 0 	 185 182 187 
189 739 	 1.44206 739 0 	 191 188 193 
190 725 	 1.41504 725 0 	 224 194 254 
191 710 	 1.38682 710 0 	 255 255 255 
192 512 	 1 512 0 	 0 0 0   # compresses ieta bin 3, pt 0
193 2047 	 2 1023 1 	 15 15 15 
194 2047 	 2 1023 1 	 16 16 16 
195 2047 	 2 1023 1 	 17 17 17 
196 2047 	 2 1023 1 	 18 18 18 
197 2047 	 2 1023 1 	 19 19 19 
198 2047 	 2 1023 1 	 20 20 20 
199 2047 	 2 1023 1 	 21 21 21 
200 2047 	 2 1023 1 	 22 22 22 
201 2047 	 2 1023 1 	 23 23 23 
202 2047 	 2 1023 1 	 24 24 24 
203 2047 	 2 1023 1 	 25 25 25 
204 2047 	 2 1023 1 	 26 26 26 
205 2047 	 2 1023 1 	 27 27 27 
206 2047 	 2 1023 1 	 28 28 28 
207 2047 	 2 1023 1 	 29 29 29 
208 2047 	 2 1023 1 	 30 30 30 
209 2047 	 2 1023 1 	 31 31 31 
210 2047 	 2 1023 1 	 33 32 33 
211 2047 	 2 1023 1 	 35 34 35 
212 2047 	 2 1023 1 	 37 36 37 
213 2047 	 2 1023 1 	 39 38 39 
214 2047 	 2 1023 1 	 41 40 41 
215 2047 	 2 1023 1 	 43 42 43 
216 2047 	 2 1023 1 	 45 44 45 
217 2047 	 2 1023 1 	 47 46 47 
218 2047 	 1.99973 1023 1 	 49 48 49 
219 1016 	 1.98093 1016 0 	 51 50 51 
220 1002 	 1.9486 1002 0 	 53 52 53 
221 989 	 1.9246 989 0 	 55 54 55 
222 982 	 1.91272 982 0 	 57 56 57 
223 970 	 1.88843 970 0 	 59 58 59 
224 959 	 1.86959 959 0 	 61 60 61 
225 949 	 1.84611 949 0 	 63 62 64 
226 933 	 1.81606 933 0 	 66 65 67 
227 922 	 1.79858 922 0 	 69 68 70 
228 912 	 1.77812 912 0 	 72 71 73 
229 900 	 1.75211 900 0 	 75 74 76 
230 888 	 1.73143 888 0 	 78 77 79 
231 880 	 1.71847 880 0 	 81 80 82 
232 873 	 1.70444 873 0 	 84 83 85 
233 870 	 1.69315 870 0 	 87 86 88 
234 863 	 1.68345 863 0 	 90 89 91 
235 855 	 1.66856 855 0 	 93 92 94 
236 849 	 1.65451 849 0 	 96 95 97 
237 842 	 1.64343 842 0 	 99 98 100 
238 837 	 1.63062 837 0 	 102 101 103 
239 832 	 1.61916 832 0 	 107 104 109 
240 817 	 1.59203 817 0 	 113 110 115 
241 808 	 1.57482 808 0 	 119 116 121 
242 800 	 1.56087 800 0 	 125 122 127 
243 795 	 1.55002 795 0 	 131 128 133 
244 788 	 1.53705 788 0 	 137 134 139 
245 782 	 1.52572 782 0 	 143 140 145 
246 776 	 1.51254 776 0 	 149 146 151 
247 769 	 1.50035 769 0 	 155 152 157 
248 766 	 1.49397 766 0 	 161 158 163 
249 761 	 1.48631 761 0 	 167 164 169 
250 757 	 1.47571 757 0 	 173 170 175 
251 753 	 1.46857 753 0 	 179 176 181 
252 750 	 1.46123 750 0 	 185 182 187 
253 745 	 1.45198 745 0 	 191 188 193 
254 730 	 1.42411 730 0 	 224 194 254 
255 714 	 1.39478 714 0 	 255 255 255 
256 512 	 1 512 0 	 0 0 0   # compresses ieta bin 4, pt 0
257 2047 	 2 1023 1 	 15 15 15 
258 2047 	 2 1023 1 	 16 16 16 
259 2047 	 2 1023 1 	 17 17 17 
260 2047 	 2 1023 1 	 18 18 18 
261 2047 	 2 1023 1 	 19 19 19 
262 2047 	 2 1023 1 	 20 20 20 
263 2047 	 2 1023 1 	 21 21 21 
264 2047 	 2 1023 1 	 22 22 22 
265 2047 	 2 1023 1 	 23 23 23 
266 2047 	 2 1023 1 	 24 24 24 
267 2047 	 2 1023 1 	 25 25 25 
268 2047 	 2 1023 1 	 26 26 26 
269 2047 	 2 1023 1 	 27 27 27 
270 2047 	 2 1023 1 	 28 28 28 
271 2047 	 2 1023 1 	 29 29 29 
272 2047 	 2 1023 1 	 30 30 30 
273 2047 	 2 1023 1 	 31 31 31 
274 2047 	 2 1023 1 	 33 32 33 
275 2047 	 2 1023 1 	 35 34 35 
276 2047 	 2 1023 1 	 37 36 37 
277 2047 	 2 1023 1 	 39 38 39 
278 2047 	 2 1023 1 	 41 40 41 
279 2047 	 2 1023 1 	 43 42 43 
280 2047 	 2 1023 1 	 45 44 45 
281 2047 	 2 1023 1 	 47 46 47 
282 2047 	 1.99973 1023 1 	 49 48 49 
283 1016 	 1.98093 1016 0 	 51 50 51 
284 1002 	 1.9486 1002 0 	 53 52 53 
285 989 	 1.9246 989 0 	 55 54 55 
286 982 	 1.91272 982 0 	 57 56 57 
287 970 	 1.88843 970 0 	 59 58 59 
288 959 	 1.86959 959 0 	 61 60 61 
289 949 	 1.84611 949 0 	 63 62 64 
290 933 	 1.81606 933 0 	 66 65 67 
291 922 	 1.79918 922 0 	 69 68 70 
292 912 	 1.77812 912 0 	 72 71 73 
293 900 	 1.75211 900 0 	 75 74 76 
294 888 	 1.73143 888 0 	 78 77 79 
295 880 	 1.71847 880 0 	 81 80 82 
296 873 	 1.70444 873 0 	 84 83 85 
297 870 	 1.69315 870 0 	 87 86 88 
298 863 	 1.68345 863 0 	 90 89 91 
299 855 	 1.66813 855 0 	 93 92 94 
300 849 	 1.65451 849 0 	 96 95 97 
301 842 	 1.64343 842 0 	 99 98 100 
302 837 	 1.63062 837 0 	 102 101 103 
303 832 	 1.61916 832 0 	 107 104 109 
304 817 	 1.59203 817 0 	 113 110 115 
305 808 	 1.57482 808 0 	 119 116 121 
306 800 	 1.56087 800 0 	 125 122 127 
307 795 	 1.55002 795 0 	 131 128 133 
308 788 	 1.53705 788 0 	 137 134 139 
309 782 	 1.52572 782 0 	 143 140 145 
310 776 	 1.51254 776 0 	 149 146 151 
311 769 	 1.50035 769 0 	 155 152 157 
312 766 	 1.49397 766 0 	 161 158 163 
313 761 	 1.48631 761 0 	 167 164 169 
314 757 	 1.47571 757 0 	 173 170 175 
315 753 	 1.46857 753 0 	 179 176 181 
316 750 	 1.46123 750 0 	 185 182 187 
317 745 	 1.45198 745 0 	 191 188 193 
318 730 	 1.42413 730 0 	 224 194 254 
319 714 	 1.39478 714 0 	 255 255 255 
320 512 	 1 512 0 	 0 0 0   # compresses ieta bin 5, pt 0
321 2047 	 2 1023 1 	 15 15 15 
322 2047 	 2 1023 1 	 16 16 16 
323 2047 	 2 1023 1 	 17 17 17 
324 2047 	 2 1023 1 	 18 18 18 
325 2047 	 2 1023 1 	 19 19 19 
326 2047 	 2 1023 1 	 20 20 20 
327 2047 	 2 1023 1 	 21 21 21 
328 2047 	 2 1023 1 	 22 22 22 
329 2047 	 2 1023 1 	 23 23 23 
330 2047 	 2 1023 1 	 24 24 24 
331 2047 	 2 1023 1 	 25 25 25 
332 2047 	 2 1023 1 	 26 26 26 
333 2047 	 2 1023 1 	 27 27 27 
334 2047 	 2 1023 1 	 28 28 28 
335 2047 	 2 1023 1 	 29 29 29 
336 2047 	 2 1023 1 	 30 30 30 
337 2047 	 2 1023 1 	 31 31 31 
338 2047 	 2 1023 1 	 33 32 33 
339 2047 	 2 1023 1 	 35 34 35 
340 2047 	 2 1023 1 	 37 36 37 
341 2047 	 2 1023 1 	 39 38 39 
342 2047 	 2 1023 1 	 41 40 41 
343 2047 	 2 1023 1 	 43 42 43 
344 2047 	 2 1023 1 	 45 44 45 
345 2047 	 2 1023 1 	 47 46 47 
346 1021 	 1.98611 1021 0 	 49 48 49 
347 1011 	 1.96715 1011 0 	 51 50 51 
348 993 	 1.93593 993 0 	 53 52 53 
349 981 	 1.91283 981 0 	 55 54 55 
350 977 	 1.90087 977 0 	 57 56 57 
351 962 	 1.87637 962 0 	 59 58 59 
352 955 	 1.85765 955 0 	 61 60 61 
353 941 	 1.83431 941 0 	 63 62 64 
354 926 	 1.80446 926 0 	 66 65 67 
355 919 	 1.78694 919 0 	 69 68 70 
356 905 	 1.76602 905 0 	 72 71 73 
357 893 	 1.74019 893 0 	 75 74 76 
358 881 	 1.71965 881 0 	 78 77 79 
359 874 	 1.70678 874 0 	 81 80 82 
360 867 	 1.69284 867 0 	 84 83 85 
361 864 	 1.68163 864 0 	 87 86 88 
362 858 	 1.67199 858 0 	 90 89 91 
363 849 	 1.65663 849 0 	 93 92 94 
364 842 	 1.64295 842 0 	 96 95 97 
365 837 	 1.63264 837 0 	 99 98 100 
366 830 	 1.62002 830 0 	 102 101 103 
367 825 	 1.60864 825 0 	 107 104 109 
368 810 	 1.58168 810 0 	 113 110 115 
369 802 	 1.56467 802 0 	 119 116 121 
370 796 	 1.55118 796 0 	 125 122 127 
371 791 	 1.54077 791 0 	 131 128 133 
372 784 	 1.52805 784 0 	 137 134 139 
373 778 	 1.51744 778 0 	 143 140 145 
374 771 	 1.5046 771 0 	 149 146 151 
375 766 	 1.49238 766 0 	 155 152 157 
376 763 	 1.48687 763 0 	 161 158 163 
377 758 	 1.47946 758 0 	 167 164 169 
378 753 	 1.46901 753 0 	 173 170 175 
379 749 	 1.46195 749 0 	 179 176 181 
380 745 	 1.45465 745 0 	 185 182 187 
381 741 	 1.44544 741 0 	 191 188 193 
382 726 	 1.41811 726 0 	 224 194 254 
383 711 	 1.38894 711 0 	 255 255 255 
384 512 	 1 512 0 	 0 0 0   # compresses ieta bin 6, pt 0
385 2047 	 2 1023 1 	 15 15 15 
386 2047 	 2 1023 1 	 16 16 16 
387 2047 	 2 1023 1 	 17 17 17 
388 2047 	 2 1023 1 	 18 18 18 
389 2047 	 2 1023 1 	 19 19 19 
390 2047 	 2 1023 1 	 20 20 20 
391 2047 	 2 1023 1 	 21 21 21 
392 2047 	 2 1023 1 	 22 22 22 
393 2047 	 2 1023 1 	 23 23 23 
394 2047 	 2 1023 1 	 24 24 24 
395 2047 	 2 1023 1 	 25 25 25 
396 2047 	 2 1023 1 	 26 26 26 
397 2047 	 2 1023 1 	 27 27 27 
398 2047 	 2 1023 1 	 28 28 28 
399 2047 	 2 1023 1 	 29 29 29 
400 2047 	 2 1023 1 	 30 30 30 
401 2047 	 2 1023 1 	 31 31 31 
402 2047 	 2 1023 1 	 33 32 33 
403 2047 	 2 1023 1 	 35 34 35 
404 2047 	 2 1023 1 	 37 36 37 
405 2047 	 2 1023 1 	 39 38 39 
406 2047 	 2 1023 1 	 41 40 41 
407 2047 	 2 1023 1 	 43 42 43 
408 2047 	 2 1023 1 	 45 44 45 
409 1021 	 1.98895 1021 0 	 47 46 47 
410 1007 	 1.96406 1007 0 	 49 48 49 
411 1001 	 1.94686 1001 0 	 51 50 51 
412 983 	 1.91698 983 0 	 53 52 53 
413 971 	 1.89523 971 0 	 55 54 55 
414 968 	 1.88577 968 0 	 57 56 57 
415 957 	 1.8636 957 0 	 59 58 59 
416 947 	 1.84784 947 0 	 61 60 61 
417 937 	 1.82457 937 0 	 63 62 64 
418 922 	 1.79475 922 0 	 66 65 67 
419 911 	 1.77728 911 0 	 69 68 70 
420 902 	 1.75662 902 0 	 72 71 73 
421 889 	 1.73126 889 0 	 75 74 76 
422 878 	 1.71134 878 0 	 78 77 79 
423 871 	 1.69879 871 0 	 81 80 82 
424 864 	 1.68467 864 0 	 84 83 85 
425 858 	 1.67216 858 0 	 87 86 88 
426 852 	 1.6611 852 0 	 90 89 91 
427 844 	 1.64497 844 0 	 93 92 94 
428 836 	 1.63237 836 0 	 96 95 97 
429 832 	 1.62219 832 0 	 99 98 100 
430 825 	 1.60929 825 0 	 102 101 103 
431 820 	 1.59788 820 0 	 107 104 109 
432 806 	 1.57234 806 0 	 113 110 115 
433 797 	 1.55452 797 0 	 119 116 121 
434 790 	 1.54049 790 0 	 125 122 127 
435 785 	 1.52998 785 0 	 131 128 133 
436 779 	 1.51746 779 0 	 137 134 139 
437 773 	 1.50652 773 0 	 143 140 145 
438 766 	 1.49397 766 0 	 149 146 151 
439 761 	 1.48356 761 0 	 155 152 157 
440 758 	 1.47685 758 0 	 161 158 163 
441 754 	 1.46894 754 0 	 167 164 169 
442 748 	 1.45888 748 0 	 173 170 175 
443 745 	 1.4524 745 0 	 179 176 181 
444 741 	 1.44535 741 0 	 185 182 187 
445 737 	 1.43626 737 0 	 191 188 193 
446 722 	 1.40808 722 0 	 224 194 254 
447 707 	 1.38018 707 0 	 255 255 255 
448 512 	 1 512 0 	 0 0 0   # compresses ieta bin 7, pt 0
449 2047 	 2 1023 1 	 15 15 15 
450 2047 	 2 1023 1 	 16 16 16 
451 2047 	 2 1023 1 	 17 17 17 
452 2047 	 2 1023 1 	 18 18 18 
453 2047 	 2 1023 1 	 19 19 19 
454 2047 	 2 1023 1 	 20 20 20 
455 2047 	 2 1023 1 	 21 21 21 
456 2047 	 2 1023 1 	 22 22 22 
457 2047 	 2 1023 1 	 23 23 23 
458 2047 	 2 1023 1 	 24 24 24 
459 2047 	 2 1023 1 	 25 25 25 
460 2047 	 2 1023 1 	 26 26 26 
461 2047 	 2 1023 1 	 27 27 27 
462 2047 	 2 1023 1 	 28 28 28 
463 2047 	 2 1023 1 	 29 29 29 
464 2047 	 2 1023 1 	 30 30 30 
465 2047 	 2 1023 1 	 31 31 31 
466 2047 	 2 1023 1 	 33 32 33 
467 2047 	 2 1023 1 	 35 34 35 
468 2047 	 2 1023 1 	 37 36 37 
469 2047 	 2 1023 1 	 39 38 39 
470 2047 	 2 1023 1 	 41 40 41 
471 2047 	 2 1023 1 	 43 42 43 
472 2047 	 2 1023 1 	 45 44 45 
473 1011 	 1.96498 1011 0 	 47 46 47 
474 996 	 1.94225 996 0 	 49 48 49 
475 986 	 1.92222 986 0 	 51 50 51 
476 973 	 1.89239 973 0 	 53 52 53 
477 961 	 1.87281 961 0 	 55 54 55 
478 955 	 1.86363 955 0 	 57 56 57 
479 948 	 1.84429 948 0 	 59 58 59 
480 943 	 1.83296 943 0 	 61 60 61 
481 929 	 1.81087 929 0 	 63 62 64 
482 914 	 1.78198 914 0 	 66 65 67 
483 904 	 1.76422 904 0 	 69 68 70 
484 894 	 1.74413 894 0 	 72 71 73 
485 883 	 1.71979 883 0 	 75 74 76 
486 872 	 1.69947 872 0 	 78 77 79 
487 864 	 1.68674 864 0 	 81 80 82 
488 858 	 1.67163 858 0 	 84 83 85 
489 852 	 1.65882 852 0 	 87 86 88 
490 846 	 1.64742 846 0 	 90 89 91 
491 838 	 1.6334 838 0 	 93 92 94 
492 833 	 1.62457 833 0 	 96 95 97 
493 826 	 1.61065 826 0 	 99 98 100 
494 817 	 1.5929 817 0 	 102 101 103 
495 810 	 1.5809 810 0 	 107 104 109 
496 799 	 1.55823 799 0 	 113 110 115 
497 791 	 1.54121 791 0 	 119 116 121 
498 786 	 1.53185 786 0 	 125 122 127 
499 781 	 1.52342 781 0 	 131 128 133 
500 773 	 1.50857 773 0 	 137 134 139 
501 767 	 1.49731 767 0 	 143 140 145 
502 761 	 1.48434 761 0 	 149 146 151 
503 756 	 1.47355 756 0 	 155 152 157 
504 752 	 1.4643 752 0 	 161 158 163 
505 746 	 1.45567 746 0 	 167 164 169 
506 741 	 1.44604 741 0 	 173 170 175 
507 739 	 1.44184 739 0 	 179 176 181 
508 736 	 1.43627 736 0 	 185 182 187 
509 731 	 1.42772 731 0 	 191 188 193 
510 716 	 1.39785 716 0 	 224 194 254 
511 703 	 1.37173 703 0 	 255 255 255 
512 512 	 1 512 0 	 0 0 0   # compresses ieta bin 8, pt 0
513 2047 	 2 1023 1 	 15 15 15 
514 2047 	 2 1023 1 	 16 16 16 
515 2047 	 2 1023 1 	 17 17 17 
516 2047 	 2 1023 1 	 18 18 18 
517 2047 	 2 1023 1 	 19 19 19 
518 2047 	 2 1023 1 	 20 20 20 
519 2047 	 2 1023 1 	 21 21 21 
520 2047 	 2 1023 1 	 22 22 22 
521 2047 	 2 1023 1 	 23 23 23 
522 2047 	 2 1023 1 	 24 24 24 
523 2047 	 2 1023 1 	 25 25 25 
524 2047 	 2 1023 1 	 26 26 26 
525 2047 	 2 1023 1 	 27 27 27 
526 2047 	 2 1023 1 	 28 28 28 
527 2047 	 2 1023 1 	 29 29 29 
528 2047 	 2 1023 1 	 30 30 30 
529 2047 	 2 1023 1 	 31 31 31 
530 2047 	 2 1023 1 	 33 32 33 
531 2047 	 2 1023 1 	 35 34 35 
532 2047 	 2 1023 1 	 37 36 37 
533 2047 	 2 1023 1 	 39 38 39 
534 2047 	 2 1023 1 	 41 40 41 
535 2047 	 2 1023 1 	 43 42 43 
536 1021 	 1.99072 1021 0 	 45 44 45 
537 1006 	 1.96229 1006 0 	 47 46 47 
538 995 	 1.93532 995 0 	 49 48 49 
539 981 	 1.9113 981 0 	 51 50 51 
540 964 	 1.87953 964 0 	 53 52 53 
541 953 	 1.85826 953 0 	 55 54 55 
542 946 	 1.84219 946 0 	 57 56 57 
543 935 	 1.82041 935 0 	 59 58 59 
544 926 	 1.80703 926 0 	 61 60 61 
545 917 	 1.78334 917 0 	 63 62 64 
546 902 	 1.75496 902 0 	 66 65 67 
547 893 	 1.73747 893 0 	 69 68 70 
548 884 	 1.71979 884 0 	 72 71 73 
549 872 	 1.69872 872 0 	 75 74 76 
550 862 	 1.67963 862 0 	 78 77 79 
551 855 	 1.66484 855 0 	 81 80 82 
552 846 	 1.64986 846 0 	 84 83 85 
553 840 	 1.63928 840 0 	 87 86 88 
554 835 	 1.62565 835 0 	 90 89 91 
555 827 	 1.61241 827 0 	 93 92 94 
556 823 	 1.60594 823 0 	 96 95 97 
557 819 	 1.59548 819 0 	 99 98 100 
558 812 	 1.58134 812 0 	 102 101 103 
559 805 	 1.57121 805 0 	 107 104 109 
560 794 	 1.54847 794 0 	 113 110 115 
561 785 	 1.53076 785 0 	 119 116 121 
562 778 	 1.51611 778 0 	 125 122 127 
563 771 	 1.50412 771 0 	 131 128 133 
564 762 	 1.48713 762 0 	 137 134 139 
565 757 	 1.47623 757 0 	 143 140 145 
566 750 	 1.4638 750 0 	 149 146 151 
567 744 	 1.45291 744 0 	 155 152 157 
568 742 	 1.44712 742 0 	 161 158 163 
569 738 	 1.44156 738 0 	 167 164 169 
570 735 	 1.43492 735 0 	 173 170 175 
571 733 	 1.43033 733 0 	 179 176 181 
572 730 	 1.42395 730 0 	 185 182 187 
573 726 	 1.41569 726 0 	 191 188 193 
574 711 	 1.38871 711 0 	 224 194 254 
575 698 	 1.36285 698 0 	 255 255 255 
576 512 	 1 512 0 	 0 0 0   # compresses ieta bin 9, pt 0
577 2047 	 2 1023 1 	 15 15 15 
578 2047 	 2 1023 1 	 16 16 16 
579 2047 	 2 1023 1 	 17 17 17 
580 2047 	 2 1023 1 	 18 18 18 
581 2047 	 2 1023 1 	 19 19 19 
582 2047 	 2 1023 1 	 20 20 20 
583 2047 	 2 1023 1 	 21 21 21 
584 2047 	 2 1023 1 	 22 22 22 
585 2047 	 2 1023 1 	 23 23 23 
586 2047 	 2 1023 1 	 24 24 24 
587 2047 	 2 1023 1 	 25 25 25 
588 2047 	 2 1023 1 	 26 26 26 
589 2047 	 2 1023 1 	 27 27 27 
590 2047 	 2 1023 1 	 28 28 28 
591 2047 	 2 1023 1 	 29 29 29 
592 2047 	 2 1023 1 	 30 30 30 
593 2047 	 2 1023 1 	 31 31 31 
594 2047 	 2 1023 1 	 33 32 33 
595 2047 	 2 1023 1 	 35 34 35 
596 2047 	 2 1023 1 	 37 36 37 
597 2047 	 2 1023 1 	 39 38 39 
598 2047 	 2 1023 1 	 41 40 41 
599 2047 	 2 1023 1 	 43 42 43 
600 1021 	 1.98909 1021 0 	 45 44 45 
601 1006 	 1.96229 1006 0 	 47 46 47 
602 995 	 1.93532 995 0 	 49 48 49 
603 981 	 1.9113 981 0 	 51 50 51 
604 964 	 1.87953 964 0 	 53 52 53 
605 953 	 1.85826 953 0 	 55 54 55 
606 946 	 1.84219 946 0 	 57 56 57 
607 935 	 1.81959 935 0 	 59 58 59 
608 926 	 1.80539 926 0 	 61 60 61 
609 913 	 1.78172 913 0 	 63 62 64 
610 898 	 1.75266 898 0 	 66 65 67 
611 889 	 1.73318 889 0 	 69 68 70 
612 880 	 1.71484 880 0 	 72 71 73 
613 869 	 1.6924 869 0 	 75 74 76 
614 858 	 1.67338 858 0 	 78 77 79 
615 852 	 1.65864 852 0 	 81 80 82 
616 843 	 1.64511 843 0 	 84 83 85 
617 837 	 1.63434 837 0 	 87 86 88 
618 832 	 1.62075 832 0 	 90 89 91 
619 825 	 1.60745 825 0 	 93 92 94 
620 820 	 1.59963 820 0 	 96 95 97 
621 816 	 1.58959 816 0 	 99 98 100 
622 807 	 1.57481 807 0 	 102 101 103 
623 803 	 1.56404 803 0 	 107 104 109 
624 790 	 1.5411 790 0 	 113 110 115 
625 782 	 1.5248 782 0 	 119 116 121 
626 776 	 1.51093 776 0 	 125 122 127 
627 769 	 1.50032 769 0 	 131 128 133 
628 762 	 1.4846 762 0 	 137 134 139 
629 757 	 1.47437 757 0 	 143 140 145 
630 750 	 1.46284 750 0 	 149 146 151 
631 744 	 1.45168 744 0 	 155 152 157 
632 740 	 1.44562 740 0 	 161 158 163 
633 738 	 1.43942 738 0 	 167 164 169 
634 733 	 1.4311 733 0 	 173 170 175 
635 730 	 1.42411 730 0 	 179 176 181 
636 726 	 1.41756 726 0 	 185 182 187 
637 722 	 1.40847 722 0 	 191 188 193 
638 708 	 1.38124 708 0 	 224 194 254 
639 695 	 1.35624 695 0 	 255 255 255 
640 512 	 1 512 0 	 0 0 0   # compresses ieta bin 10, pt 0
641 2047 	 2 1023 1 	 15 15 15 
642 2047 	 2 1023 1 	 16 16 16 
643 2047 	 2 1023 1 	 17 17 17 
644 2047 	 2 1023 1 	 18 18 18 
645 2047 	 2 1023 1 	 19 19 19 
646 2047 	 2 1023 1 	 20 20 20 
647 2047 	 2 1023 1 	 21 21 21 
648 2047 	 2 1023 1 	 22 22 22 
649 2047 	 2 1023 1 	 23 23 23 
650 2047 	 2 1023 1 	 24 24 24 
651 2047 	 2 1023 1 	 25 25 25 
652 2047 	 2 1023 1 	 26 26 26 
653 2047 	 2 1023 1 	 27 27 27 
654 2047 	 2 1023 1 	 28 28 28 
655 2047 	 2 1023 1 	 29 29 29 
656 2047 	 2 1023 1 	 30 30 30 
657 2047 	 2 1023 1 	 31 31 31 
658 2047 	 2 1023 1 	 33 32 33 
659 2047 	 2 1023 1 	 35 34 35 
660 2047 	 2 1023 1 	 37 36 37 
661 2047 	 2 1023 1 	 39 38 39 
662 2047 	 2 1023 1 	 41 40 41 
663 2047 	 2 1023 1 	 43 42 43 
664 1021 	 1.98768 1021 0 	 45 44 45 
665 1006 	 1.96229 1006 0 	 47 46 47 
666 995 	 1.93532 995 0 	 49 48 49 
667 981 	 1.9113 981 0 	 51 50 51 
668 964 	 1.87953 964 0 	 53 52 53 
669 953 	 1.85826 953 0 	 55 54 55 
670 946 	 1.84219 946 0 	 57 56 57 
671 935 	 1.81959 935 0 	 59 58 59 
672 926 	 1.80539 926 0 	 61 60 61 
673 913 	 1.78172 913 0 	 63 62 64 
674 898 	 1.75266 898 0 	 66 65 67 
675 889 	 1.73318 889 0 	 69 68 70 
676 880 	 1.71484 880 0 	 72 71 73 
677 869 	 1.6924 869 0 	 75 74 76 
678 858 	 1.67338 858 0 	 78 77 79 
679 852 	 1.65864 852 0 	 81 80 82 
680 843 	 1.64511 843 0 	 84 83 85 
681 837 	 1.63412 837 0 	 87 86 88 
682 832 	 1.62011 832 0 	 90 89 91 
683 825 	 1.60624 825 0 	 93 92 94 
684 820 	 1.59843 820 0 	 96 95 97 
685 816 	 1.58861 816 0 	 99 98 100 
686 807 	 1.57425 807 0 	 102 101 103 
687 803 	 1.5631 803 0 	 107 104 109 
688 790 	 1.53826 790 0 	 113 110 115 
689 780 	 1.52199 780 0 	 119 116 121 
690 774 	 1.50814 774 0 	 125 122 127 
691 767 	 1.49755 767 0 	 131 128 133 
692 760 	 1.48304 760 0 	 137 134 139 
693 755 	 1.47347 755 0 	 143 140 145 
694 750 	 1.4623 750 0 	 149 146 151 
695 744 	 1.45114 744 0 	 155 152 157 
696 740 	 1.44535 740 0 	 161 158 163 
697 738 	 1.43942 738 0 	 167 164 169 
698 733 	 1.4311 733 0 	 173 170 175 
699 730 	 1.42411 730 0 	 179 176 181 
700 726 	 1.41756 726 0 	 185 182 187 
701 722 	 1.40847 722 0 	 191 188 193 
702 708 	 1.38124 708 0 	 224 194 254 
703 695 	 1.35624 695 0 	 255 255 255 
704 512 	 1 512 0 	 0 0 0   # compresses ieta bin 11, pt 0
705 2047 	 2 1023 1 	 15 15 15 
706 2047 	 2 1023 1 	 16 16 16 
707 2047 	 2 1023 1 	 17 17 17 
708 2047 	 2 1023 1 	 18 18 18 
709 2047 	 2 1023 1 	 19 19 19 
710 2047 	 2 1023 1 	 20 20 20 
711 2047 	 2 1023 1 	 21 21 21 
712 2047 	 2 1023 1 	 22 22 22 
713 2047 	 2 1023 1 	 23 23 23 
714 2047 	 2 1023 1 	 24 24 24 
715 2047 	 2 1023 1 	 25 25 25 
716 2047 	 2 1023 1 	 26 26 26 
717 2047 	 2 1023 1 	 27 27 27 
718 2047 	 2 1023 1 	 28 28 28 
719 2047 	 2 1023 1 	 29 29 29 
720 2047 	 2 1023 1 	 30 30 30 
721 2047 	 2 1023 1 	 31 31 31 
722 2047 	 2 1023 1 	 33 32 33 
723 2047 	 2 1023 1 	 35 34 35 
724 2047 	 2 1023 1 	 37 36 37 
725 2047 	 2 1023 1 	 39 38 39 
726 2047 	 2 1023 1 	 41 40 41 
727 2047 	 2 1023 1 	 43 42 43 
728 1021 	 1.98508 1021 0 	 45 44 45 
729 1005 	 1.95765 1005 0 	 47 46 47 
730 990 	 1.92898 990 0 	 49 48 49 
731 976 	 1.90397 976 0 	 51 50 51 
732 960 	 1.87182 960 0 	 53 52 53 
733 952 	 1.85011 952 0 	 55 54 55 
734 941 	 1.83411 941 0 	 57 56 57 
735 931 	 1.81244 931 0 	 59 58 59 
736 922 	 1.79824 922 0 	 61 60 61 
737 913 	 1.77513 913 0 	 63 62 64 
738 898 	 1.74641 898 0 	 66 65 67 
739 885 	 1.727 885 0 	 69 68 70 
740 877 	 1.7087 877 0 	 72 71 73 
741 865 	 1.68629 865 0 	 75 74 76 
742 855 	 1.6673 855 0 	 78 77 79 
743 849 	 1.6526 849 0 	 81 80 82 
744 843 	 1.63997 843 0 	 84 83 85 
745 837 	 1.62949 837 0 	 87 86 88 
746 829 	 1.61632 829 0 	 90 89 91 
747 822 	 1.60223 822 0 	 93 92 94 
748 817 	 1.59355 817 0 	 96 95 97 
749 813 	 1.58449 813 0 	 99 98 100 
750 805 	 1.56949 805 0 	 102 101 103 
751 798 	 1.55808 798 0 	 107 104 109 
752 785 	 1.53142 785 0 	 113 110 115 
753 778 	 1.51507 778 0 	 119 116 121 
754 769 	 1.50085 769 0 	 125 122 127 
755 766 	 1.49053 766 0 	 131 128 133 
756 756 	 1.47608 756 0 	 137 134 139 
757 751 	 1.46642 751 0 	 143 140 145 
758 747 	 1.45496 747 0 	 149 146 151 
759 741 	 1.44431 741 0 	 155 152 157 
760 737 	 1.4385 737 0 	 161 158 163 
761 735 	 1.43273 735 0 	 167 164 169 
762 731 	 1.42502 731 0 	 173 170 175 
763 727 	 1.41806 727 0 	 179 176 181 
764 723 	 1.41154 723 0 	 185 182 187 
765 719 	 1.4024 719 0 	 191 188 193 
766 705 	 1.37517 705 0 	 224 194 254 
767 694 	 1.35431 694 0 	 255 255 255 
768 512 	 1 512 0 	 0 0 0   # compresses ieta bin 12, pt 0
769 2047 	 2 1023 1 	 15 15 15 
770 2047 	 2 1023 1 	 16 16 16 
771 2047 	 2 1023 1 	 17 17 17 
772 2047 	 2 1023 1 	 18 18 18 
773 2047 	 2 1023 1 	 19 19 19 
774 2047 	 2 1023 1 	 20 20 20 
775 2047 	 2 1023 1 	 21 21 21 
776 2047 	 2 1023 1 	 22 22 22 
777 2047 	 2 1023 1 	 23 23 23 
778 2047 	 2 1023 1 	 24 24 24 
779 2047 	 2 1023 1 	 25 25 25 
780 2047 	 2 1023 1 	 26 26 26 
781 2047 	 2 1023 1 	 27 27 27 
782 2047 	 2 1023 1 	 28 28 28 
783 2047 	 2 1023 1 	 29 29 29 
784 2047 	 2 1023 1 	 30 30 30 
785 2047 	 2 1023 1 	 31 31 31 
786 2047 	 2 1023 1 	 33 32 33 
787 2047 	 2 1023 1 	 35 34 35 
788 2047 	 2 1023 1 	 37 36 37 
789 2047 	 2 1023 1 	 39 38 39 
790 2047 	 2 1023 1 	 41 40 41 
791 1016 	 1.97647 1016 0 	 43 42 43 
792 1004 	 1.95243 1004 0 	 45 44 45 
793 990 	 1.92999 990 0 	 47 46 47 
794 975 	 1.90173 975 0 	 49 48 49 
795 966 	 1.87823 966 0 	 51 50 51 
796 954 	 1.85378 954 0 	 53 52 53 
797 943 	 1.83318 943 0 	 55 54 55 
798 932 	 1.81733 932 0 	 57 56 57 
799 922 	 1.79586 922 0 	 59 58 59 
800 913 	 1.78257 913 0 	 61 60 61 
801 905 	 1.75967 905 0 	 63 62 64 
802 887 	 1.73088 887 0 	 66 65 67 
803 878 	 1.71311 878 0 	 69 68 70 
804 870 	 1.69514 870 0 	 72 71 73 
805 859 	 1.67344 859 0 	 75 74 76 
806 849 	 1.65488 849 0 	 78 77 79 
807 842 	 1.64028 842 0 	 81 80 82 
808 834 	 1.62722 834 0 	 84 83 85 
809 828 	 1.61687 828 0 	 87 86 88 
810 824 	 1.6038 824 0 	 90 89 91 
811 816 	 1.59015 816 0 	 93 92 94 
812 812 	 1.58163 812 0 	 96 95 97 
813 806 	 1.57258 806 0 	 99 98 100 
814 800 	 1.55769 800 0 	 102 101 103 
815 793 	 1.54647 793 0 	 107 104 109 
816 779 	 1.51919 779 0 	 113 110 115 
817 772 	 1.50308 772 0 	 119 116 121 
818 763 	 1.48913 763 0 	 125 122 127 
819 758 	 1.47862 758 0 	 131 128 133 
820 751 	 1.46422 751 0 	 137 134 139 
821 746 	 1.45468 746 0 	 143 140 145 
822 740 	 1.44324 740 0 	 149 146 151 
823 734 	 1.43235 734 0 	 155 152 157 
824 731 	 1.42642 731 0 	 161 158 163 
825 729 	 1.42078 729 0 	 167 164 169 
826 725 	 1.41271 725 0 	 173 170 175 
827 720 	 1.40566 720 0 	 179 176 181 
828 718 	 1.39919 718 0 	 185 182 187 
829 713 	 1.39013 713 0 	 191 188 193 
830 699 	 1.36369 699 0 	 224 194 254 
831 689 	 1.34481 689 0 	 255 255 255 
832 512 	 1 512 0 	 0 0 0   # compresses ieta bin 13, pt 0
833 2047 	 2 1023 1 	 15 15 15 
834 2047 	 2 1023 1 	 16 16 16 
835 2047 	 2 1023 1 	 17 17 17 
836 2047 	 2 1023 1 	 18 18 18 
837 2047 	 2 1023 1 	 19 19 19 
838 2047 	 2 1023 1 	 20 20 20 
839 2047 	 2 1023 1 	 21 21 21 
840 2047 	 2 1023 1 	 22 22 22 
841 2047 	 2 1023 1 	 23 23 23 
842 2047 	 2 1023 1 	 24 24 24 
843 2047 	 2 1023 1 	 25 25 25 
844 2047 	 2 1023 1 	 26 26 26 
845 2047 	 2 1023 1 	 27 27 27 
846 2047 	 2 1023 1 	 28 28 28 
847 2047 	 2 1023 1 	 29 29 29 
848 2047 	 2 1023 1 	 30 30 30 
849 2047 	 2 1023 1 	 31 31 31 
850 2047 	 2 1023 1 	 33 32 33 
851 2047 	 2 1023 1 	 35 34 35 
852 2047 	 2 1023 1 	 37 36 37 
853 2047 	 2 1023 1 	 39 38 39 
854 2047 	 2 1023 1 	 41 40 41 
855 1016 	 1.97757 1016 0 	 43 42 43 
856 1004 	 1.95352 1004 0 	 45 44 45 
857 994 	 1.93107 994 0 	 47 46 47 
858 975 	 1.90279 975 0 	 49 48 49 
859 966 	 1.87927 966 0 	 51 50 51 
860 954 	 1.85481 954 0 	 53 52 53 
861 943 	 1.8342 943 0 	 55 54 55 
862 932 	 1.81833 932 0 	 57 56 57 
863 922 	 1.79686 922 0 	 59 58 59 
864 917 	 1.78356 917 0 	 61 60 61 
865 905 	 1.76065 905 0 	 63 62 64 
866 891 	 1.73184 891 0 	 66 65 67 
867 882 	 1.71406 882 0 	 69 68 70 
868 870 	 1.69609 870 0 	 72 71 73 
869 859 	 1.67437 859 0 	 75 74 76 
870 849 	 1.6558 849 0 	 78 77 79 
871 842 	 1.6412 842 0 	 81 80 82 
872 837 	 1.62812 837 0 	 84 83 85 
873 829 	 1.61776 829 0 	 87 86 88 
874 824 	 1.6047 824 0 	 90 89 91 
875 816 	 1.59104 816 0 	 93 92 94 
876 812 	 1.58251 812 0 	 96 95 97 
877 808 	 1.57346 808 0 	 99 98 100 
878 800 	 1.55856 800 0 	 102 101 103 
879 793 	 1.54733 793 0 	 107 104 109 
880 781 	 1.52004 781 0 	 113 110 115 
881 772 	 1.50391 772 0 	 119 116 121 
882 763 	 1.48996 763 0 	 125 122 127 
883 760 	 1.47944 760 0 	 131 128 133 
884 751 	 1.46503 751 0 	 137 134 139 
885 746 	 1.45549 746 0 	 143 140 145 
886 740 	 1.44404 740 0 	 149 146 151 
887 734 	 1.43314 734 0 	 155 152 157 
888 733 	 1.42722 733 0 	 161 158 163 
889 729 	 1.42157 729 0 	 167 164 169 
890 725 	 1.41349 725 0 	 173 170 175 
891 722 	 1.40644 722 0 	 179 176 181 
892 718 	 1.39997 718 0 	 185 182 187 
893 713 	 1.3909 713 0 	 191 188 193 
894 699 	 1.36443 699 0 	 224 194 254 
895 689 	 1.34556 689 0 	 255 255 255 
896 512 	 1 512 0 	 0 0 0   # compresses ieta bin 14, pt 0
897 2047 	 2 1023 1 	 15 15 15 
898 2047 	 2 1023 1 	 16 16 16 
899 2047 	 2 1023 1 	 17 17 17 
900 2047 	 2 1023 1 	 18 18 18 
901 2047 	 2 1023 1 	 19 19 19 
902 2047 	 2 1023 1 	 20 20 20 
903 2047 	 2 1023 1 	 21 21 21 
904 2047 	 2 1023 1 	 22 22 22 
905 2047 	 2 1023 1 	 23 23 23 
906 2047 	 2 1023 1 	 24 24 24 
907 2047 	 2 1023 1 	 25 25 25 
908 2047 	 2 1023 1 	 26 26 26 
909 2047 	 2 1023 1 	 27 27 27 
910 2047 	 2 1023 1 	 28 28 28 
911 2047 	 2 1023 1 	 29 29 29 
912 2047 	 2 1023 1 	 30 30 30 
913 2047 	 2 1023 1 	 31 31 31 
914 2047 	 2 1023 1 	 33 32 33 
915 2047 	 2 1023 1 	 35 34 35 
916 2047 	 2 1023 1 	 37 36 37 
917 2047 	 2 1023 1 	 39 38 39 
918 2047 	 2 1023 1 	 41 40 41 
919 1016 	 1.97657 1016 0 	 43 42 43 
920 1004 	 1.95531 1004 0 	 45 44 45 
921 994 	 1.93326 994 0 	 47 46 47 
922 980 	 1.90495 980 0 	 49 48 49 
923 966 	 1.88141 966 0 	 51 50 51 
924 954 	 1.85756 954 0 	 53 52 53 
925 947 	 1.84545 947 0 	 55 54 55 
926 941 	 1.82966 941 0 	 57 56 57 
927 927 	 1.80823 927 0 	 59 58 59 
928 922 	 1.79485 922 0 	 61 60 61 
929 909 	 1.77179 909 0 	 63 62 64 
930 894 	 1.74312 894 0 	 66 65 67 
931 885 	 1.72522 885 0 	 69 68 70 
932 877 	 1.70728 877 0 	 72 71 73 
933 865 	 1.68572 865 0 	 75 74 76 
934 855 	 1.66754 855 0 	 78 77 79 
935 849 	 1.6531 849 0 	 81 80 82 
936 843 	 1.64101 843 0 	 84 83 85 
937 837 	 1.63057 837 0 	 87 86 88 
938 829 	 1.6175 829 0 	 90 89 91 
939 822 	 1.60394 822 0 	 93 92 94 
940 817 	 1.59535 817 0 	 96 95 97 
941 813 	 1.58698 813 0 	 99 98 100 
942 807 	 1.57295 807 0 	 102 101 103 
943 801 	 1.56174 801 0 	 107 104 109 
944 788 	 1.53478 788 0 	 113 110 115 
945 778 	 1.5185 778 0 	 119 116 121 
946 772 	 1.50441 772 0 	 125 122 127 
947 766 	 1.49408 766 0 	 131 128 133 
948 758 	 1.47939 758 0 	 137 134 139 
949 753 	 1.46995 753 0 	 143 140 145 
950 749 	 1.45897 749 0 	 149 146 151 
951 743 	 1.44853 743 0 	 155 152 157 
952 740 	 1.4429 740 0 	 161 158 163 
953 737 	 1.43722 737 0 	 167 164 169 
954 733 	 1.43024 733 0 	 173 170 175 
955 730 	 1.42327 730 0 	 179 176 181 
956 726 	 1.41651 726 0 	 185 182 187 
957 722 	 1.40733 722 0 	 191 188 193 
958 708 	 1.38059 708 0 	 224 194 254 
959 697 	 1.36119 697 0 	 255 255 255 
960 512 	 1 512 0 	 0 0 0   # compresses ieta bin 15, pt 0
961 2047 	 2 1023 1 	 15 15 15 
962 2047 	 2 1023 1 	 16 16 16 
963 2047 	 2 1023 1 	 17 17 17 
964 2047 	 2 1023 1 	 18 18 18 
965 2047 	 2 1023 1 	 19 19 19 
966 2047 	 2 1023 1 	 20 20 20 
967 2047 	 2 1023 1 	 21 21 21 
968 2047 	 2 1023 1 	 22 22 22 
969 2047 	 2 1023 1 	 23 23 23 
970 2047 	 2 1023 1 	 24 24 24 
971 2047 	 2 1023 1 	 25 25 25 
972 2047 	 2 1023 1 	 26 26 26 
973 2047 	 2 1023 1 	 27 27 27 
974 2047 	 2 1023 1 	 28 28 28 
975 2047 	 2 1023 1 	 29 29 29 
976 2047 	 2 1023 1 	 30 30 30 
977 2047 	 2 1023 1 	 31 31 31 
978 2047 	 2 1023 1 	 33 32 33 
979 2047 	 2 1023 1 	 35 34 35 
980 2047 	 2 1023 1 	 37 36 37 
981 2047 	 2 1023 1 	 39 38 39 
982 2047 	 2 1023 1 	 41 40 41 
983 2047 	 2 1023 1 	 43 42 43 
984 1021 	 1.98625 1021 0 	 45 44 45 
985 1011 	 1.96629 1011 0 	 47 46 47 
986 995 	 1.93579 995 0 	 49 48 49 
987 981 	 1.9128 981 0 	 51 50 51 
988 973 	 1.89352 973 0 	 53 52 53 
989 971 	 1.88665 971 0 	 55 54 55 
990 959 	 1.87052 959 0 	 57 56 57 
991 948 	 1.84478 948 0 	 59 58 59 
992 943 	 1.83227 943 0 	 61 60 61 
993 929 	 1.80872 929 0 	 63 62 64 
994 914 	 1.77946 914 0 	 66 65 67 
995 904 	 1.75887 904 0 	 69 68 70 
996 894 	 1.73964 894 0 	 72 71 73 
997 879 	 1.71546 879 0 	 75 74 76 
998 869 	 1.69534 869 0 	 78 77 79 
999 861 	 1.68017 861 0 	 81 80 82 
1000 855 	 1.66735 855 0 	 84 83 85 
1001 846 	 1.65067 846 0 	 87 86 88 
1002 841 	 1.64101 841 0 	 90 89 91 
1003 836 	 1.62951 836 0 	 93 92 94 
1004 831 	 1.62078 831 0 	 96 95 97 
1005 826 	 1.61308 826 0 	 99 98 100 
1006 820 	 1.59859 820 0 	 102 101 103 
1007 815 	 1.5895 815 0 	 107 104 109 
1008 806 	 1.57182 806 0 	 113 110 115 
1009 797 	 1.55622 797 0 	 119 116 121 
1010 792 	 1.54311 792 0 	 125 122 127 
1011 787 	 1.53252 787 0 	 131 128 133 
1012 779 	 1.51702 779 0 	 137 134 139 
1013 773 	 1.50727 773 0 	 143 140 145 
1014 767 	 1.49713 767 0 	 149 146 151 
1015 763 	 1.48707 763 0 	 155 152 157 
1016 760 	 1.48101 760 0 	 161 158 163 
1017 757 	 1.47636 757 0 	 167 164 169 
1018 754 	 1.47026 754 0 	 173 170 175 
1019 750 	 1.4631 750 0 	 179 176 181 
1020 747 	 1.45615 747 0 	 185 182 187 
1021 742 	 1.44671 742 0 	 191 188 193 
1022 724 	 1.41368 724 0 	 224 194 254 
1023 712 	 1.3896 712 0 	 255 255 255 
1024 512 	 1 512 0 	 0 0 0   # compresses ieta bin 16, pt 0
1025 2047 	 2 1023 1 	 15 15 15 
1026 2047 	 2 1023 1 	 16 16 16 
1027 2047 	 2 1023 1 	 17 17 17 
1028 2047 	 2 1023 1 	 18 18 18 
1029 2047 	 2 1023 1 	 19 19 19 
1030 2047 	 2 1023 1 	 20 20 20 
1031 2047 	 2 1023 1 	 21 21 21 
1032 2047 	 2 1023 1 	 22 22 22 
1033 2047 	 2 1023 1 	 23 23 23 
1034 2047 	 2 1023 1 	 24 24 24 
1035 2047 	 2 1023 1 	 25 25 25 
1036 2047 	 2 1023 1 	 26 26 26 
1037 2047 	 2 1023 1 	 27 27 27 
1038 2047 	 2 1023 1 	 28 28 28 
1039 2047 	 2 1023 1 	 29 29 29 
1040 2047 	 2 1023 1 	 30 30 30 
1041 2047 	 2 1023 1 	 31 31 31 
1042 2047 	 2 1023 1 	 33 32 33 
1043 2047 	 2 1023 1 	 35 34 35 
1044 2047 	 2 1023 1 	 37 36 37 
1045 2047 	 2 1023 1 	 39 38 39 
1046 2047 	 1.99944 1023 1 	 41 40 41 
1047 1010 	 1.96995 1010 0 	 43 42 43 
1048 999 	 1.94052 999 0 	 45 44 45 
1049 983 	 1.91659 983 0 	 47 46 47 
1050 974 	 1.8938 974 0 	 49 48 49 
1051 961 	 1.86829 961 0 	 51 50 51 
1052 944 	 1.84041 944 0 	 53 52 53 
1053 938 	 1.82419 938 0 	 55 54 55 
1054 928 	 1.80608 928 0 	 57 56 57 
1055 918 	 1.79096 918 0 	 59 58 59 
1056 913 	 1.77771 913 0 	 61 60 61 
1057 901 	 1.75645 901 0 	 63 62 64 
1058 891 	 1.73116 891 0 	 66 65 67 
1059 882 	 1.71748 882 0 	 69 68 70 
1060 873 	 1.70053 873 0 	 72 71 73 
1061 862 	 1.67803 862 0 	 75 74 76 
1062 852 	 1.65993 852 0 	 78 77 79 
1063 846 	 1.64553 846 0 	 81 80 82 
1064 837 	 1.63342 837 0 	 84 83 85 
1065 831 	 1.62242 831 0 	 87 86 88 
1066 826 	 1.6089 826 0 	 90 89 91 
1067 816 	 1.59349 816 0 	 93 92 94 
1068 812 	 1.58492 812 0 	 96 95 97 
1069 808 	 1.57549 808 0 	 99 98 100 
1070 802 	 1.56278 802 0 	 102 101 103 
1071 796 	 1.54951 796 0 	 107 104 109 
1072 779 	 1.51912 779 0 	 113 110 115 
1073 769 	 1.50194 769 0 	 119 116 121 
1074 763 	 1.48779 763 0 	 125 122 127 
1075 758 	 1.47743 758 0 	 131 128 133 
1076 751 	 1.46413 751 0 	 137 134 139 
1077 748 	 1.45639 748 0 	 143 140 145 
1078 742 	 1.44721 742 0 	 149 146 151 
1079 738 	 1.43834 738 0 	 155 152 157 
1080 734 	 1.43159 734 0 	 161 158 163 
1081 731 	 1.42652 731 0 	 167 164 169 
1082 729 	 1.4223 729 0 	 173 170 175 
1083 726 	 1.41493 726 0 	 179 176 181 
1084 722 	 1.40735 722 0 	 185 182 187 
1085 717 	 1.39824 717 0 	 191 188 193 
1086 701 	 1.36918 701 0 	 224 194 254 
1087 691 	 1.34837 691 0 	 255 255 255 
1088 512 	 1 512 0 	 0 0 0   # compresses ieta bin 17, pt 0
1089 2047 	 2 1023 1 	 15 15 15 
1090 2047 	 2 1023 1 	 16 16 16 
1091 2047 	 2 1023 1 	 17 17 17 
1092 2047 	 2 1023 1 	 18 18 18 
1093 2047 	 2 1023 1 	 19 19 19 
1094 2047 	 2 1023 1 	 20 20 20 
1095 2047 	 2 1023 1 	 21 21 21 
1096 2047 	 2 1023 1 	 22 22 22 
1097 2047 	 2 1023 1 	 23 23 23 
1098 2047 	 2 1023 1 	 24 24 24 
1099 2047 	 2 1023 1 	 25 25 25 
1100 2047 	 2 1023 1 	 26 26 26 
1101 2047 	 2 1023 1 	 27 27 27 
1102 1019 	 1.98102 1019 0 	 28 28 28 
1103 1011 	 1.95881 1011 0 	 29 29 29 
1104 994 	 1.93231 994 0 	 30 30 30 
1105 980 	 1.90849 980 0 	 31 31 31 
1106 974 	 1.88807 974 0 	 33 32 33 
1107 963 	 1.87736 963 0 	 35 34 35 
1108 938 	 1.82947 938 0 	 37 36 37 
1109 924 	 1.80109 924 0 	 39 38 39 
1110 915 	 1.77548 915 0 	 41 40 41 
1111 896 	 1.74436 896 0 	 43 42 43 
1112 879 	 1.71151 879 0 	 45 44 45 
1113 865 	 1.68601 865 0 	 47 46 47 
1114 860 	 1.67058 860 0 	 49 48 49 
1115 851 	 1.6599 851 0 	 51 50 51 
1116 838 	 1.63145 838 0 	 53 52 53 
1117 831 	 1.61442 831 0 	 55 54 55 
1118 824 	 1.60344 824 0 	 57 56 57 
1119 810 	 1.5798 810 0 	 59 58 59 
1120 808 	 1.57318 808 0 	 61 60 61 
1121 799 	 1.55559 799 0 	 63 62 64 
1122 786 	 1.53311 786 0 	 66 65 67 
1123 778 	 1.51443 778 0 	 69 68 70 
1124 770 	 1.50219 770 0 	 72 71 73 
1125 766 	 1.49101 766 0 	 75 74 76 
1126 760 	 1.47968 760 0 	 78 77 79 
1127 754 	 1.46886 754 0 	 81 80 82 
1128 745 	 1.45322 745 0 	 84 83 85 
1129 738 	 1.43961 738 0 	 87 86 88 
1130 730 	 1.424 730 0 	 90 89 91 
1131 723 	 1.40968 723 0 	 93 92 94 
1132 719 	 1.40113 719 0 	 96 95 97 
1133 718 	 1.39698 718 0 	 99 98 100 
1134 714 	 1.38973 714 0 	 102 101 103 
1135 710 	 1.38126 710 0 	 107 104 109 
1136 702 	 1.36715 702 0 	 113 110 115 
1137 694 	 1.35092 694 0 	 119 116 121 
1138 688 	 1.33867 688 0 	 125 122 127 
1139 680 	 1.32576 680 0 	 131 128 133 
1140 678 	 1.31967 678 0 	 137 134 139 
1141 671 	 1.30717 671 0 	 143 140 145 
1142 666 	 1.29952 666 0 	 149 146 151 
1143 662 	 1.29134 662 0 	 155 152 157 
1144 659 	 1.28726 659 0 	 161 158 163 
1145 659 	 1.28459 659 0 	 167 164 169 
1146 652 	 1.27276 652 0 	 173 170 175 
1147 652 	 1.27123 652 0 	 179 176 181 
1148 648 	 1.26414 648 0 	 185 182 187 
1149 644 	 1.25666 644 0 	 191 188 193 
1150 631 	 1.23276 631 0 	 224 194 254 
1151 626 	 1.22088 626 0 	 255 255 255 
1152 512 	 1 512 0 	 0 0 0   # compresses ieta bin 18, pt 0
1153 2047 	 2 1023 1 	 15 15 15 
1154 2047 	 2 1023 1 	 16 16 16 
1155 2047 	 2 1023 1 	 17 17 17 
1156 2047 	 2 1023 1 	 18 18 18 
1157 2047 	 2 1023 1 	 19 19 19 
1158 2047 	 2 1023 1 	 20 20 20 
1159 2047 	 2 1023 1 	 21 21 21 
1160 2047 	 2 1023 1 	 22 22 22 
1161 2047 	 2 1023 1 	 23 23 23 
1162 2047 	 2 1023 1 	 24 24 24 
1163 2047 	 2 1023 1 	 25 25 25 
1164 2047 	 2 1023 1 	 26 26 26 
1165 2047 	 2 1023 1 	 27 27 27 
1166 2047 	 2 1023 1 	 28 28 28 
1167 1020 	 1.98558 1020 0 	 29 29 29 
1168 1011 	 1.95871 1011 0 	 30 30 30 
1169 995 	 1.93457 995 0 	 31 31 31 
1170 983 	 1.91474 983 0 	 33 32 33 
1171 978 	 1.90475 978 0 	 35 34 35 
1172 952 	 1.85617 952 0 	 37 36 37 
1173 942 	 1.82737 942 0 	 39 38 39 
1174 928 	 1.80139 928 0 	 41 40 41 
1175 908 	 1.77023 908 0 	 43 42 43 
1176 891 	 1.73593 891 0 	 45 44 45 
1177 880 	 1.71125 880 0 	 47 46 47 
1178 870 	 1.69559 870 0 	 49 48 49 
1179 866 	 1.68475 866 0 	 51 50 51 
1180 853 	 1.65681 853 0 	 53 52 53 
1181 841 	 1.64047 841 0 	 55 54 55 
1182 838 	 1.62876 838 0 	 57 56 57 
1183 823 	 1.60292 823 0 	 59 58 59 
1184 817 	 1.59263 817 0 	 61 60 61 
1185 807 	 1.57404 807 0 	 63 62 64 
1186 798 	 1.5513 798 0 	 66 65 67 
1187 785 	 1.53185 785 0 	 69 68 70 
1188 781 	 1.51852 781 0 	 72 71 73 
1189 773 	 1.50592 773 0 	 75 74 76 
1190 766 	 1.49318 766 0 	 78 77 79 
1191 760 	 1.48181 760 0 	 81 80 82 
1192 751 	 1.46604 751 0 	 84 83 85 
1193 746 	 1.4523 746 0 	 87 86 88 
1194 738 	 1.43656 738 0 	 90 89 91 
1195 731 	 1.42211 731 0 	 93 92 94 
1196 724 	 1.41307 724 0 	 96 95 97 
1197 723 	 1.40842 723 0 	 99 98 100 
1198 719 	 1.40088 719 0 	 102 101 103 
1199 714 	 1.39212 714 0 	 107 104 109 
1200 706 	 1.37744 706 0 	 113 110 115 
1201 699 	 1.36109 699 0 	 119 116 121 
1202 692 	 1.3487 692 0 	 125 122 127 
1203 685 	 1.33562 685 0 	 131 128 133 
1204 682 	 1.32754 682 0 	 137 134 139 
1205 674 	 1.31307 674 0 	 143 140 145 
1206 670 	 1.30496 670 0 	 149 146 151 
1207 665 	 1.29674 665 0 	 155 152 157 
1208 663 	 1.29145 663 0 	 161 158 163 
1209 660 	 1.28724 660 0 	 167 164 169 
1210 654 	 1.27518 654 0 	 173 170 175 
1211 653 	 1.27364 653 0 	 179 176 181 
1212 648 	 1.26608 648 0 	 185 182 187 
1213 646 	 1.2586 646 0 	 191 188 193 
1214 633 	 1.23385 633 0 	 224 194 254 
1215 624 	 1.21711 624 0 	 255 255 255 
1216 512 	 1 512 0 	 0 0 0   # compresses ieta bin 19, pt 0
1217 2047 	 2 1023 1 	 15 15 15 
1218 2047 	 2 1023 1 	 16 16 16 
1219 2047 	 2 1023 1 	 17 17 17 
1220 2047 	 2 1023 1 	 18 18 18 
1221 2047 	 2 1023 1 	 19 19 19 
1222 2047 	 2 1023 1 	 20 20 20 
1223 2047 	 2 1023 1 	 21 21 21 
1224 2047 	 2 1023 1 	 22 22 22 
1225 2047 	 2 1023 1 	 23 23 23 
1226 2047 	 2 1023 1 	 24 24 24 
1227 2047 	 2 1023 1 	 25 25 25 
1228 2047 	 2 1023 1 	 26 26 26 
1229 2047 	 2 1023 1 	 27 27 27 
1230 2047 	 2 1023 1 	 28 28 28 
1231 2047 	 2 1023 1 	 29 29 29 
1232 1020 	 1.98758 1020 0 	 30 30 30 
1233 1012 	 1.96308 1012 0 	 31 31 31 
1234 997 	 1.93964 997 0 	 33 32 33 
1235 991 	 1.9262 991 0 	 35 34 35 
1236 965 	 1.87293 965 0 	 37 36 37 
1237 949 	 1.84131 949 0 	 39 38 39 
1238 934 	 1.81513 934 0 	 41 40 41 
1239 914 	 1.78236 914 0 	 43 42 43 
1240 896 	 1.74751 896 0 	 45 44 45 
1241 885 	 1.72 885 0 	 47 46 47 
1242 875 	 1.70425 875 0 	 49 48 49 
1243 871 	 1.69343 871 0 	 51 50 51 
1244 853 	 1.66454 853 0 	 53 52 53 
1245 845 	 1.64803 845 0 	 55 54 55 
1246 842 	 1.63626 842 0 	 57 56 57 
1247 827 	 1.6103 827 0 	 59 58 59 
1248 821 	 1.59997 821 0 	 61 60 61 
1249 811 	 1.58129 811 0 	 63 62 64 
1250 801 	 1.55844 801 0 	 66 65 67 
1251 789 	 1.53891 789 0 	 69 68 70 
1252 784 	 1.52526 784 0 	 72 71 73 
1253 777 	 1.51208 777 0 	 75 74 76 
1254 770 	 1.49781 770 0 	 78 77 79 
1255 763 	 1.48565 763 0 	 81 80 82 
1256 754 	 1.46985 754 0 	 84 83 85 
1257 746 	 1.45607 746 0 	 87 86 88 
1258 738 	 1.44029 738 0 	 90 89 91 
1259 731 	 1.42538 731 0 	 93 92 94 
1260 727 	 1.41597 727 0 	 96 95 97 
1261 723 	 1.41098 723 0 	 99 98 100 
1262 719 	 1.40311 719 0 	 102 101 103 
1263 714 	 1.39433 714 0 	 107 104 109 
1264 708 	 1.37963 708 0 	 113 110 115 
1265 699 	 1.36326 699 0 	 119 116 121 
1266 694 	 1.35085 694 0 	 125 122 127 
1267 685 	 1.33774 685 0 	 131 128 133 
1268 682 	 1.32952 682 0 	 137 134 139 
1269 674 	 1.31496 674 0 	 143 140 145 
1270 670 	 1.30683 670 0 	 149 146 151 
1271 667 	 1.29857 667 0 	 155 152 157 
1272 663 	 1.29324 663 0 	 161 158 163 
1273 662 	 1.28903 662 0 	 167 164 169 
1274 655 	 1.27695 655 0 	 173 170 175 
1275 655 	 1.27541 655 0 	 179 176 181 
1276 650 	 1.26784 650 0 	 185 182 187 
1277 646 	 1.26035 646 0 	 191 188 193 
1278 633 	 1.2354 633 0 	 224 194 254 
1279 624 	 1.21836 624 0 	 255 255 255 
1280 512 	 1 512 0 	 0 0 0   # compresses ieta bin 20, pt 0
1281 2047 	 2 1023 1 	 15 15 15 
1282 2047 	 2 1023 1 	 16 16 16 
1283 2047 	 2 1023 1 	 17 17 17 
1284 2047 	 2 1023 1 	 18 18 18 
1285 2047 	 2 1023 1 	 19 19 19 
1286 2047 	 2 1023 1 	 20 20 20 
1287 2047 	 2 1023 1 	 21 21 21 
1288 2047 	 2 1023 1 	 22 22 22 
1289 2047 	 2 1023 1 	 23 23 23 
1290 2047 	 2 1023 1 	 24 24 24 
1291 2047 	 2 1023 1 	 25 25 25 
1292 2047 	 2 1023 1 	 26 26 26 
1293 2047 	 2 1023 1 	 27 27 27 
1294 2047 	 2 1023 1 	 28 28 28 
1295 2047 	 2 1023 1 	 29 29 29 
1296 2047 	 2 1023 1 	 30 30 30 
1297 2047 	 2 1023 1 	 31 31 31 
1298 1020 	 1.98391 1020 0 	 33 32 33 
1299 1013 	 1.96761 1013 0 	 35 34 35 
1300 979 	 1.90424 979 0 	 37 36 37 
1301 962 	 1.87014 962 0 	 39 38 39 
1302 946 	 1.84356 946 0 	 41 40 41 
1303 926 	 1.80493 926 0 	 43 42 43 
1304 908 	 1.76852 908 0 	 45 44 45 
1305 892 	 1.73922 892 0 	 47 46 47 
1306 886 	 1.72144 886 0 	 49 48 49 
1307 876 	 1.70437 876 0 	 51 50 51 
1308 862 	 1.67571 862 0 	 53 52 53 
1309 854 	 1.66078 854 0 	 55 54 55 
1310 847 	 1.65031 847 0 	 57 56 57 
1311 836 	 1.62676 836 0 	 59 58 59 
1312 829 	 1.61758 829 0 	 61 60 61 
1313 819 	 1.59869 819 0 	 63 62 64 
1314 809 	 1.57683 809 0 	 66 65 67 
1315 800 	 1.55612 800 0 	 69 68 70 
1316 791 	 1.54211 791 0 	 72 71 73 
1317 784 	 1.52831 784 0 	 75 74 76 
1318 776 	 1.51326 776 0 	 78 77 79 
1319 770 	 1.50037 770 0 	 81 80 82 
1320 760 	 1.48301 760 0 	 84 83 85 
1321 755 	 1.46911 755 0 	 87 86 88 
1322 747 	 1.45318 747 0 	 90 89 91 
1323 737 	 1.43814 737 0 	 93 92 94 
1324 732 	 1.42835 732 0 	 96 95 97 
1325 731 	 1.42363 731 0 	 99 98 100 
1326 724 	 1.41365 724 0 	 102 101 103 
1327 722 	 1.40443 722 0 	 107 104 109 
1328 713 	 1.38915 713 0 	 113 110 115 
1329 705 	 1.37266 705 0 	 119 116 121 
1330 698 	 1.35956 698 0 	 125 122 127 
1331 691 	 1.34577 691 0 	 131 128 133 
1332 685 	 1.33749 685 0 	 137 134 139 
1333 678 	 1.32285 678 0 	 143 140 145 
1334 675 	 1.31467 675 0 	 149 146 151 
1335 670 	 1.30636 670 0 	 155 152 157 
1336 667 	 1.301 667 0 	 161 158 163 
1337 665 	 1.29677 665 0 	 167 164 169 
1338 659 	 1.28537 659 0 	 173 170 175 
1339 659 	 1.28382 659 0 	 179 176 181 
1340 654 	 1.2762 654 0 	 185 182 187 
1341 651 	 1.26866 651 0 	 191 188 193 
1342 637 	 1.24339 637 0 	 224 194 254 
1343 628 	 1.22592 628 0 	 255 255 255 
1344 512 	 1 512 0 	 0 0 0   # compresses ieta bin 21, pt 0
1345 2047 	 2 1023 1 	 15 15 15 
1346 2047 	 2 1023 1 	 16 16 16 
1347 2047 	 2 1023 1 	 17 17 17 
1348 2047 	 2 1023 1 	 18 18 18 
1349 2047 	 2 1023 1 	 19 19 19 
1350 2047 	 2 1023 1 	 20 20 20 
1351 2047 	 2 1023 1 	 21 21 21 
1352 2047 	 2 1023 1 	 22 22 22 
1353 2047 	 2 1023 1 	 23 23 23 
1354 2047 	 2 1023 1 	 24 24 24 
1355 2047 	 2 1023 1 	 25 25 25 
1356 2047 	 2 1023 1 	 26 26 26 
1357 2047 	 2 1023 1 	 27 27 27 
1358 2047 	 2 1023 1 	 28 28 28 
1359 2047 	 2 1023 1 	 29 29 29 
1360 2047 	 2 1023 1 	 30 30 30 
1361 2047 	 2 1023 1 	 31 31 31 
1362 2044 	 1.99313 1020 1 	 33 32 33 
1363 1014 	 1.97675 1014 0 	 35 34 35 
1364 986 	 1.91441 986 0 	 37 36 37 
1365 968 	 1.88013 968 0 	 39 38 39 
1366 953 	 1.8534 953 0 	 41 40 41 
1367 932 	 1.81382 932 0 	 43 42 43 
1368 913 	 1.77723 913 0 	 45 44 45 
1369 896 	 1.74779 896 0 	 47 46 47 
1370 891 	 1.72992 891 0 	 49 48 49 
1371 881 	 1.71277 881 0 	 51 50 51 
1372 863 	 1.68277 863 0 	 53 52 53 
1373 854 	 1.66583 854 0 	 55 54 55 
1374 851 	 1.65534 851 0 	 57 56 57 
1375 840 	 1.63172 840 0 	 59 58 59 
1376 833 	 1.62186 833 0 	 61 60 61 
1377 823 	 1.60229 823 0 	 63 62 64 
1378 813 	 1.58038 813 0 	 66 65 67 
1379 800 	 1.55962 800 0 	 69 68 70 
1380 795 	 1.54558 795 0 	 72 71 73 
1381 787 	 1.53175 787 0 	 75 74 76 
1382 780 	 1.51666 780 0 	 78 77 79 
1383 773 	 1.50375 773 0 	 81 80 82 
1384 763 	 1.48634 763 0 	 84 83 85 
1385 755 	 1.47241 755 0 	 87 86 88 
1386 747 	 1.45645 747 0 	 90 89 91 
1387 739 	 1.44138 739 0 	 93 92 94 
1388 735 	 1.43156 735 0 	 96 95 97 
1389 731 	 1.42585 731 0 	 99 98 100 
1390 727 	 1.41585 727 0 	 102 101 103 
1391 722 	 1.4072 722 0 	 107 104 109 
1392 715 	 1.39414 715 0 	 113 110 115 
1393 707 	 1.37862 707 0 	 119 116 121 
1394 700 	 1.36547 700 0 	 125 122 127 
1395 693 	 1.35161 693 0 	 131 128 133 
1396 689 	 1.3433 689 0 	 137 134 139 
1397 682 	 1.3287 682 0 	 143 140 145 
1398 678 	 1.32072 678 0 	 149 146 151 
1399 673 	 1.31242 673 0 	 155 152 157 
1400 671 	 1.30703 671 0 	 161 158 163 
1401 668 	 1.30278 668 0 	 167 164 169 
1402 662 	 1.29199 662 0 	 173 170 175 
1403 662 	 1.29043 662 0 	 179 176 181 
1404 658 	 1.28277 658 0 	 185 182 187 
1405 654 	 1.27529 654 0 	 191 188 193 
1406 641 	 1.24968 641 0 	 224 194 254 
1407 632 	 1.23238 632 0 	 255 255 255 
1408 512 	 1 512 0 	 0 0 0   # compresses ieta bin 22, pt 0
1409 2047 	 2 1023 1 	 15 15 15 
1410 2047 	 2 1023 1 	 16 16 16 
1411 2047 	 2 1023 1 	 17 17 17 
1412 2047 	 2 1023 1 	 18 18 18 
1413 2047 	 2 1023 1 	 19 19 19 
1414 2047 	 2 1023 1 	 20 20 20 
1415 2047 	 2 1023 1 	 21 21 21 
1416 2047 	 2 1023 1 	 22 22 22 
1417 2047 	 2 1023 1 	 23 23 23 
1418 2047 	 2 1023 1 	 24 24 24 
1419 2047 	 2 1023 1 	 25 25 25 
1420 2047 	 2 1023 1 	 26 26 26 
1421 2047 	 2 1023 1 	 27 27 27 
1422 2047 	 2 1023 1 	 28 28 28 
1423 2047 	 2 1023 1 	 29 29 29 
1424 2047 	 2 1023 1 	 30 30 30 
1425 2047 	 2 1023 1 	 31 31 31 
1426 1021 	 1.99063 1021 0 	 33 32 33 
1427 1013 	 1.97427 1013 0 	 35 34 35 
1428 980 	 1.91201 980 0 	 37 36 37 
1429 963 	 1.87777 963 0 	 39 38 39 
1430 953 	 1.85108 953 0 	 41 40 41 
1431 932 	 1.81155 932 0 	 43 42 43 
1432 913 	 1.775 913 0 	 45 44 45 
1433 896 	 1.7456 896 0 	 47 46 47 
1434 886 	 1.72775 886 0 	 49 48 49 
1435 877 	 1.71062 877 0 	 51 50 51 
1436 862 	 1.68065 862 0 	 53 52 53 
1437 854 	 1.66374 854 0 	 55 54 55 
1438 847 	 1.65326 847 0 	 57 56 57 
1439 836 	 1.62967 836 0 	 59 58 59 
1440 833 	 1.61982 833 0 	 61 60 61 
1441 823 	 1.60028 823 0 	 63 62 64 
1442 809 	 1.5784 809 0 	 66 65 67 
1443 800 	 1.55767 800 0 	 69 68 70 
1444 791 	 1.54364 791 0 	 72 71 73 
1445 784 	 1.52983 784 0 	 75 74 76 
1446 776 	 1.51475 776 0 	 78 77 79 
1447 770 	 1.50186 770 0 	 81 80 82 
1448 761 	 1.48448 761 0 	 84 83 85 
1449 755 	 1.47056 755 0 	 87 86 88 
1450 747 	 1.45462 747 0 	 90 89 91 
1451 739 	 1.43957 739 0 	 93 92 94 
1452 735 	 1.42976 735 0 	 96 95 97 
1453 731 	 1.42406 731 0 	 99 98 100 
1454 725 	 1.41407 725 0 	 102 101 103 
1455 722 	 1.40544 722 0 	 107 104 109 
1456 715 	 1.39239 715 0 	 113 110 115 
1457 707 	 1.37689 707 0 	 119 116 121 
1458 700 	 1.36376 700 0 	 125 122 127 
1459 693 	 1.34991 693 0 	 131 128 133 
1460 689 	 1.34162 689 0 	 137 134 139 
1461 682 	 1.32704 682 0 	 143 140 145 
1462 676 	 1.31906 676 0 	 149 146 151 
1463 672 	 1.31077 672 0 	 155 152 157 
1464 669 	 1.30539 669 0 	 161 158 163 
1465 668 	 1.30114 668 0 	 167 164 169 
1466 661 	 1.29036 661 0 	 173 170 175 
1467 660 	 1.28881 660 0 	 179 176 181 
1468 657 	 1.28116 657 0 	 185 182 187 
1469 654 	 1.27369 654 0 	 191 188 193 
1470 639 	 1.24819 639 0 	 224 194 254 
1471 631 	 1.2311 631 0 	 255 255 255 
1472 512 	 1 512 0 	 0 0 0   # compresses ieta bin 23, pt 0
1473 2047 	 2 1023 1 	 15 15 15 
1474 2047 	 2 1023 1 	 16 16 16 
1475 2047 	 2 1023 1 	 17 17 17 
1476 2047 	 2 1023 1 	 18 18 18 
1477 2047 	 2 1023 1 	 19 19 19 
1478 2047 	 2 1023 1 	 20 20 20 
1479 2047 	 2 1023 1 	 21 21 21 
1480 2047 	 2 1023 1 	 22 22 22 
1481 2047 	 2 1023 1 	 23 23 23 
1482 2047 	 2 1023 1 	 24 24 24 
1483 2047 	 2 1023 1 	 25 25 25 
1484 2047 	 2 1023 1 	 26 26 26 
1485 2047 	 2 1023 1 	 27 27 27 
1486 2047 	 2 1023 1 	 28 28 28 
1487 2047 	 2 1023 1 	 29 29 29 
1488 2047 	 2 1023 1 	 30 30 30 
1489 2047 	 2 1023 1 	 31 31 31 
1490 2045 	 1.99502 1021 1 	 33 32 33 
1491 1020 	 1.97863 1020 0 	 35 34 35 
1492 986 	 1.91498 986 0 	 37 36 37 
1493 968 	 1.88069 968 0 	 39 38 39 
1494 953 	 1.85395 953 0 	 41 40 41 
1495 932 	 1.81436 932 0 	 43 42 43 
1496 913 	 1.77765 913 0 	 45 44 45 
1497 896 	 1.74799 896 0 	 47 46 47 
1498 891 	 1.73012 891 0 	 49 48 49 
1499 881 	 1.7126 881 0 	 51 50 51 
1500 863 	 1.68224 863 0 	 53 52 53 
1501 854 	 1.66416 854 0 	 55 54 55 
1502 851 	 1.65367 851 0 	 57 56 57 
1503 836 	 1.63008 836 0 	 59 58 59 
1504 833 	 1.62023 833 0 	 61 60 61 
1505 823 	 1.60068 823 0 	 63 62 64 
1506 809 	 1.57879 809 0 	 66 65 67 
1507 800 	 1.55805 800 0 	 69 68 70 
1508 791 	 1.54402 791 0 	 72 71 73 
1509 787 	 1.53021 787 0 	 75 74 76 
1510 776 	 1.51513 776 0 	 78 77 79 
1511 770 	 1.50223 770 0 	 81 80 82 
1512 761 	 1.48485 761 0 	 84 83 85 
1513 755 	 1.47093 755 0 	 87 86 88 
1514 747 	 1.45499 747 0 	 90 89 91 
1515 739 	 1.43983 739 0 	 93 92 94 
1516 735 	 1.43087 735 0 	 96 95 97 
1517 731 	 1.42426 731 0 	 99 98 100 
1518 727 	 1.41427 727 0 	 102 101 103 
1519 722 	 1.40564 722 0 	 107 104 109 
1520 715 	 1.39259 715 0 	 113 110 115 
1521 707 	 1.37709 707 0 	 119 116 121 
1522 700 	 1.36395 700 0 	 125 122 127 
1523 693 	 1.35011 693 0 	 131 128 133 
1524 689 	 1.34181 689 0 	 137 134 139 
1525 682 	 1.32723 682 0 	 143 140 145 
1526 676 	 1.31925 676 0 	 149 146 151 
1527 672 	 1.31096 672 0 	 155 152 157 
1528 669 	 1.30558 669 0 	 161 158 163 
1529 668 	 1.30133 668 0 	 167 164 169 
1530 662 	 1.29055 662 0 	 173 170 175 
1531 660 	 1.289 660 0 	 179 176 181 
1532 657 	 1.28135 657 0 	 185 182 187 
1533 654 	 1.27387 654 0 	 191 188 193 
1534 639 	 1.24834 639 0 	 224 194 254 
1535 631 	 1.23118 631 0 	 255 255 255 
1536 512 	 1 512 0 	 0 0 0   # compresses ieta bin 24, pt 0
1537 2047 	 2 1023 1 	 15 15 15 
1538 2047 	 2 1023 1 	 16 16 16 
1539 2047 	 2 1023 1 	 17 17 17 
1540 2047 	 2 1023 1 	 18 18 18 
1541 2047 	 2 1023 1 	 19 19 19 
1542 2047 	 2 1023 1 	 20 20 20 
1543 2047 	 2 1023 1 	 21 21 21 
1544 2047 	 2 1023 1 	 22 22 22 
1545 2047 	 2 1023 1 	 23 23 23 
1546 2047 	 2 1023 1 	 24 24 24 
1547 2047 	 2 1023 1 	 25 25 25 
1548 2047 	 2 1023 1 	 26 26 26 
1549 2047 	 2 1023 1 	 27 27 27 
1550 2047 	 2 1023 1 	 28 28 28 
1551 2047 	 2 1023 1 	 29 29 29 
1552 2047 	 2 1023 1 	 30 30 30 
1553 2047 	 2 1023 1 	 31 31 31 
1554 2045 	 1.99596 1021 1 	 33 32 33 
1555 1020 	 1.97956 1020 0 	 35 34 35 
1556 986 	 1.91588 986 0 	 37 36 37 
1557 968 	 1.88157 968 0 	 39 38 39 
1558 953 	 1.85482 953 0 	 41 40 41 
1559 932 	 1.81521 932 0 	 43 42 43 
1560 913 	 1.77848 913 0 	 45 44 45 
1561 897 	 1.74881 897 0 	 47 46 47 
1562 891 	 1.73093 891 0 	 49 48 49 
1563 881 	 1.7134 881 0 	 51 50 51 
1564 863 	 1.68303 863 0 	 53 52 53 
1565 854 	 1.66494 854 0 	 55 54 55 
1566 851 	 1.65512 851 0 	 57 56 57 
1567 840 	 1.6315 840 0 	 59 58 59 
1568 833 	 1.62164 833 0 	 61 60 61 
1569 823 	 1.60208 823 0 	 63 62 64 
1570 813 	 1.58029 813 0 	 66 65 67 
1571 800 	 1.55978 800 0 	 69 68 70 
1572 795 	 1.54573 795 0 	 72 71 73 
1573 787 	 1.5319 787 0 	 75 74 76 
1574 780 	 1.51742 780 0 	 78 77 79 
1575 773 	 1.50467 773 0 	 81 80 82 
1576 763 	 1.4875 763 0 	 84 83 85 
1577 758 	 1.4751 758 0 	 87 86 88 
1578 750 	 1.45944 750 0 	 90 89 91 
1579 742 	 1.44423 742 0 	 93 92 94 
1580 737 	 1.43525 737 0 	 96 95 97 
1581 733 	 1.42919 733 0 	 99 98 100 
1582 729 	 1.42029 729 0 	 102 101 103 
1583 724 	 1.41162 724 0 	 107 104 109 
1584 717 	 1.40026 717 0 	 113 110 115 
1585 711 	 1.38804 711 0 	 119 116 121 
1586 706 	 1.37559 706 0 	 125 122 127 
1587 699 	 1.36156 699 0 	 131 128 133 
1588 695 	 1.35319 695 0 	 137 134 139 
1589 687 	 1.33873 687 0 	 143 140 145 
1590 683 	 1.33093 683 0 	 149 146 151 
1591 678 	 1.32201 678 0 	 155 152 157 
1592 675 	 1.31594 675 0 	 161 158 163 
1593 672 	 1.31166 672 0 	 167 164 169 
1594 667 	 1.29956 667 0 	 173 170 175 
1595 666 	 1.29755 666 0 	 179 176 181 
1596 661 	 1.28985 661 0 	 185 182 187 
1597 658 	 1.28232 658 0 	 191 188 193 
1598 644 	 1.25619 644 0 	 224 194 254 
1599 635 	 1.23984 635 0 	 255 255 255 
1600 512 	 1 512 0 	 0 0 0   # compresses ieta bin 25, pt 0
1601 2047 	 2 1023 1 	 15 15 15 
1602 2047 	 2 1023 1 	 16 16 16 
1603 2047 	 2 1023 1 	 17 17 17 
1604 2047 	 2 1023 1 	 18 18 18 
1605 2047 	 2 1023 1 	 19 19 19 
1606 2047 	 2 1023 1 	 20 20 20 
1607 2047 	 2 1023 1 	 21 21 21 
1608 2047 	 2 1023 1 	 22 22 22 
1609 2047 	 2 1023 1 	 23 23 23 
1610 2047 	 2 1023 1 	 24 24 24 
1611 2047 	 2 1023 1 	 25 25 25 
1612 2047 	 2 1023 1 	 26 26 26 
1613 2047 	 2 1023 1 	 27 27 27 
1614 2047 	 2 1023 1 	 28 28 28 
1615 2047 	 2 1023 1 	 29 29 29 
1616 2047 	 2 1023 1 	 30 30 30 
1617 2047 	 2 1023 1 	 31 31 31 
1618 2047 	 2 1023 1 	 33 32 33 
1619 2047 	 2 1023 1 	 35 34 35 
1620 2047 	 2 1023 1 	 37 36 37 
1621 2047 	 1.99957 1023 1 	 39 38 39 
1622 1009 	 1.96226 1009 0 	 41 40 41 
1623 986 	 1.92249 986 0 	 43 42 43 
1624 965 	 1.87618 965 0 	 45 44 45 
1625 945 	 1.83982 945 0 	 47 46 47 
1626 933 	 1.81991 933 0 	 49 48 49 
1627 926 	 1.80419 926 0 	 51 50 51 
1628 911 	 1.77177 911 0 	 53 52 53 
1629 901 	 1.7508 901 0 	 55 54 55 
1630 892 	 1.73941 892 0 	 57 56 57 
1631 879 	 1.71282 879 0 	 59 58 59 
1632 871 	 1.6966 871 0 	 61 60 61 
1633 860 	 1.6739 860 0 	 63 62 64 
1634 848 	 1.64782 848 0 	 66 65 67 
1635 830 	 1.61672 830 0 	 69 68 70 
1636 820 	 1.59931 820 0 	 72 71 73 
1637 807 	 1.57004 807 0 	 75 74 76 
1638 799 	 1.55706 799 0 	 78 77 79 
1639 792 	 1.54501 792 0 	 81 80 82 
1640 785 	 1.52791 785 0 	 84 83 85 
1641 775 	 1.51233 775 0 	 87 86 88 
1642 767 	 1.49468 767 0 	 90 89 91 
1643 758 	 1.48021 758 0 	 93 92 94 
1644 756 	 1.47589 756 0 	 96 95 97 
1645 754 	 1.46897 754 0 	 99 98 100 
1646 747 	 1.45783 747 0 	 102 101 103 
1647 743 	 1.4474 743 0 	 107 104 109 
1648 733 	 1.43135 733 0 	 113 110 115 
1649 729 	 1.42 729 0 	 119 116 121 
1650 720 	 1.40432 720 0 	 125 122 127 
1651 713 	 1.39045 713 0 	 131 128 133 
1652 710 	 1.38155 710 0 	 137 134 139 
1653 701 	 1.36727 701 0 	 143 140 145 
1654 697 	 1.35979 697 0 	 149 146 151 
1655 692 	 1.34904 692 0 	 155 152 157 
1656 685 	 1.33657 685 0 	 161 158 163 
1657 683 	 1.33195 683 0 	 167 164 169 
1658 676 	 1.31907 676 0 	 173 170 175 
1659 676 	 1.31728 676 0 	 179 176 181 
1660 672 	 1.30986 672 0 	 185 182 187 
1661 667 	 1.30184 667 0 	 191 188 193 
1662 653 	 1.27557 653 0 	 224 194 254 
1663 645 	 1.25823 645 0 	 255 255 255 
1664 512 	 1 512 0 	 0 0 0   # compresses ieta bin 26, pt 0
1665 2047 	 2 1023 1 	 15 15 15 
1666 2047 	 2 1023 1 	 16 16 16 
1667 2047 	 2 1023 1 	 17 17 17 
1668 2047 	 2 1023 1 	 18 18 18 
1669 2047 	 2 1023 1 	 19 19 19 
1670 2047 	 2 1023 1 	 20 20 20 
1671 2047 	 2 1023 1 	 21 21 21 
1672 2047 	 2 1023 1 	 22 22 22 
1673 2047 	 2 1023 1 	 23 23 23 
1674 2047 	 2 1023 1 	 24 24 24 
1675 2047 	 2 1023 1 	 25 25 25 
1676 2047 	 2 1023 1 	 26 26 26 
1677 2047 	 2 1023 1 	 27 27 27 
1678 2047 	 2 1023 1 	 28 28 28 
1679 2047 	 2 1023 1 	 29 29 29 
1680 2047 	 2 1023 1 	 30 30 30 
1681 2047 	 2 1023 1 	 31 31 31 
1682 2047 	 2 1023 1 	 33 32 33 
1683 2047 	 2 1023 1 	 35 34 35 
1684 2047 	 2 1023 1 	 37 36 37 
1685 2047 	 2 1023 1 	 39 38 39 
1686 2047 	 2 1023 1 	 41 40 41 
1687 2047 	 2 1023 1 	 43 42 43 
1688 2047 	 2 1023 1 	 45 44 45 
1689 2047 	 2 1023 1 	 47 46 47 
1690 2047 	 2 1023 1 	 49 48 49 
1691 2047 	 2 1023 1 	 51 50 51 
1692 2047 	 2 1023 1 	 53 52 53 
1693 2047 	 2 1023 1 	 55 54 55 
1694 2047 	 2 1023 1 	 57 56 57 
1695 1018 	 1.97938 1018 0 	 59 58 59 
1696 1001 	 1.95058 1001 0 	 61 60 61 
1697 982 	 1.91454 982 0 	 63 62 64 
1698 960 	 1.87213 960 0 	 66 65 67 
1699 945 	 1.84318 945 0 	 69 68 70 
1700 930 	 1.80958 930 0 	 72 71 73 
1701 917 	 1.78402 917 0 	 75 74 76 
1702 901 	 1.75582 901 0 	 78 77 79 
1703 896 	 1.74478 896 0 	 81 80 82 
1704 885 	 1.7271 885 0 	 84 83 85 
1705 878 	 1.71138 878 0 	 87 86 88 
1706 869 	 1.69365 869 0 	 90 89 91 
1707 855 	 1.66812 855 0 	 93 92 94 
1708 849 	 1.6576 849 0 	 96 95 97 
1709 842 	 1.6423 842 0 	 99 98 100 
1710 830 	 1.61855 830 0 	 102 101 103 
1711 827 	 1.61082 827 0 	 107 104 109 
1712 815 	 1.59018 815 0 	 113 110 115 
1713 810 	 1.5782 810 0 	 119 116 121 
1714 802 	 1.56203 802 0 	 125 122 127 
1715 791 	 1.54148 791 0 	 131 128 133 
1716 782 	 1.5271 782 0 	 137 134 139 
1717 773 	 1.50607 773 0 	 143 140 145 
1718 766 	 1.49319 766 0 	 149 146 151 
1719 761 	 1.48448 761 0 	 155 152 157 
1720 755 	 1.47306 755 0 	 161 158 163 
1721 754 	 1.46878 754 0 	 167 164 169 
1722 745 	 1.45462 745 0 	 173 170 175 
1723 743 	 1.45002 743 0 	 179 176 181 
1724 741 	 1.445 741 0 	 185 182 187 
1725 739 	 1.44347 739 0 	 191 188 193 
1726 715 	 1.39547 715 0 	 224 194 254 
1727 700 	 1.36744 700 0 	 255 255 255 
1728 512 	 1 512 0 	 0 0 0   # compresses ieta bin 27, pt 0
1729 2047 	 2 1023 1 	 15 15 15 
1730 2047 	 2 1023 1 	 16 16 16 
1731 2047 	 2 1023 1 	 17 17 17 
1732 2047 	 2 1023 1 	 18 18 18 
1733 2047 	 2 1023 1 	 19 19 19 
1734 2047 	 2 1023 1 	 20 20 20 
1735 2047 	 2 1023 1 	 21 21 21 
1736 2047 	 2 1023 1 	 22 22 22 
1737 2047 	 2 1023 1 	 23 23 23 
1738 2047 	 2 1023 1 	 24 24 24 
1739 2047 	 2 1023 1 	 25 25 25 
1740 2047 	 2 1023 1 	 26 26 26 
1741 2047 	 2 1023 1 	 27 27 27 
1742 2047 	 2 1023 1 	 28 28 28 
1743 2047 	 2 1023 1 	 29 29 29 
1744 2047 	 2 1023 1 	 30 30 30 
1745 2047 	 2 1023 1 	 31 31 31 
1746 2047 	 2 1023 1 	 33 32 33 
1747 2047 	 2 1023 1 	 35 34 35 
1748 2047 	 2 1023 1 	 37 36 37 
1749 2047 	 2 1023 1 	 39 38 39 
1750 2047 	 2 1023 1 	 41 40 41 
1751 2047 	 2 1023 1 	 43 42 43 
1752 2047 	 2 1023 1 	 45 44 45 
1753 2047 	 2 1023 1 	 47 46 47 
1754 2047 	 2 1023 1 	 49 48 49 
1755 2047 	 2 1023 1 	 51 50 51 
1756 2047 	 2 1023 1 	 53 52 53 
1757 2047 	 2 1023 1 	 55 54 55 
1758 2047 	 2 1023 1 	 57 56 57 
1759 2047 	 2 1023 1 	 59 58 59 
1760 2047 	 2 1023 1 	 61 60 61 
1761 2047 	 2 1023 1 	 63 62 64 
1762 2047 	 2 1023 1 	 66 65 67 
1763 2047 	 2 1023 1 	 69 68 70 
1764 1022 	 1.99501 1022 0 	 72 71 73 
1765 1012 	 1.97188 1012 0 	 75 74 76 
1766 1000 	 1.94813 1000 0 	 78 77 79 
1767 988 	 1.92511 988 0 	 81 80 82 
1768 977 	 1.90232 977 0 	 84 83 85 
1769 964 	 1.8815 964 0 	 87 86 88 
1770 949 	 1.85188 949 0 	 90 89 91 
1771 937 	 1.82598 937 0 	 93 92 94 
1772 929 	 1.81088 929 0 	 96 95 97 
1773 925 	 1.80513 925 0 	 99 98 100 
1774 915 	 1.78342 915 0 	 102 101 103 
1775 906 	 1.76582 906 0 	 107 104 109 
1776 894 	 1.74196 894 0 	 113 110 115 
1777 879 	 1.71411 879 0 	 119 116 121 
1778 866 	 1.68956 866 0 	 125 122 127 
1779 857 	 1.66993 857 0 	 131 128 133 
1780 848 	 1.65394 848 0 	 137 134 139 
1781 836 	 1.62892 836 0 	 143 140 145 
1782 826 	 1.61122 826 0 	 149 146 151 
1783 822 	 1.60196 822 0 	 155 152 157 
1784 815 	 1.59137 815 0 	 161 158 163 
1785 815 	 1.59044 815 0 	 167 164 169 
1786 803 	 1.56706 803 0 	 173 170 175 
1787 800 	 1.56201 800 0 	 179 176 181 
1788 798 	 1.5562 798 0 	 185 182 187 
1789 797 	 1.55525 797 0 	 191 188 193 
1790 770 	 1.50188 770 0 	 224 194 254 
1791 754 	 1.47178 754 0 	 255 255 255 
1792 512 	 1 512 0 	 0 0 0   # compresses ieta bin 28, pt 0
1793 2047 	 2 1023 1 	 15 15 15 
1794 2047 	 2 1023 1 	 16 16 16 
1795 2047 	 2 1023 1 	 17 17 17 
1796 2047 	 2 1023 1 	 18 18 18 
1797 2047 	 2 1023 1 	 19 19 19 
1798 2047 	 2 1023 1 	 20 20 20 
1799 2047 	 2 1023 1 	 21 21 21 
1800 2047 	 2 1023 1 	 22 22 22 
1801 2047 	 2 1023 1 	 23 23 23 
1802 2047 	 2 1023 1 	 24 24 24 
1803 2047 	 2 1023 1 	 25 25 25 
1804 2047 	 2 1023 1 	 26 26 26 
1805 2047 	 2 1023 1 	 27 27 27 
1806 2047 	 2 1023 1 	 28 28 28 
1807 2047 	 2 1023 1 	 29 29 29 
1808 2047 	 2 1023 1 	 30 30 30 
1809 2047 	 2 1023 1 	 31 31 31 
1810 2047 	 2 1023 1 	 33 32 33 
1811 2047 	 2 1023 1 	 35 34 35 
1812 2047 	 2 1023 1 	 37 36 37 
1813 1022 	 1.99228 1022 0 	 39 38 39 
1814 1021 	 1.98183 1021 0 	 41 40 41 
1815 1004 	 1.95537 1004 0 	 43 42 43 
1816 982 	 1.90884 982 0 	 45 44 45 
1817 972 	 1.88856 972 0 	 47 46 47 
1818 960 	 1.87171 960 0 	 49 48 49 
1819 946 	 1.83973 946 0 	 51 50 51 
1820 940 	 1.83447 940 0 	 53 52 53 
1821 943 	 1.83397 943 0 	 55 54 55 
1822 937 	 1.82487 937 0 	 57 56 57 
1823 922 	 1.79796 922 0 	 59 58 59 
1824 909 	 1.77028 909 0 	 61 60 61 
1825 892 	 1.73818 892 0 	 63 62 64 
1826 871 	 1.69671 871 0 	 66 65 67 
1827 859 	 1.67355 859 0 	 69 68 70 
1828 848 	 1.65282 848 0 	 72 71 73 
1829 835 	 1.62967 835 0 	 75 74 76 
1830 826 	 1.60702 826 0 	 78 77 79 
1831 817 	 1.59432 817 0 	 81 80 82 
1832 818 	 1.59572 818 0 	 84 83 85 
1833 811 	 1.58024 811 0 	 87 86 88 
1834 804 	 1.56908 804 0 	 90 89 91 
1835 805 	 1.56953 805 0 	 93 92 94 
1836 804 	 1.56748 804 0 	 96 95 97 
1837 803 	 1.56725 803 0 	 99 98 100 
1838 797 	 1.55561 797 0 	 102 101 103 
1839 786 	 1.53277 786 0 	 107 104 109 
1840 763 	 1.4856 763 0 	 113 110 115 
1841 735 	 1.43103 735 0 	 119 116 121 
1842 729 	 1.42083 729 0 	 125 122 127 
1843 723 	 1.40863 723 0 	 131 128 133 
1844 711 	 1.388 711 0 	 137 134 139 
1845 708 	 1.3821 708 0 	 143 140 145 
1846 706 	 1.37538 706 0 	 149 146 151 
1847 705 	 1.37432 705 0 	 155 152 157 
1848 704 	 1.37214 704 0 	 161 158 163 
1849 703 	 1.3717 703 0 	 167 164 169 
1850 701 	 1.36787 701 0 	 173 170 175 
1851 700 	 1.36499 700 0 	 179 176 181 
1852 698 	 1.36298 698 0 	 185 182 187 
1853 698 	 1.36115 698 0 	 191 188 193 
1854 678 	 1.32307 678 0 	 224 194 254 
1855 668 	 1.30312 668 0 	 255 255 255 
1856 512 	 1 512 0 	 0 0 0   # compresses ieta bin 29, pt 0
1857 2047 	 2 1023 1 	 15 15 15 
1858 2047 	 2 1023 1 	 16 16 16 
1859 2047 	 2 1023 1 	 17 17 17 
1860 2047 	 2 1023 1 	 18 18 18 
1861 2047 	 2 1023 1 	 19 19 19 
1862 2047 	 2 1023 1 	 20 20 20 
1863 1018 	 1.96601 1018 0 	 21 21 21 
1864 1009 	 1.96364 1009 0 	 22 22 22 
1865 1007 	 1.94601 1007 0 	 23 23 23 
1866 997 	 1.93327 997 0 	 24 24 24 
1867 989 	 1.91554 989 0 	 25 25 25 
1868 972 	 1.893 972 0 	 26 26 26 
1869 963 	 1.86174 963 0 	 27 27 27 
1870 938 	 1.82803 938 0 	 28 28 28 
1871 931 	 1.80832 931 0 	 29 29 29 
1872 918 	 1.77578 918 0 	 30 30 30 
1873 896 	 1.74082 896 0 	 31 31 31 
1874 889 	 1.72668 889 0 	 33 32 33 
1875 883 	 1.71894 883 0 	 35 34 35 
1876 889 	 1.72796 889 0 	 37 36 37 
1877 890 	 1.72759 890 0 	 39 38 39 
1878 890 	 1.72612 890 0 	 41 40 41 
1879 861 	 1.67246 861 0 	 43 42 43 
1880 834 	 1.62033 834 0 	 45 44 45 
1881 826 	 1.61107 826 0 	 47 46 47 
1882 818 	 1.5878 818 0 	 49 48 49 
1883 801 	 1.56225 801 0 	 51 50 51 
1884 799 	 1.55364 799 0 	 53 52 53 
1885 798 	 1.55314 798 0 	 55 54 55 
1886 797 	 1.55173 797 0 	 57 56 57 
1887 788 	 1.53599 788 0 	 59 58 59 
1888 783 	 1.52357 783 0 	 61 60 61 
1889 779 	 1.51817 779 0 	 63 62 64 
1890 766 	 1.49599 766 0 	 66 65 67 
1891 759 	 1.47708 759 0 	 69 68 70 
1892 749 	 1.45718 749 0 	 72 71 73 
1893 739 	 1.44128 739 0 	 75 74 76 
1894 734 	 1.4304 734 0 	 78 77 79 
1895 729 	 1.41717 729 0 	 81 80 82 
1896 718 	 1.40159 718 0 	 84 83 85 
1897 711 	 1.38611 711 0 	 87 86 88 
1898 707 	 1.38034 707 0 	 90 89 91 
1899 709 	 1.38079 709 0 	 93 92 94 
1900 705 	 1.37303 705 0 	 96 95 97 
1901 705 	 1.37188 705 0 	 99 98 100 
1902 697 	 1.35841 697 0 	 102 101 103 
1903 693 	 1.35225 693 0 	 107 104 109 
1904 688 	 1.33906 688 0 	 113 110 115 
1905 681 	 1.32818 681 0 	 119 116 121 
1906 675 	 1.31577 675 0 	 125 122 127 
1907 670 	 1.30476 670 0 	 131 128 133 
1908 663 	 1.29346 663 0 	 137 134 139 
1909 660 	 1.28683 660 0 	 143 140 145 
1910 659 	 1.28449 659 0 	 149 146 151 
1911 658 	 1.28343 658 0 	 155 152 157 
1912 658 	 1.28125 658 0 	 161 158 163 
1913 657 	 1.28081 657 0 	 167 164 169 
1914 655 	 1.27698 655 0 	 173 170 175 
1915 653 	 1.27411 653 0 	 179 176 181 
1916 653 	 1.27209 653 0 	 185 182 187 
1917 651 	 1.27026 651 0 	 191 188 193 
1918 634 	 1.23574 634 0 	 224 194 254 
1919 624 	 1.21759 624 0 	 255 255 255 
1920 512 	 1 512 0 	 0 0 0   # compresses ieta bin 30, pt 0
1921 2047 	 2 1023 1 	 15 15 15 
1922 2047 	 2 1023 1 	 16 16 16 
1923 2047 	 2 1023 1 	 17 17 17 
1924 2047 	 2 1023 1 	 18 18 18 
1925 2047 	 2 1023 1 	 19 19 19 
1926 1020 	 1.98538 1020 0 	 20 20 20 
1927 994 	 1.92671 994 0 	 21 21 21 
1928 986 	 1.9183 986 0 	 22 22 22 
1929 985 	 1.9035 985 0 	 23 23 23 
1930 967 	 1.88305 967 0 	 24 24 24 
1931 959 	 1.86723 959 0 	 25 25 25 
1932 952 	 1.85225 952 0 	 26 26 26 
1933 935 	 1.81882 935 0 	 27 27 27 
1934 920 	 1.78996 920 0 	 28 28 28 
1935 906 	 1.76411 906 0 	 29 29 29 
1936 892 	 1.73157 892 0 	 30 30 30 
1937 880 	 1.7051 880 0 	 31 31 31 
1938 865 	 1.6833 865 0 	 33 32 33 
1939 860 	 1.66951 860 0 	 35 34 35 
1940 841 	 1.6338 841 0 	 37 36 37 
1941 837 	 1.62378 837 0 	 39 38 39 
1942 834 	 1.62231 834 0 	 41 40 41 
1943 813 	 1.58171 813 0 	 43 42 43 
1944 795 	 1.54944 795 0 	 45 44 45 
1945 793 	 1.53926 793 0 	 47 46 47 
1946 786 	 1.52719 786 0 	 49 48 49 
1947 771 	 1.50293 771 0 	 51 50 51 
1948 766 	 1.49364 766 0 	 53 52 53 
1949 766 	 1.49134 766 0 	 55 54 55 
1950 766 	 1.49056 766 0 	 57 56 57 
1951 762 	 1.47952 762 0 	 59 58 59 
1952 758 	 1.47247 758 0 	 61 60 61 
1953 754 	 1.46804 754 0 	 63 62 64 
1954 743 	 1.44586 743 0 	 66 65 67 
1955 733 	 1.42862 733 0 	 69 68 70 
1956 724 	 1.40871 724 0 	 72 71 73 
1957 715 	 1.39255 715 0 	 75 74 76 
1958 707 	 1.37817 707 0 	 78 77 79 
1959 700 	 1.36282 700 0 	 81 80 82 
1960 693 	 1.35116 693 0 	 84 83 85 
1961 693 	 1.35207 693 0 	 87 86 88 
1962 696 	 1.35329 696 0 	 90 89 91 
1963 692 	 1.35098 692 0 	 93 92 94 
1964 689 	 1.34197 689 0 	 96 95 97 
1965 687 	 1.34081 687 0 	 99 98 100 
1966 682 	 1.32734 682 0 	 102 101 103 
1967 679 	 1.32118 679 0 	 107 104 109 
1968 672 	 1.308 672 0 	 113 110 115 
1969 666 	 1.29711 666 0 	 119 116 121 
1970 659 	 1.28392 659 0 	 125 122 127 
1971 652 	 1.27251 652 0 	 131 128 133 
1972 650 	 1.26789 650 0 	 137 134 139 
1973 648 	 1.26292 648 0 	 143 140 145 
1974 646 	 1.2589 646 0 	 149 146 151 
1975 645 	 1.25784 645 0 	 155 152 157 
1976 643 	 1.25566 643 0 	 161 158 163 
1977 643 	 1.25521 643 0 	 167 164 169 
1978 642 	 1.25235 642 0 	 173 170 175 
1979 640 	 1.24996 640 0 	 179 176 181 
1980 640 	 1.24795 640 0 	 185 182 187 
1981 639 	 1.24611 639 0 	 191 188 193 
1982 625 	 1.21944 625 0 	 224 194 254 
1983 618 	 1.20557 618 0 	 255 255 255 
1984 512 	 1 512 0 	 0 0 0   # compresses ieta bin 31, pt 0
1985 2047 	 2 1023 1 	 15 15 15 
1986 2047 	 2 1023 1 	 16 16 16 
1987 2047 	 1.99959 1023 1 	 17 17 17 
1988 1017 	 1.96192 1017 0 	 18 18 18 
1989 993 	 1.93138 993 0 	 19 19 19 
1990 969 	 1.88529 969 0 	 20 20 20 
1991 945 	 1.82888 945 0 	 21 21 21 
1992 938 	 1.82241 938 0 	 22 22 22 
1993 941 	 1.81909 941 0 	 23 23 23 
1994 924 	 1.79993 924 0 	 24 24 24 
1995 917 	 1.7848 917 0 	 25 25 25 
1996 911 	 1.76382 911 0 	 26 26 26 
1997 896 	 1.73235 896 0 	 27 27 27 
1998 874 	 1.70179 874 0 	 28 28 28 
1999 861 	 1.67429 861 0 	 29 29 29 
2000 849 	 1.64996 849 0 	 30 30 30 
2001 839 	 1.63127 839 0 	 31 31 31 
2002 834 	 1.61444 834 0 	 33 32 33 
2003 823 	 1.59689 823 0 	 35 34 35 
2004 807 	 1.57101 807 0 	 37 36 37 
2005 804 	 1.56099 804 0 	 39 38 39 
2006 803 	 1.55952 803 0 	 41 40 41 
2007 783 	 1.52693 783 0 	 43 42 43 
2008 771 	 1.50356 771 0 	 45 44 45 
2009 766 	 1.49338 766 0 	 47 46 47 
2010 760 	 1.47965 760 0 	 49 48 49 
2011 751 	 1.46351 751 0 	 51 50 51 
2012 747 	 1.45528 747 0 	 53 52 53 
2013 747 	 1.45298 747 0 	 55 54 55 
2014 748 	 1.4522 748 0 	 57 56 57 
2015 740 	 1.44284 740 0 	 59 58 59 
2016 737 	 1.43569 737 0 	 61 60 61 
2017 734 	 1.42799 734 0 	 63 62 64 
2018 724 	 1.40682 724 0 	 66 65 67 
2019 715 	 1.39217 715 0 	 69 68 70 
2020 706 	 1.37314 706 0 	 72 71 73 
2021 695 	 1.35614 695 0 	 75 74 76 
2022 691 	 1.34311 691 0 	 78 77 79 
2023 681 	 1.32999 681 0 	 81 80 82 
2024 678 	 1.32144 678 0 	 84 83 85 
2025 675 	 1.31821 675 0 	 87 86 88 
2026 676 	 1.31697 676 0 	 90 89 91 
2027 676 	 1.31675 676 0 	 93 92 94 
2028 671 	 1.30797 671 0 	 96 95 97 
2029 671 	 1.3061 671 0 	 99 98 100 
2030 667 	 1.29888 667 0 	 102 101 103 
2031 664 	 1.29411 664 0 	 107 104 109 
2032 658 	 1.28184 658 0 	 113 110 115 
2033 653 	 1.27151 653 0 	 119 116 121 
2034 647 	 1.25985 647 0 	 125 122 127 
2035 642 	 1.2506 642 0 	 131 128 133 
2036 639 	 1.24598 639 0 	 137 134 139 
2037 637 	 1.24202 637 0 	 143 140 145 
2038 635 	 1.23901 635 0 	 149 146 151 
2039 635 	 1.23795 635 0 	 155 152 157 
2040 634 	 1.23577 634 0 	 161 158 163 
2041 634 	 1.23533 634 0 	 167 164 169 
2042 633 	 1.2334 633 0 	 173 170 175 
2043 632 	 1.23148 632 0 	 179 176 181 
2044 631 	 1.22947 631 0 	 185 182 187 
2045 629 	 1.22764 629 0 	 191 188 193 
2046 617 	 1.20266 617 0 	 224 194 254 
2047 610 	 1.18944 610 0 	 255 255 255 
2048 512 	 1 512 0 	 0 0 0   # compresses ieta bin 32, pt 0
2049 2047 	 2 1023 1 	 15 15 15 
2050 2046 	 1.99665 1022 1 	 16 16 16 
2051 2041 	 1.98645 1017 1 	 17 17 17 
2052 1003 	 1.94878 1003 0 	 18 18 18 
2053 991 	 1.92434 991 0 	 19 19 19 
2054 968 	 1.88177 968 0 	 20 20 20 
2055 945 	 1.82536 945 0 	 21 21 21 
2056 937 	 1.81888 937 0 	 22 22 22 
2057 941 	 1.81557 941 0 	 23 23 23 
2058 924 	 1.79814 924 0 	 24 24 24 
2059 917 	 1.783 917 0 	 25 25 25 
2060 911 	 1.76057 911 0 	 26 26 26 
2061 887 	 1.72085 887 0 	 27 27 27 
2062 873 	 1.69028 873 0 	 28 28 28 
2063 854 	 1.66279 854 0 	 29 29 29 
2064 842 	 1.64098 842 0 	 30 30 30 
2065 839 	 1.6223 839 0 	 31 31 31 
2066 827 	 1.60546 827 0 	 33 32 33 
2067 816 	 1.58792 816 0 	 35 34 35 
2068 799 	 1.5561 799 0 	 37 36 37 
2069 798 	 1.54608 798 0 	 39 38 39 
2070 796 	 1.54461 796 0 	 41 40 41 
2071 777 	 1.51243 777 0 	 43 42 43 
2072 765 	 1.48907 765 0 	 45 44 45 
2073 760 	 1.47889 760 0 	 47 46 47 
2074 755 	 1.46516 755 0 	 49 48 49 
2075 746 	 1.45384 746 0 	 51 50 51 
2076 742 	 1.44561 742 0 	 53 52 53 
2077 743 	 1.44331 743 0 	 55 54 55 
2078 740 	 1.44253 740 0 	 57 56 57 
2079 740 	 1.43829 740 0 	 59 58 59 
2080 737 	 1.43155 737 0 	 61 60 61 
2081 730 	 1.42326 730 0 	 63 62 64 
2082 720 	 1.40195 720 0 	 66 65 67 
2083 715 	 1.3894 715 0 	 69 68 70 
2084 702 	 1.37037 702 0 	 72 71 73 
2085 695 	 1.35337 695 0 	 75 74 76 
2086 688 	 1.34034 688 0 	 78 77 79 
2087 681 	 1.32833 681 0 	 81 80 82 
2088 678 	 1.31978 678 0 	 84 83 85 
2089 675 	 1.31655 675 0 	 87 86 88 
2090 676 	 1.31531 676 0 	 90 89 91 
2091 676 	 1.31509 676 0 	 93 92 94 
2092 671 	 1.30631 671 0 	 96 95 97 
2093 669 	 1.30445 669 0 	 99 98 100 
2094 667 	 1.29664 667 0 	 102 101 103 
2095 662 	 1.29072 662 0 	 107 104 109 
2096 656 	 1.27845 656 0 	 113 110 115 
2097 651 	 1.26812 651 0 	 119 116 121 
2098 645 	 1.25646 645 0 	 125 122 127 
2099 640 	 1.24721 640 0 	 131 128 133 
2100 637 	 1.2426 637 0 	 137 134 139 
2101 635 	 1.23932 635 0 	 143 140 145 
2102 635 	 1.23698 635 0 	 149 146 151 
2103 634 	 1.23592 634 0 	 155 152 157 
2104 632 	 1.23374 632 0 	 161 158 163 
2105 633 	 1.2333 633 0 	 167 164 169 
2106 631 	 1.23137 631 0 	 173 170 175 
2107 630 	 1.22946 630 0 	 179 176 181 
2108 629 	 1.22744 629 0 	 185 182 187 
2109 628 	 1.22561 628 0 	 191 188 193 
2110 615 	 1.20063 615 0 	 224 194 254 
2111 609 	 1.18741 609 0 	 255 255 255 
2112 512 	 1 512 0 	 0 0 0   # compresses ieta bin 33, pt 0
2113 2047 	 2 1023 1 	 15 15 15 
2114 1000 	 1.92499 1000 0 	 16 16 16 
2115 987 	 1.91479 987 0 	 17 17 17 
2116 975 	 1.88246 975 0 	 18 18 18 
2117 951 	 1.84781 951 0 	 19 19 19 
2118 928 	 1.78848 928 0 	 20 20 20 
2119 896 	 1.73337 896 0 	 21 21 21 
2120 890 	 1.72315 890 0 	 22 22 22 
2121 885 	 1.71984 885 0 	 23 23 23 
2122 871 	 1.6952 871 0 	 24 24 24 
2123 867 	 1.6886 867 0 	 25 25 25 
2124 862 	 1.67611 862 0 	 26 26 26 
2125 849 	 1.64361 849 0 	 27 27 27 
2126 837 	 1.62831 837 0 	 28 28 28 
2127 817 	 1.59155 817 0 	 29 29 29 
2128 807 	 1.56725 807 0 	 30 30 30 
2129 797 	 1.54295 797 0 	 31 31 31 
2130 780 	 1.51603 780 0 	 33 32 33 
2131 779 	 1.51429 779 0 	 35 34 35 
2132 765 	 1.48191 765 0 	 37 36 37 
2133 758 	 1.47446 758 0 	 39 38 39 
2134 759 	 1.47298 759 0 	 41 40 41 
2135 742 	 1.44516 742 0 	 43 42 43 
2136 737 	 1.43116 737 0 	 45 44 45 
2137 733 	 1.42528 733 0 	 47 46 47 
2138 729 	 1.41463 729 0 	 49 48 49 
2139 725 	 1.40765 725 0 	 51 50 51 
2140 722 	 1.40271 722 0 	 53 52 53 
2141 719 	 1.39894 719 0 	 55 54 55 
2142 717 	 1.39885 717 0 	 57 56 57 
2143 714 	 1.38887 714 0 	 59 58 59 
2144 708 	 1.37897 708 0 	 61 60 61 
2145 705 	 1.37214 705 0 	 63 62 64 
2146 701 	 1.36294 701 0 	 66 65 67 
2147 696 	 1.35306 696 0 	 69 68 70 
2148 685 	 1.33167 685 0 	 72 71 73 
2149 674 	 1.3108 674 0 	 75 74 76 
2150 665 	 1.29299 665 0 	 78 77 79 
2151 656 	 1.27692 656 0 	 81 80 82 
2152 651 	 1.26882 651 0 	 84 83 85 
2153 649 	 1.26575 649 0 	 87 86 88 
2154 650 	 1.26653 650 0 	 90 89 91 
2155 651 	 1.2711 651 0 	 93 92 94 
2156 649 	 1.26529 649 0 	 96 95 97 
2157 651 	 1.26523 651 0 	 99 98 100 
2158 647 	 1.25806 647 0 	 102 101 103 
2159 643 	 1.25151 643 0 	 107 104 109 
2160 634 	 1.23533 634 0 	 113 110 115 
2161 632 	 1.23017 632 0 	 119 116 121 
2162 628 	 1.22566 628 0 	 125 122 127 
2163 627 	 1.22235 627 0 	 131 128 133 
2164 631 	 1.22822 631 0 	 137 134 139 
2165 630 	 1.22722 630 0 	 143 140 145 
2166 628 	 1.22488 628 0 	 149 146 151 
2167 627 	 1.22382 627 0 	 155 152 157 
2168 626 	 1.22164 626 0 	 161 158 163 
2169 626 	 1.2212 626 0 	 167 164 169 
2170 625 	 1.21928 625 0 	 173 170 175 
2171 624 	 1.21736 624 0 	 179 176 181 
2172 624 	 1.21534 624 0 	 185 182 187 
2173 623 	 1.21351 623 0 	 191 188 193 
2174 611 	 1.19194 611 0 	 224 194 254 
2175 605 	 1.18004 605 0 	 255 255 255 
2176 512 	 1 512 0 	 0 0 0   # compresses ieta bin 34, pt 0
2177 934 	 1.81571 934 0 	 15 15 15 
2178 904 	 1.74877 904 0 	 16 16 16 
2179 896 	 1.72344 896 0 	 17 17 17 
2180 877 	 1.70463 877 0 	 18 18 18 
2181 870 	 1.68766 870 0 	 19 19 19 
2182 841 	 1.63749 841 0 	 20 20 20 
2183 824 	 1.60262 824 0 	 21 21 21 
2184 821 	 1.5924 821 0 	 22 22 22 
2185 818 	 1.58664 818 0 	 23 23 23 
2186 807 	 1.56849 807 0 	 24 24 24 
2187 804 	 1.56189 804 0 	 25 25 25 
2188 803 	 1.54939 803 0 	 26 26 26 
2189 792 	 1.53403 792 0 	 27 27 27 
2190 791 	 1.52818 791 0 	 28 28 28 
2191 772 	 1.49604 772 0 	 29 29 29 
2192 757 	 1.47418 757 0 	 30 30 30 
2193 748 	 1.45667 748 0 	 31 31 31 
2194 733 	 1.42252 733 0 	 33 32 33 
2195 728 	 1.40965 728 0 	 35 34 35 
2196 709 	 1.37645 709 0 	 37 36 37 
2197 706 	 1.36768 706 0 	 39 38 39 
2198 703 	 1.36654 703 0 	 41 40 41 
2199 700 	 1.35493 700 0 	 43 42 43 
2200 697 	 1.35048 697 0 	 45 44 45 
2201 689 	 1.34043 689 0 	 47 46 47 
2202 687 	 1.33475 687 0 	 49 48 49 
2203 685 	 1.32893 685 0 	 51 50 51 
2204 680 	 1.32515 680 0 	 53 52 53 
2205 678 	 1.32137 678 0 	 55 54 55 
2206 681 	 1.32129 681 0 	 57 56 57 
2207 671 	 1.30843 671 0 	 59 58 59 
2208 666 	 1.29853 666 0 	 61 60 61 
2209 665 	 1.29272 665 0 	 63 62 64 
2210 658 	 1.279 658 0 	 66 65 67 
2211 648 	 1.25774 648 0 	 69 68 70 
2212 638 	 1.24549 638 0 	 72 71 73 
2213 633 	 1.23359 633 0 	 75 74 76 
2214 629 	 1.22233 629 0 	 78 77 79 
2215 621 	 1.20861 621 0 	 81 80 82 
2216 614 	 1.19901 614 0 	 84 83 85 
2217 616 	 1.19961 616 0 	 87 86 88 
2218 616 	 1.20139 616 0 	 90 89 91 
2219 616 	 1.20137 616 0 	 93 92 94 
2220 615 	 1.19658 615 0 	 96 95 97 
2221 614 	 1.19843 614 0 	 99 98 100 
2222 611 	 1.19007 611 0 	 102 101 103 
2223 609 	 1.18626 609 0 	 107 104 109 
2224 602 	 1.17286 602 0 	 113 110 115 
2225 600 	 1.16825 600 0 	 119 116 121 
2226 602 	 1.17188 602 0 	 125 122 127 
2227 601 	 1.17265 601 0 	 131 128 133 
2228 605 	 1.17852 605 0 	 137 134 139 
2229 603 	 1.17311 603 0 	 143 140 145 
2230 596 	 1.16143 596 0 	 149 146 151 
2231 596 	 1.16037 596 0 	 155 152 157 
2232 597 	 1.1643 597 0 	 161 158 163 
2233 599 	 1.16691 599 0 	 167 164 169 
2234 600 	 1.17174 600 0 	 173 170 175 
2235 602 	 1.1732 602 0 	 179 176 181 
2236 601 	 1.17268 601 0 	 185 182 187 
2237 601 	 1.17235 601 0 	 191 188 193 
2238 591 	 1.15309 591 0 	 224 194 254 
2239 588 	 1.14716 588 0 	 255 255 255 
2240 512 	 1 512 0 	 0 0 0   # compresses ieta bin 35, pt 0
2241 848 	 1.64566 848 0 	 15 15 15 
2242 840 	 1.61116 840 0 	 16 16 16 
2243 823 	 1.59953 823 0 	 17 17 17 
2244 818 	 1.5794 818 0 	 18 18 18 
2245 802 	 1.55245 802 0 	 19 19 19 
2246 787 	 1.51767 787 0 	 20 20 20 
2247 774 	 1.49611 774 0 	 21 21 21 
2248 764 	 1.48711 764 0 	 22 22 22 
2249 762 	 1.47866 762 0 	 23 23 23 
2250 754 	 1.46486 754 0 	 24 24 24 
2251 753 	 1.45441 753 0 	 25 25 25 
2252 744 	 1.447 744 0 	 26 26 26 
2253 736 	 1.43203 736 0 	 27 27 27 
2254 736 	 1.4288 736 0 	 28 28 28 
2255 728 	 1.40597 728 0 	 29 29 29 
2256 714 	 1.38922 714 0 	 30 30 30 
2257 706 	 1.36692 706 0 	 31 31 31 
2258 687 	 1.33737 687 0 	 33 32 33 
2259 677 	 1.31378 677 0 	 35 34 35 
2260 668 	 1.29602 668 0 	 37 36 37 
2261 661 	 1.28733 661 0 	 39 38 39 
2262 660 	 1.2856 660 0 	 41 40 41 
2263 652 	 1.26913 652 0 	 43 42 43 
2264 652 	 1.26654 652 0 	 45 44 45 
2265 646 	 1.25755 646 0 	 47 46 47 
2266 641 	 1.24987 641 0 	 49 48 49 
2267 640 	 1.24497 640 0 	 51 50 51 
2268 640 	 1.24578 640 0 	 53 52 53 
2269 640 	 1.243 640 0 	 55 54 55 
2270 640 	 1.24291 640 0 	 57 56 57 
2271 636 	 1.23334 636 0 	 59 58 59 
2272 632 	 1.2331 632 0 	 61 60 61 
2273 632 	 1.2302 632 0 	 63 62 64 
2274 627 	 1.21856 627 0 	 66 65 67 
2275 618 	 1.20147 618 0 	 69 68 70 
2276 614 	 1.19669 614 0 	 72 71 73 
2277 609 	 1.18554 609 0 	 75 74 76 
2278 606 	 1.18178 606 0 	 78 77 79 
2279 602 	 1.17504 602 0 	 81 80 82 
2280 602 	 1.17015 602 0 	 84 83 85 
2281 602 	 1.17082 602 0 	 87 86 88 
2282 599 	 1.16881 599 0 	 90 89 91 
2283 599 	 1.16884 599 0 	 93 92 94 
2284 599 	 1.16463 599 0 	 96 95 97 
2285 599 	 1.16715 599 0 	 99 98 100 
2286 596 	 1.16128 596 0 	 102 101 103 
2287 595 	 1.15841 595 0 	 107 104 109 
2288 591 	 1.14878 591 0 	 113 110 115 
2289 589 	 1.14582 589 0 	 119 116 121 
2290 589 	 1.14945 589 0 	 125 122 127 
2291 590 	 1.15022 590 0 	 131 128 133 
2292 594 	 1.15609 594 0 	 137 134 139 
2293 592 	 1.15319 592 0 	 143 140 145 
2294 587 	 1.14401 587 0 	 149 146 151 
2295 587 	 1.14558 587 0 	 155 152 157 
2296 591 	 1.15213 591 0 	 161 158 163 
2297 593 	 1.15474 593 0 	 167 164 169 
2298 596 	 1.16086 596 0 	 173 170 175 
2299 596 	 1.16296 596 0 	 179 176 181 
2300 599 	 1.16702 599 0 	 185 182 187 
2301 599 	 1.16669 599 0 	 191 188 193 
2302 588 	 1.14743 588 0 	 224 194 254 
2303 585 	 1.1415 585 0 	 255 255 255 
2304 512 	 1 512 0 	 0 0 0   # compresses ieta bin 36, pt 0
2305 811 	 1.55921 811 0 	 15 15 15 
2306 792 	 1.53077 792 0 	 16 16 16 
2307 791 	 1.51914 791 0 	 17 17 17 
2308 775 	 1.50063 775 0 	 18 18 18 
2309 775 	 1.49268 775 0 	 19 19 19 
2310 762 	 1.46281 762 0 	 20 20 20 
2311 750 	 1.44384 750 0 	 21 21 21 
2312 740 	 1.43905 740 0 	 22 22 22 
2313 740 	 1.42946 740 0 	 23 23 23 
2314 732 	 1.42572 732 0 	 24 24 24 
2315 733 	 1.42331 733 0 	 25 25 25 
2316 734 	 1.4185 734 0 	 26 26 26 
2317 726 	 1.40826 726 0 	 27 27 27 
2318 727 	 1.40502 727 0 	 28 28 28 
2319 711 	 1.38219 711 0 	 29 29 29 
2320 705 	 1.36936 705 0 	 30 30 30 
2321 698 	 1.34706 698 0 	 31 31 31 
2322 679 	 1.31644 679 0 	 33 32 33 
2323 663 	 1.29178 663 0 	 35 34 35 
2324 655 	 1.27507 655 0 	 37 36 37 
2325 648 	 1.26197 648 0 	 39 38 39 
2326 647 	 1.25857 647 0 	 41 40 41 
2327 640 	 1.24237 640 0 	 43 42 43 
2328 640 	 1.24102 640 0 	 45 44 45 
2329 635 	 1.23453 635 0 	 47 46 47 
2330 635 	 1.22962 635 0 	 49 48 49 
2331 631 	 1.22907 631 0 	 51 50 51 
2332 631 	 1.23039 631 0 	 53 52 53 
2333 631 	 1.22965 631 0 	 55 54 55 
2334 631 	 1.23017 631 0 	 57 56 57 
2335 627 	 1.2206 627 0 	 59 58 59 
2336 628 	 1.22035 628 0 	 61 60 61 
2337 624 	 1.21755 624 0 	 63 62 64 
2338 619 	 1.20596 619 0 	 66 65 67 
2339 611 	 1.18887 611 0 	 69 68 70 
2340 610 	 1.18409 610 0 	 72 71 73 
2341 603 	 1.17294 603 0 	 75 74 76 
2342 599 	 1.16918 599 0 	 78 77 79 
2343 596 	 1.16244 596 0 	 81 80 82 
2344 596 	 1.16028 596 0 	 84 83 85 
2345 596 	 1.163 596 0 	 87 86 88 
2346 596 	 1.16201 596 0 	 90 89 91 
2347 596 	 1.16302 596 0 	 93 92 94 
2348 596 	 1.1593 596 0 	 96 95 97 
2349 596 	 1.16183 596 0 	 99 98 100 
2350 594 	 1.15654 594 0 	 102 101 103 
2351 592 	 1.15505 592 0 	 107 104 109 
2352 588 	 1.14589 588 0 	 113 110 115 
2353 587 	 1.14293 587 0 	 119 116 121 
2354 589 	 1.14656 589 0 	 125 122 127 
2355 590 	 1.14733 590 0 	 131 128 133 
2356 592 	 1.1532 592 0 	 137 134 139 
2357 590 	 1.15093 590 0 	 143 140 145 
2358 585 	 1.14239 585 0 	 149 146 151 
2359 587 	 1.14396 587 0 	 155 152 157 
2360 589 	 1.15051 589 0 	 161 158 163 
2361 591 	 1.15312 591 0 	 167 164 169 
2362 594 	 1.15924 594 0 	 173 170 175 
2363 596 	 1.16134 596 0 	 179 176 181 
2364 597 	 1.16541 597 0 	 185 182 187 
2365 597 	 1.16507 597 0 	 191 188 193 
2366 587 	 1.14581 587 0 	 224 194 254 
2367 584 	 1.13989 584 0 	 255 255 255 
2368 512 	 1 512 0 	 0 0 0   # compresses ieta bin 37, pt 0
2369 811 	 1.5566 811 0 	 15 15 15 
2370 792 	 1.52816 792 0 	 16 16 16 
2371 791 	 1.51653 791 0 	 17 17 17 
2372 775 	 1.49803 775 0 	 18 18 18 
2373 775 	 1.4917 775 0 	 19 19 19 
2374 762 	 1.46323 762 0 	 20 20 20 
2375 750 	 1.44426 750 0 	 21 21 21 
2376 741 	 1.43946 741 0 	 22 22 22 
2377 740 	 1.42988 740 0 	 23 23 23 
2378 733 	 1.42613 733 0 	 24 24 24 
2379 733 	 1.42373 733 0 	 25 25 25 
2380 734 	 1.41891 734 0 	 26 26 26 
2381 726 	 1.40867 726 0 	 27 27 27 
2382 727 	 1.40544 727 0 	 28 28 28 
2383 711 	 1.38261 711 0 	 29 29 29 
2384 705 	 1.36977 705 0 	 30 30 30 
2385 698 	 1.34748 698 0 	 31 31 31 
2386 679 	 1.31685 679 0 	 33 32 33 
2387 663 	 1.2922 663 0 	 35 34 35 
2388 655 	 1.27548 655 0 	 37 36 37 
2389 648 	 1.26239 648 0 	 39 38 39 
2390 647 	 1.25898 647 0 	 41 40 41 
2391 640 	 1.24279 640 0 	 43 42 43 
2392 640 	 1.24144 640 0 	 45 44 45 
2393 635 	 1.23494 635 0 	 47 46 47 
2394 635 	 1.23003 635 0 	 49 48 49 
2395 631 	 1.22948 631 0 	 51 50 51 
2396 631 	 1.2308 631 0 	 53 52 53 
2397 631 	 1.23006 631 0 	 55 54 55 
2398 632 	 1.23058 632 0 	 57 56 57 
2399 627 	 1.22102 627 0 	 59 58 59 
2400 628 	 1.22077 628 0 	 61 60 61 
2401 624 	 1.21797 624 0 	 63 62 64 
2402 619 	 1.20638 619 0 	 66 65 67 
2403 611 	 1.18929 611 0 	 69 68 70 
2404 610 	 1.1845 610 0 	 72 71 73 
2405 603 	 1.17335 603 0 	 75 74 76 
2406 599 	 1.16959 599 0 	 78 77 79 
2407 596 	 1.16286 596 0 	 81 80 82 
2408 596 	 1.1607 596 0 	 84 83 85 
2409 596 	 1.16249 596 0 	 87 86 88 
2410 596 	 1.16103 596 0 	 90 89 91 
2411 596 	 1.16204 596 0 	 93 92 94 
2412 594 	 1.15832 594 0 	 96 95 97 
2413 596 	 1.16084 596 0 	 99 98 100 
2414 594 	 1.15555 594 0 	 102 101 103 
2415 592 	 1.15439 592 0 	 107 104 109 
2416 588 	 1.14589 588 0 	 113 110 115 
2417 587 	 1.14293 587 0 	 119 116 121 
2418 589 	 1.14656 589 0 	 125 122 127 
2419 590 	 1.14733 590 0 	 131 128 133 
2420 592 	 1.1532 592 0 	 137 134 139 
2421 590 	 1.15093 590 0 	 143 140 145 
2422 585 	 1.14239 585 0 	 149 146 151 
2423 587 	 1.14396 587 0 	 155 152 157 
2424 589 	 1.15051 589 0 	 161 158 163 
2425 591 	 1.15312 591 0 	 167 164 169 
2426 594 	 1.15924 594 0 	 173 170 175 
2427 596 	 1.16134 596 0 	 179 176 181 
2428 597 	 1.16541 597 0 	 185 182 187 
2429 597 	 1.16507 597 0 	 191 188 193 
2430 587 	 1.14581 587 0 	 224 194 254 
2431 584 	 1.13989 584 0 	 255 255 255 
2432 512 	 1 512 0 	 0 0 0   # compresses ieta bin 38, pt 0
2433 863 	 1.67027 863 0 	 15 15 15 
2434 840 	 1.62324 840 0 	 16 16 16 
2435 823 	 1.59649 823 0 	 17 17 17 
2436 818 	 1.57635 818 0 	 18 18 18 
2437 815 	 1.57001 815 0 	 19 19 19 
2438 790 	 1.53681 790 0 	 20 20 20 
2439 787 	 1.51783 787 0 	 21 21 21 
2440 786 	 1.52691 786 0 	 22 22 22 
2441 785 	 1.52118 785 0 	 23 23 23 
2442 764 	 1.48503 764 0 	 24 24 24 
2443 763 	 1.4755 763 0 	 25 25 25 
2444 754 	 1.45251 754 0 	 26 26 26 
2445 745 	 1.44227 745 0 	 27 27 27 
2446 745 	 1.44397 745 0 	 28 28 28 
2447 730 	 1.42114 730 0 	 29 29 29 
2448 723 	 1.40831 723 0 	 30 30 30 
2449 715 	 1.38601 715 0 	 31 31 31 
2450 702 	 1.35775 702 0 	 33 32 33 
2451 685 	 1.33546 685 0 	 35 34 35 
2452 682 	 1.31853 682 0 	 37 36 37 
2453 666 	 1.29526 666 0 	 39 38 39 
2454 665 	 1.29185 665 0 	 41 40 41 
2455 658 	 1.27566 658 0 	 43 42 43 
2456 652 	 1.27111 652 0 	 45 44 45 
2457 651 	 1.26462 651 0 	 47 46 47 
2458 646 	 1.25971 646 0 	 49 48 49 
2459 645 	 1.25671 645 0 	 51 50 51 
2460 645 	 1.25171 645 0 	 53 52 53 
2461 645 	 1.25097 645 0 	 55 54 55 
2462 645 	 1.25051 645 0 	 57 56 57 
2463 636 	 1.24095 636 0 	 59 58 59 
2464 636 	 1.23936 636 0 	 61 60 61 
2465 636 	 1.23481 636 0 	 63 62 64 
2466 627 	 1.2207 627 0 	 66 65 67 
2467 618 	 1.20032 618 0 	 69 68 70 
2468 614 	 1.19554 614 0 	 72 71 73 
2469 609 	 1.18693 609 0 	 75 74 76 
2470 606 	 1.18002 606 0 	 78 77 79 
2471 602 	 1.17171 602 0 	 81 80 82 
2472 599 	 1.16955 599 0 	 84 83 85 
2473 602 	 1.16957 602 0 	 87 86 88 
2474 599 	 1.16723 599 0 	 90 89 91 
2475 599 	 1.16824 599 0 	 93 92 94 
2476 599 	 1.16452 599 0 	 96 95 97 
2477 599 	 1.16704 599 0 	 99 98 100 
2478 596 	 1.16176 596 0 	 102 101 103 
2479 595 	 1.1606 595 0 	 107 104 109 
2480 591 	 1.15209 591 0 	 113 110 115 
2481 589 	 1.14913 589 0 	 119 116 121 
2482 591 	 1.15277 591 0 	 125 122 127 
2483 592 	 1.15353 592 0 	 131 128 133 
2484 596 	 1.15941 596 0 	 137 134 139 
2485 594 	 1.15714 594 0 	 143 140 145 
2486 589 	 1.1486 589 0 	 149 146 151 
2487 591 	 1.15016 591 0 	 155 152 157 
2488 593 	 1.15672 593 0 	 161 158 163 
2489 594 	 1.15932 594 0 	 167 164 169 
2490 597 	 1.16544 597 0 	 173 170 175 
2491 599 	 1.16754 599 0 	 179 176 181 
2492 600 	 1.17161 600 0 	 185 182 187 
2493 600 	 1.17127 600 0 	 191 188 193 
2494 590 	 1.15201 590 0 	 224 194 254 
2495 588 	 1.14609 588 0 	 255 255 255 
2496 512 	 1 512 0 	 0 0 0   # compresses ieta bin 39, pt 0
2497 896 	 1.72998 896 0 	 15 15 15 
2498 872 	 1.68779 872 0 	 16 16 16 
2499 854 	 1.66104 854 0 	 17 17 17 
2500 847 	 1.64091 847 0 	 18 18 18 
2501 842 	 1.63456 842 0 	 19 19 19 
2502 827 	 1.60657 827 0 	 20 20 20 
2503 823 	 1.5916 823 0 	 21 21 21 
2504 821 	 1.58857 821 0 	 22 22 22 
2505 818 	 1.58284 818 0 	 23 23 23 
2506 795 	 1.5442 795 0 	 24 24 24 
2507 784 	 1.52497 784 0 	 25 25 25 
2508 764 	 1.48474 764 0 	 26 26 26 
2509 763 	 1.47564 763 0 	 27 27 27 
2510 756 	 1.47073 756 0 	 28 28 28 
2511 746 	 1.4479 746 0 	 29 29 29 
2512 738 	 1.43506 738 0 	 30 30 30 
2513 731 	 1.41277 731 0 	 31 31 31 
2514 710 	 1.37704 710 0 	 33 32 33 
2515 699 	 1.35474 699 0 	 35 34 35 
2516 688 	 1.33781 688 0 	 37 36 37 
2517 680 	 1.31454 680 0 	 39 38 39 
2518 678 	 1.31113 678 0 	 41 40 41 
2519 664 	 1.29347 664 0 	 43 42 43 
2520 658 	 1.28126 658 0 	 45 44 45 
2521 657 	 1.27477 657 0 	 47 46 47 
2522 651 	 1.26536 651 0 	 49 48 49 
2523 650 	 1.25995 650 0 	 51 50 51 
2524 645 	 1.25253 645 0 	 53 52 53 
2525 645 	 1.25179 645 0 	 55 54 55 
2526 645 	 1.25133 645 0 	 57 56 57 
2527 640 	 1.24177 640 0 	 59 58 59 
2528 636 	 1.24018 636 0 	 61 60 61 
2529 636 	 1.23434 636 0 	 63 62 64 
2530 627 	 1.21958 627 0 	 66 65 67 
2531 614 	 1.1992 614 0 	 69 68 70 
2532 614 	 1.19442 614 0 	 72 71 73 
2533 609 	 1.18581 609 0 	 75 74 76 
2534 606 	 1.1789 606 0 	 78 77 79 
2535 602 	 1.17059 602 0 	 81 80 82 
2536 599 	 1.16843 599 0 	 84 83 85 
2537 599 	 1.16836 599 0 	 87 86 88 
2538 599 	 1.16597 599 0 	 90 89 91 
2539 599 	 1.16698 599 0 	 93 92 94 
2540 596 	 1.16326 596 0 	 96 95 97 
2541 599 	 1.16579 599 0 	 99 98 100 
2542 596 	 1.1605 596 0 	 102 101 103 
2543 597 	 1.16179 597 0 	 107 104 109 
2544 595 	 1.15819 595 0 	 113 110 115 
2545 593 	 1.15523 593 0 	 119 116 121 
2546 595 	 1.15887 595 0 	 125 122 127 
2547 596 	 1.15963 596 0 	 131 128 133 
2548 597 	 1.16551 597 0 	 137 134 139 
2549 597 	 1.16324 597 0 	 143 140 145 
2550 592 	 1.1547 592 0 	 149 146 151 
2551 592 	 1.15626 592 0 	 155 152 157 
2552 596 	 1.16282 596 0 	 161 158 163 
2553 597 	 1.16543 597 0 	 167 164 169 
2554 600 	 1.17154 600 0 	 173 170 175 
2555 602 	 1.17364 602 0 	 179 176 181 
2556 604 	 1.17771 604 0 	 185 182 187 
2557 604 	 1.17737 604 0 	 191 188 193 
2558 594 	 1.15811 594 0 	 224 194 254 
2559 591 	 1.15219 591 0 	 255 255 255 
