# address to addend+multiplicative factor LUT
# maps 12 bits to 18 bits
# 18 bits = (addend<<10) + multiplier)
# addend is signed 8 bits, multiplier is 10 bits
# anything after # is ignored with the exception of the header
# the header is first valid line starting with #<header> versionStr nrBitsAddress nrBitsData </header>
#<header> v1 12 18 </header>
0 512  # compresses ieta bin 0, pt 0
1 2047
2 2047
3 2047
4 2047
5 2047
6 2047
7 2047
8 2047
9 2047
10 2047
11 2047
12 2047
13 2047
14 2047
15 2047
16 2047
17 2047
18 2047
19 2047
20 2047
21 2047
22 2047
23 2047
24 2047
25 1016
26 1011
27 1001
28 988
29 975
30 968
31 957
32 947
33 933
34 918
35 907
36 898
37 886
38 875
39 868
40 861
41 855
42 849
43 844
44 836
45 832
46 825
47 820
48 806
49 797
50 790
51 785
52 779
53 773
54 767
55 761
56 758
57 754
58 748
59 745
60 741
61 737
62 723
63 708
64 512  # compresses ieta bin 1, pt 0
65 2047
66 2047
67 2047
68 2047
69 2047
70 2047
71 2047
72 2047
73 2047
74 2047
75 2047
76 2047
77 2047
78 2047
79 2047
80 2047
81 2047
82 2047
83 2047
84 2047
85 2047
86 2047
87 2047
88 2047
89 2045
90 1011
91 1001
92 988
93 975
94 968
95 957
96 947
97 937
98 922
99 911
100 902
101 886
102 878
103 871
104 864
105 858
106 852
107 844
108 839
109 834
110 827
111 822
112 808
113 800
114 794
115 789
116 781
117 776
118 769
119 764
120 761
121 757
122 751
123 747
124 744
125 739
126 725
127 710
128 512  # compresses ieta bin 2, pt 0
129 2047
130 2047
131 2047
132 2047
133 2047
134 2047
135 2047
136 2047
137 2047
138 2047
139 2047
140 2047
141 2047
142 2047
143 2047
144 2047
145 2047
146 2047
147 2047
148 2047
149 2047
150 2047
151 2047
152 2047
153 2047
154 1016
155 1006
156 993
157 980
158 973
159 961
160 951
161 941
162 926
163 915
164 905
165 893
166 881
167 874
168 867
169 861
170 858
171 849
172 841
173 837
174 830
175 825
176 810
177 802
178 794
179 789
180 782
181 776
182 769
183 764
184 761
185 757
186 751
187 747
188 744
189 739
190 725
191 710
192 512  # compresses ieta bin 3, pt 0
193 2047
194 2047
195 2047
196 2047
197 2047
198 2047
199 2047
200 2047
201 2047
202 2047
203 2047
204 2047
205 2047
206 2047
207 2047
208 2047
209 2047
210 2047
211 2047
212 2047
213 2047
214 2047
215 2047
216 2047
217 2047
218 2047
219 1016
220 1002
221 989
222 982
223 970
224 959
225 949
226 933
227 922
228 912
229 900
230 888
231 880
232 873
233 870
234 863
235 855
236 849
237 842
238 837
239 832
240 817
241 808
242 800
243 795
244 788
245 782
246 776
247 769
248 766
249 761
250 757
251 753
252 750
253 745
254 730
255 714
256 512  # compresses ieta bin 4, pt 0
257 2047
258 2047
259 2047
260 2047
261 2047
262 2047
263 2047
264 2047
265 2047
266 2047
267 2047
268 2047
269 2047
270 2047
271 2047
272 2047
273 2047
274 2047
275 2047
276 2047
277 2047
278 2047
279 2047
280 2047
281 2047
282 2047
283 1016
284 1002
285 989
286 982
287 970
288 959
289 949
290 933
291 922
292 912
293 900
294 888
295 880
296 873
297 870
298 863
299 855
300 849
301 842
302 837
303 832
304 817
305 808
306 800
307 795
308 788
309 782
310 776
311 769
312 766
313 761
314 757
315 753
316 750
317 745
318 730
319 714
320 512  # compresses ieta bin 5, pt 0
321 2047
322 2047
323 2047
324 2047
325 2047
326 2047
327 2047
328 2047
329 2047
330 2047
331 2047
332 2047
333 2047
334 2047
335 2047
336 2047
337 2047
338 2047
339 2047
340 2047
341 2047
342 2047
343 2047
344 2047
345 2047
346 1021
347 1011
348 993
349 981
350 977
351 962
352 955
353 941
354 926
355 919
356 905
357 893
358 881
359 874
360 867
361 864
362 858
363 849
364 842
365 837
366 830
367 825
368 810
369 802
370 796
371 791
372 784
373 778
374 771
375 766
376 763
377 758
378 753
379 749
380 745
381 741
382 726
383 711
384 512  # compresses ieta bin 6, pt 0
385 2047
386 2047
387 2047
388 2047
389 2047
390 2047
391 2047
392 2047
393 2047
394 2047
395 2047
396 2047
397 2047
398 2047
399 2047
400 2047
401 2047
402 2047
403 2047
404 2047
405 2047
406 2047
407 2047
408 2047
409 1021
410 1007
411 1001
412 983
413 971
414 968
415 957
416 947
417 937
418 922
419 911
420 902
421 889
422 878
423 871
424 864
425 858
426 852
427 844
428 836
429 832
430 825
431 820
432 806
433 797
434 790
435 785
436 779
437 773
438 766
439 761
440 758
441 754
442 748
443 745
444 741
445 737
446 722
447 707
448 512  # compresses ieta bin 7, pt 0
449 2047
450 2047
451 2047
452 2047
453 2047
454 2047
455 2047
456 2047
457 2047
458 2047
459 2047
460 2047
461 2047
462 2047
463 2047
464 2047
465 2047
466 2047
467 2047
468 2047
469 2047
470 2047
471 2047
472 2047
473 1011
474 996
475 986
476 973
477 961
478 955
479 948
480 943
481 929
482 914
483 904
484 894
485 883
486 872
487 864
488 858
489 852
490 846
491 838
492 833
493 826
494 817
495 810
496 799
497 791
498 786
499 781
500 773
501 767
502 761
503 756
504 752
505 746
506 741
507 739
508 736
509 731
510 716
511 703
512 512  # compresses ieta bin 8, pt 0
513 2047
514 2047
515 2047
516 2047
517 2047
518 2047
519 2047
520 2047
521 2047
522 2047
523 2047
524 2047
525 2047
526 2047
527 2047
528 2047
529 2047
530 2047
531 2047
532 2047
533 2047
534 2047
535 2047
536 1021
537 1006
538 995
539 981
540 964
541 953
542 946
543 935
544 926
545 917
546 902
547 893
548 884
549 872
550 862
551 855
552 846
553 840
554 835
555 827
556 823
557 819
558 812
559 805
560 794
561 785
562 778
563 771
564 762
565 757
566 750
567 744
568 742
569 738
570 735
571 733
572 730
573 726
574 711
575 698
576 512  # compresses ieta bin 9, pt 0
577 2047
578 2047
579 2047
580 2047
581 2047
582 2047
583 2047
584 2047
585 2047
586 2047
587 2047
588 2047
589 2047
590 2047
591 2047
592 2047
593 2047
594 2047
595 2047
596 2047
597 2047
598 2047
599 2047
600 1021
601 1006
602 995
603 981
604 964
605 953
606 946
607 935
608 926
609 913
610 898
611 889
612 880
613 869
614 858
615 852
616 843
617 837
618 832
619 825
620 820
621 816
622 807
623 803
624 790
625 782
626 776
627 769
628 762
629 757
630 750
631 744
632 740
633 738
634 733
635 730
636 726
637 722
638 708
639 695
640 512  # compresses ieta bin 10, pt 0
641 2047
642 2047
643 2047
644 2047
645 2047
646 2047
647 2047
648 2047
649 2047
650 2047
651 2047
652 2047
653 2047
654 2047
655 2047
656 2047
657 2047
658 2047
659 2047
660 2047
661 2047
662 2047
663 2047
664 1021
665 1006
666 995
667 981
668 964
669 953
670 946
671 935
672 926
673 913
674 898
675 889
676 880
677 869
678 858
679 852
680 843
681 837
682 832
683 825
684 820
685 816
686 807
687 803
688 790
689 780
690 774
691 767
692 760
693 755
694 750
695 744
696 740
697 738
698 733
699 730
700 726
701 722
702 708
703 695
704 512  # compresses ieta bin 11, pt 0
705 2047
706 2047
707 2047
708 2047
709 2047
710 2047
711 2047
712 2047
713 2047
714 2047
715 2047
716 2047
717 2047
718 2047
719 2047
720 2047
721 2047
722 2047
723 2047
724 2047
725 2047
726 2047
727 2047
728 1021
729 1005
730 990
731 976
732 960
733 952
734 941
735 931
736 922
737 913
738 898
739 885
740 877
741 865
742 855
743 849
744 843
745 837
746 829
747 822
748 817
749 813
750 805
751 798
752 785
753 778
754 769
755 766
756 756
757 751
758 747
759 741
760 737
761 735
762 731
763 727
764 723
765 719
766 705
767 694
768 512  # compresses ieta bin 12, pt 0
769 2047
770 2047
771 2047
772 2047
773 2047
774 2047
775 2047
776 2047
777 2047
778 2047
779 2047
780 2047
781 2047
782 2047
783 2047
784 2047
785 2047
786 2047
787 2047
788 2047
789 2047
790 2047
791 1016
792 1004
793 990
794 975
795 966
796 954
797 943
798 932
799 922
800 913
801 905
802 887
803 878
804 870
805 859
806 849
807 842
808 834
809 828
810 824
811 816
812 812
813 806
814 800
815 793
816 779
817 772
818 763
819 758
820 751
821 746
822 740
823 734
824 731
825 729
826 725
827 720
828 718
829 713
830 699
831 689
832 512  # compresses ieta bin 13, pt 0
833 2047
834 2047
835 2047
836 2047
837 2047
838 2047
839 2047
840 2047
841 2047
842 2047
843 2047
844 2047
845 2047
846 2047
847 2047
848 2047
849 2047
850 2047
851 2047
852 2047
853 2047
854 2047
855 1016
856 1004
857 994
858 975
859 966
860 954
861 943
862 932
863 922
864 917
865 905
866 891
867 882
868 870
869 859
870 849
871 842
872 837
873 829
874 824
875 816
876 812
877 808
878 800
879 793
880 781
881 772
882 763
883 760
884 751
885 746
886 740
887 734
888 733
889 729
890 725
891 722
892 718
893 713
894 699
895 689
896 512  # compresses ieta bin 14, pt 0
897 2047
898 2047
899 2047
900 2047
901 2047
902 2047
903 2047
904 2047
905 2047
906 2047
907 2047
908 2047
909 2047
910 2047
911 2047
912 2047
913 2047
914 2047
915 2047
916 2047
917 2047
918 2047
919 1016
920 1004
921 994
922 980
923 966
924 954
925 947
926 941
927 927
928 922
929 909
930 894
931 885
932 877
933 865
934 855
935 849
936 843
937 837
938 829
939 822
940 817
941 813
942 807
943 801
944 788
945 778
946 772
947 766
948 758
949 753
950 749
951 743
952 740
953 737
954 733
955 730
956 726
957 722
958 708
959 697
960 512  # compresses ieta bin 15, pt 0
961 2047
962 2047
963 2047
964 2047
965 2047
966 2047
967 2047
968 2047
969 2047
970 2047
971 2047
972 2047
973 2047
974 2047
975 2047
976 2047
977 2047
978 2047
979 2047
980 2047
981 2047
982 2047
983 2047
984 1021
985 1011
986 995
987 981
988 973
989 971
990 959
991 948
992 943
993 929
994 914
995 904
996 894
997 879
998 869
999 861
1000 855
1001 846
1002 841
1003 836
1004 831
1005 826
1006 820
1007 815
1008 806
1009 797
1010 792
1011 787
1012 779
1013 773
1014 767
1015 763
1016 760
1017 757
1018 754
1019 750
1020 747
1021 742
1022 724
1023 712
1024 512  # compresses ieta bin 16, pt 0
1025 2047
1026 2047
1027 2047
1028 2047
1029 2047
1030 2047
1031 2047
1032 2047
1033 2047
1034 2047
1035 2047
1036 2047
1037 2047
1038 2047
1039 2047
1040 2047
1041 2047
1042 2047
1043 2047
1044 2047
1045 2047
1046 2047
1047 1010
1048 999
1049 983
1050 974
1051 961
1052 944
1053 938
1054 928
1055 918
1056 913
1057 901
1058 891
1059 882
1060 873
1061 862
1062 852
1063 846
1064 837
1065 831
1066 826
1067 816
1068 812
1069 808
1070 802
1071 796
1072 779
1073 769
1074 763
1075 758
1076 751
1077 748
1078 742
1079 738
1080 734
1081 731
1082 729
1083 726
1084 722
1085 717
1086 701
1087 691
1088 512  # compresses ieta bin 17, pt 0
1089 2047
1090 2047
1091 2047
1092 2047
1093 2047
1094 2047
1095 2047
1096 2047
1097 2047
1098 2047
1099 2047
1100 2047
1101 2047
1102 1019
1103 1011
1104 994
1105 980
1106 974
1107 963
1108 938
1109 924
1110 915
1111 896
1112 879
1113 865
1114 860
1115 851
1116 838
1117 831
1118 824
1119 810
1120 808
1121 799
1122 786
1123 778
1124 770
1125 766
1126 760
1127 754
1128 745
1129 738
1130 730
1131 723
1132 719
1133 718
1134 714
1135 710
1136 702
1137 694
1138 688
1139 680
1140 678
1141 671
1142 666
1143 662
1144 659
1145 659
1146 652
1147 652
1148 648
1149 644
1150 631
1151 626
1152 512  # compresses ieta bin 18, pt 0
1153 2047
1154 2047
1155 2047
1156 2047
1157 2047
1158 2047
1159 2047
1160 2047
1161 2047
1162 2047
1163 2047
1164 2047
1165 2047
1166 2047
1167 1020
1168 1011
1169 995
1170 983
1171 978
1172 952
1173 942
1174 928
1175 908
1176 891
1177 880
1178 870
1179 866
1180 853
1181 841
1182 838
1183 823
1184 817
1185 807
1186 798
1187 785
1188 781
1189 773
1190 766
1191 760
1192 751
1193 746
1194 738
1195 731
1196 724
1197 723
1198 719
1199 714
1200 706
1201 699
1202 692
1203 685
1204 682
1205 674
1206 670
1207 665
1208 663
1209 660
1210 654
1211 653
1212 648
1213 646
1214 633
1215 624
1216 512  # compresses ieta bin 19, pt 0
1217 2047
1218 2047
1219 2047
1220 2047
1221 2047
1222 2047
1223 2047
1224 2047
1225 2047
1226 2047
1227 2047
1228 2047
1229 2047
1230 2047
1231 2047
1232 1020
1233 1012
1234 997
1235 991
1236 965
1237 949
1238 934
1239 914
1240 896
1241 885
1242 875
1243 871
1244 853
1245 845
1246 842
1247 827
1248 821
1249 811
1250 801
1251 789
1252 784
1253 777
1254 770
1255 763
1256 754
1257 746
1258 738
1259 731
1260 727
1261 723
1262 719
1263 714
1264 708
1265 699
1266 694
1267 685
1268 682
1269 674
1270 670
1271 667
1272 663
1273 662
1274 655
1275 655
1276 650
1277 646
1278 633
1279 624
1280 512  # compresses ieta bin 20, pt 0
1281 2047
1282 2047
1283 2047
1284 2047
1285 2047
1286 2047
1287 2047
1288 2047
1289 2047
1290 2047
1291 2047
1292 2047
1293 2047
1294 2047
1295 2047
1296 2047
1297 2047
1298 1020
1299 1013
1300 979
1301 962
1302 946
1303 926
1304 908
1305 892
1306 886
1307 876
1308 862
1309 854
1310 847
1311 836
1312 829
1313 819
1314 809
1315 800
1316 791
1317 784
1318 776
1319 770
1320 760
1321 755
1322 747
1323 737
1324 732
1325 731
1326 724
1327 722
1328 713
1329 705
1330 698
1331 691
1332 685
1333 678
1334 675
1335 670
1336 667
1337 665
1338 659
1339 659
1340 654
1341 651
1342 637
1343 628
1344 512  # compresses ieta bin 21, pt 0
1345 2047
1346 2047
1347 2047
1348 2047
1349 2047
1350 2047
1351 2047
1352 2047
1353 2047
1354 2047
1355 2047
1356 2047
1357 2047
1358 2047
1359 2047
1360 2047
1361 2047
1362 2044
1363 1014
1364 986
1365 968
1366 953
1367 932
1368 913
1369 896
1370 891
1371 881
1372 863
1373 854
1374 851
1375 840
1376 833
1377 823
1378 813
1379 800
1380 795
1381 787
1382 780
1383 773
1384 763
1385 755
1386 747
1387 739
1388 735
1389 731
1390 727
1391 722
1392 715
1393 707
1394 700
1395 693
1396 689
1397 682
1398 678
1399 673
1400 671
1401 668
1402 662
1403 662
1404 658
1405 654
1406 641
1407 632
1408 512  # compresses ieta bin 22, pt 0
1409 2047
1410 2047
1411 2047
1412 2047
1413 2047
1414 2047
1415 2047
1416 2047
1417 2047
1418 2047
1419 2047
1420 2047
1421 2047
1422 2047
1423 2047
1424 2047
1425 2047
1426 1021
1427 1013
1428 980
1429 963
1430 953
1431 932
1432 913
1433 896
1434 886
1435 877
1436 862
1437 854
1438 847
1439 836
1440 833
1441 823
1442 809
1443 800
1444 791
1445 784
1446 776
1447 770
1448 761
1449 755
1450 747
1451 739
1452 735
1453 731
1454 725
1455 722
1456 715
1457 707
1458 700
1459 693
1460 689
1461 682
1462 676
1463 672
1464 669
1465 668
1466 661
1467 660
1468 657
1469 654
1470 639
1471 631
1472 512  # compresses ieta bin 23, pt 0
1473 2047
1474 2047
1475 2047
1476 2047
1477 2047
1478 2047
1479 2047
1480 2047
1481 2047
1482 2047
1483 2047
1484 2047
1485 2047
1486 2047
1487 2047
1488 2047
1489 2047
1490 2045
1491 1020
1492 986
1493 968
1494 953
1495 932
1496 913
1497 896
1498 891
1499 881
1500 863
1501 854
1502 851
1503 836
1504 833
1505 823
1506 809
1507 800
1508 791
1509 787
1510 776
1511 770
1512 761
1513 755
1514 747
1515 739
1516 735
1517 731
1518 727
1519 722
1520 715
1521 707
1522 700
1523 693
1524 689
1525 682
1526 676
1527 672
1528 669
1529 668
1530 662
1531 660
1532 657
1533 654
1534 639
1535 631
1536 512  # compresses ieta bin 24, pt 0
1537 2047
1538 2047
1539 2047
1540 2047
1541 2047
1542 2047
1543 2047
1544 2047
1545 2047
1546 2047
1547 2047
1548 2047
1549 2047
1550 2047
1551 2047
1552 2047
1553 2047
1554 2045
1555 1020
1556 986
1557 968
1558 953
1559 932
1560 913
1561 897
1562 891
1563 881
1564 863
1565 854
1566 851
1567 840
1568 833
1569 823
1570 813
1571 800
1572 795
1573 787
1574 780
1575 773
1576 763
1577 758
1578 750
1579 742
1580 737
1581 733
1582 729
1583 724
1584 717
1585 711
1586 706
1587 699
1588 695
1589 687
1590 683
1591 678
1592 675
1593 672
1594 667
1595 666
1596 661
1597 658
1598 644
1599 635
1600 512  # compresses ieta bin 25, pt 0
1601 2047
1602 2047
1603 2047
1604 2047
1605 2047
1606 2047
1607 2047
1608 2047
1609 2047
1610 2047
1611 2047
1612 2047
1613 2047
1614 2047
1615 2047
1616 2047
1617 2047
1618 2047
1619 2047
1620 2047
1621 2047
1622 1009
1623 986
1624 965
1625 945
1626 933
1627 926
1628 911
1629 901
1630 892
1631 879
1632 871
1633 860
1634 848
1635 830
1636 820
1637 807
1638 799
1639 792
1640 785
1641 775
1642 767
1643 758
1644 756
1645 754
1646 747
1647 743
1648 733
1649 729
1650 720
1651 713
1652 710
1653 701
1654 697
1655 692
1656 685
1657 683
1658 676
1659 676
1660 672
1661 667
1662 653
1663 645
1664 512  # compresses ieta bin 26, pt 0
1665 2047
1666 2047
1667 2047
1668 2047
1669 2047
1670 2047
1671 2047
1672 2047
1673 2047
1674 2047
1675 2047
1676 2047
1677 2047
1678 2047
1679 2047
1680 2047
1681 2047
1682 2047
1683 2047
1684 2047
1685 2047
1686 2047
1687 2047
1688 2047
1689 2047
1690 2047
1691 2047
1692 2047
1693 2047
1694 2047
1695 1018
1696 1001
1697 982
1698 960
1699 945
1700 930
1701 917
1702 901
1703 896
1704 885
1705 878
1706 869
1707 855
1708 849
1709 842
1710 830
1711 827
1712 815
1713 810
1714 802
1715 791
1716 782
1717 773
1718 766
1719 761
1720 755
1721 754
1722 745
1723 743
1724 741
1725 739
1726 715
1727 700
1728 512  # compresses ieta bin 27, pt 0
1729 2047
1730 2047
1731 2047
1732 2047
1733 2047
1734 2047
1735 2047
1736 2047
1737 2047
1738 2047
1739 2047
1740 2047
1741 2047
1742 2047
1743 2047
1744 2047
1745 2047
1746 2047
1747 2047
1748 2047
1749 2047
1750 2047
1751 2047
1752 2047
1753 2047
1754 2047
1755 2047
1756 2047
1757 2047
1758 2047
1759 2047
1760 2047
1761 2047
1762 2047
1763 2047
1764 1022
1765 1012
1766 1000
1767 988
1768 977
1769 964
1770 949
1771 937
1772 929
1773 925
1774 915
1775 906
1776 894
1777 879
1778 866
1779 857
1780 848
1781 836
1782 826
1783 822
1784 815
1785 815
1786 803
1787 800
1788 798
1789 797
1790 770
1791 754
1792 512  # compresses ieta bin 28, pt 0
1793 2047
1794 2047
1795 2047
1796 2047
1797 2047
1798 2047
1799 2047
1800 2047
1801 2047
1802 2047
1803 2047
1804 2047
1805 2047
1806 2047
1807 2047
1808 2047
1809 2047
1810 2047
1811 2047
1812 2047
1813 1022
1814 1021
1815 1004
1816 982
1817 972
1818 960
1819 946
1820 940
1821 943
1822 937
1823 922
1824 909
1825 892
1826 871
1827 859
1828 848
1829 835
1830 826
1831 817
1832 818
1833 811
1834 804
1835 805
1836 804
1837 803
1838 797
1839 786
1840 763
1841 735
1842 729
1843 723
1844 711
1845 708
1846 706
1847 705
1848 704
1849 703
1850 701
1851 700
1852 698
1853 698
1854 678
1855 668
1856 512  # compresses ieta bin 29, pt 0
1857 2047
1858 2047
1859 2047
1860 2047
1861 2047
1862 2047
1863 1018
1864 1009
1865 1007
1866 997
1867 989
1868 972
1869 963
1870 938
1871 931
1872 918
1873 896
1874 889
1875 883
1876 889
1877 890
1878 890
1879 861
1880 834
1881 826
1882 818
1883 801
1884 799
1885 798
1886 797
1887 788
1888 783
1889 779
1890 766
1891 759
1892 749
1893 739
1894 734
1895 729
1896 718
1897 711
1898 707
1899 709
1900 705
1901 705
1902 697
1903 693
1904 688
1905 681
1906 675
1907 670
1908 663
1909 660
1910 659
1911 658
1912 658
1913 657
1914 655
1915 653
1916 653
1917 651
1918 634
1919 624
1920 512  # compresses ieta bin 30, pt 0
1921 2047
1922 2047
1923 2047
1924 2047
1925 2047
1926 1020
1927 994
1928 986
1929 985
1930 967
1931 959
1932 952
1933 935
1934 920
1935 906
1936 892
1937 880
1938 865
1939 860
1940 841
1941 837
1942 834
1943 813
1944 795
1945 793
1946 786
1947 771
1948 766
1949 766
1950 766
1951 762
1952 758
1953 754
1954 743
1955 733
1956 724
1957 715
1958 707
1959 700
1960 693
1961 693
1962 696
1963 692
1964 689
1965 687
1966 682
1967 679
1968 672
1969 666
1970 659
1971 652
1972 650
1973 648
1974 646
1975 645
1976 643
1977 643
1978 642
1979 640
1980 640
1981 639
1982 625
1983 618
1984 512  # compresses ieta bin 31, pt 0
1985 2047
1986 2047
1987 2047
1988 1017
1989 993
1990 969
1991 945
1992 938
1993 941
1994 924
1995 917
1996 911
1997 896
1998 874
1999 861
2000 849
2001 839
2002 834
2003 823
2004 807
2005 804
2006 803
2007 783
2008 771
2009 766
2010 760
2011 751
2012 747
2013 747
2014 748
2015 740
2016 737
2017 734
2018 724
2019 715
2020 706
2021 695
2022 691
2023 681
2024 678
2025 675
2026 676
2027 676
2028 671
2029 671
2030 667
2031 664
2032 658
2033 653
2034 647
2035 642
2036 639
2037 637
2038 635
2039 635
2040 634
2041 634
2042 633
2043 632
2044 631
2045 629
2046 617
2047 610
2048 512  # compresses ieta bin 32, pt 0
2049 2047
2050 2046
2051 2041
2052 1003
2053 991
2054 968
2055 945
2056 937
2057 941
2058 924
2059 917
2060 911
2061 887
2062 873
2063 854
2064 842
2065 839
2066 827
2067 816
2068 799
2069 798
2070 796
2071 777
2072 765
2073 760
2074 755
2075 746
2076 742
2077 743
2078 740
2079 740
2080 737
2081 730
2082 720
2083 715
2084 702
2085 695
2086 688
2087 681
2088 678
2089 675
2090 676
2091 676
2092 671
2093 669
2094 667
2095 662
2096 656
2097 651
2098 645
2099 640
2100 637
2101 635
2102 635
2103 634
2104 632
2105 633
2106 631
2107 630
2108 629
2109 628
2110 615
2111 609
2112 512  # compresses ieta bin 33, pt 0
2113 2047
2114 1000
2115 987
2116 975
2117 951
2118 928
2119 896
2120 890
2121 885
2122 871
2123 867
2124 862
2125 849
2126 837
2127 817
2128 807
2129 797
2130 780
2131 779
2132 765
2133 758
2134 759
2135 742
2136 737
2137 733
2138 729
2139 725
2140 722
2141 719
2142 717
2143 714
2144 708
2145 705
2146 701
2147 696
2148 685
2149 674
2150 665
2151 656
2152 651
2153 649
2154 650
2155 651
2156 649
2157 651
2158 647
2159 643
2160 634
2161 632
2162 628
2163 627
2164 631
2165 630
2166 628
2167 627
2168 626
2169 626
2170 625
2171 624
2172 624
2173 623
2174 611
2175 605
2176 512  # compresses ieta bin 34, pt 0
2177 934
2178 904
2179 896
2180 877
2181 870
2182 841
2183 824
2184 821
2185 818
2186 807
2187 804
2188 803
2189 792
2190 791
2191 772
2192 757
2193 748
2194 733
2195 728
2196 709
2197 706
2198 703
2199 700
2200 697
2201 689
2202 687
2203 685
2204 680
2205 678
2206 681
2207 671
2208 666
2209 665
2210 658
2211 648
2212 638
2213 633
2214 629
2215 621
2216 614
2217 616
2218 616
2219 616
2220 615
2221 614
2222 611
2223 609
2224 602
2225 600
2226 602
2227 601
2228 605
2229 603
2230 596
2231 596
2232 597
2233 599
2234 600
2235 602
2236 601
2237 601
2238 591
2239 588
2240 512  # compresses ieta bin 35, pt 0
2241 848
2242 840
2243 823
2244 818
2245 802
2246 787
2247 774
2248 764
2249 762
2250 754
2251 753
2252 744
2253 736
2254 736
2255 728
2256 714
2257 706
2258 687
2259 677
2260 668
2261 661
2262 660
2263 652
2264 652
2265 646
2266 641
2267 640
2268 640
2269 640
2270 640
2271 636
2272 632
2273 632
2274 627
2275 618
2276 614
2277 609
2278 606
2279 602
2280 602
2281 602
2282 599
2283 599
2284 599
2285 599
2286 596
2287 595
2288 591
2289 589
2290 589
2291 590
2292 594
2293 592
2294 587
2295 587
2296 591
2297 593
2298 596
2299 596
2300 599
2301 599
2302 588
2303 585
2304 512  # compresses ieta bin 36, pt 0
2305 811
2306 792
2307 791
2308 775
2309 775
2310 762
2311 750
2312 740
2313 740
2314 732
2315 733
2316 734
2317 726
2318 727
2319 711
2320 705
2321 698
2322 679
2323 663
2324 655
2325 648
2326 647
2327 640
2328 640
2329 635
2330 635
2331 631
2332 631
2333 631
2334 631
2335 627
2336 628
2337 624
2338 619
2339 611
2340 610
2341 603
2342 599
2343 596
2344 596
2345 596
2346 596
2347 596
2348 596
2349 596
2350 594
2351 592
2352 588
2353 587
2354 589
2355 590
2356 592
2357 590
2358 585
2359 587
2360 589
2361 591
2362 594
2363 596
2364 597
2365 597
2366 587
2367 584
2368 512  # compresses ieta bin 37, pt 0
2369 811
2370 792
2371 791
2372 775
2373 775
2374 762
2375 750
2376 741
2377 740
2378 733
2379 733
2380 734
2381 726
2382 727
2383 711
2384 705
2385 698
2386 679
2387 663
2388 655
2389 648
2390 647
2391 640
2392 640
2393 635
2394 635
2395 631
2396 631
2397 631
2398 632
2399 627
2400 628
2401 624
2402 619
2403 611
2404 610
2405 603
2406 599
2407 596
2408 596
2409 596
2410 596
2411 596
2412 594
2413 596
2414 594
2415 592
2416 588
2417 587
2418 589
2419 590
2420 592
2421 590
2422 585
2423 587
2424 589
2425 591
2426 594
2427 596
2428 597
2429 597
2430 587
2431 584
2432 512  # compresses ieta bin 38, pt 0
2433 863
2434 840
2435 823
2436 818
2437 815
2438 790
2439 787
2440 786
2441 785
2442 764
2443 763
2444 754
2445 745
2446 745
2447 730
2448 723
2449 715
2450 702
2451 685
2452 682
2453 666
2454 665
2455 658
2456 652
2457 651
2458 646
2459 645
2460 645
2461 645
2462 645
2463 636
2464 636
2465 636
2466 627
2467 618
2468 614
2469 609
2470 606
2471 602
2472 599
2473 602
2474 599
2475 599
2476 599
2477 599
2478 596
2479 595
2480 591
2481 589
2482 591
2483 592
2484 596
2485 594
2486 589
2487 591
2488 593
2489 594
2490 597
2491 599
2492 600
2493 600
2494 590
2495 588
2496 512  # compresses ieta bin 39, pt 0
2497 896
2498 872
2499 854
2500 847
2501 842
2502 827
2503 823
2504 821
2505 818
2506 795
2507 784
2508 764
2509 763
2510 756
2511 746
2512 738
2513 731
2514 710
2515 699
2516 688
2517 680
2518 678
2519 664
2520 658
2521 657
2522 651
2523 650
2524 645
2525 645
2526 645
2527 640
2528 636
2529 636
2530 627
2531 614
2532 614
2533 609
2534 606
2535 602
2536 599
2537 599
2538 599
2539 599
2540 596
2541 599
2542 596
2543 597
2544 595
2545 593
2546 595
2547 596
2548 597
2549 597
2550 592
2551 592
2552 596
2553 597
2554 600
2555 602
2556 604
2557 604
2558 594
2559 591
2560 0 # dummy
2561 0 # dummy
2562 0 # dummy
2563 0 # dummy
2564 0 # dummy
2565 0 # dummy
2566 0 # dummy
2567 0 # dummy
2568 0 # dummy
2569 0 # dummy
2570 0 # dummy
2571 0 # dummy
2572 0 # dummy
2573 0 # dummy
2574 0 # dummy
2575 0 # dummy
2576 0 # dummy
2577 0 # dummy
2578 0 # dummy
2579 0 # dummy
2580 0 # dummy
2581 0 # dummy
2582 0 # dummy
2583 0 # dummy
2584 0 # dummy
2585 0 # dummy
2586 0 # dummy
2587 0 # dummy
2588 0 # dummy
2589 0 # dummy
2590 0 # dummy
2591 0 # dummy
2592 0 # dummy
2593 0 # dummy
2594 0 # dummy
2595 0 # dummy
2596 0 # dummy
2597 0 # dummy
2598 0 # dummy
2599 0 # dummy
2600 0 # dummy
2601 0 # dummy
2602 0 # dummy
2603 0 # dummy
2604 0 # dummy
2605 0 # dummy
2606 0 # dummy
2607 0 # dummy
2608 0 # dummy
2609 0 # dummy
2610 0 # dummy
2611 0 # dummy
2612 0 # dummy
2613 0 # dummy
2614 0 # dummy
2615 0 # dummy
2616 0 # dummy
2617 0 # dummy
2618 0 # dummy
2619 0 # dummy
2620 0 # dummy
2621 0 # dummy
2622 0 # dummy
2623 0 # dummy
2624 0 # dummy
2625 0 # dummy
2626 0 # dummy
2627 0 # dummy
2628 0 # dummy
2629 0 # dummy
2630 0 # dummy
2631 0 # dummy
2632 0 # dummy
2633 0 # dummy
2634 0 # dummy
2635 0 # dummy
2636 0 # dummy
2637 0 # dummy
2638 0 # dummy
2639 0 # dummy
2640 0 # dummy
2641 0 # dummy
2642 0 # dummy
2643 0 # dummy
2644 0 # dummy
2645 0 # dummy
2646 0 # dummy
2647 0 # dummy
2648 0 # dummy
2649 0 # dummy
2650 0 # dummy
2651 0 # dummy
2652 0 # dummy
2653 0 # dummy
2654 0 # dummy
2655 0 # dummy
2656 0 # dummy
2657 0 # dummy
2658 0 # dummy
2659 0 # dummy
2660 0 # dummy
2661 0 # dummy
2662 0 # dummy
2663 0 # dummy
2664 0 # dummy
2665 0 # dummy
2666 0 # dummy
2667 0 # dummy
2668 0 # dummy
2669 0 # dummy
2670 0 # dummy
2671 0 # dummy
2672 0 # dummy
2673 0 # dummy
2674 0 # dummy
2675 0 # dummy
2676 0 # dummy
2677 0 # dummy
2678 0 # dummy
2679 0 # dummy
2680 0 # dummy
2681 0 # dummy
2682 0 # dummy
2683 0 # dummy
2684 0 # dummy
2685 0 # dummy
2686 0 # dummy
2687 0 # dummy
2688 0 # dummy
2689 0 # dummy
2690 0 # dummy
2691 0 # dummy
2692 0 # dummy
2693 0 # dummy
2694 0 # dummy
2695 0 # dummy
2696 0 # dummy
2697 0 # dummy
2698 0 # dummy
2699 0 # dummy
2700 0 # dummy
2701 0 # dummy
2702 0 # dummy
2703 0 # dummy
2704 0 # dummy
2705 0 # dummy
2706 0 # dummy
2707 0 # dummy
2708 0 # dummy
2709 0 # dummy
2710 0 # dummy
2711 0 # dummy
2712 0 # dummy
2713 0 # dummy
2714 0 # dummy
2715 0 # dummy
2716 0 # dummy
2717 0 # dummy
2718 0 # dummy
2719 0 # dummy
2720 0 # dummy
2721 0 # dummy
2722 0 # dummy
2723 0 # dummy
2724 0 # dummy
2725 0 # dummy
2726 0 # dummy
2727 0 # dummy
2728 0 # dummy
2729 0 # dummy
2730 0 # dummy
2731 0 # dummy
2732 0 # dummy
2733 0 # dummy
2734 0 # dummy
2735 0 # dummy
2736 0 # dummy
2737 0 # dummy
2738 0 # dummy
2739 0 # dummy
2740 0 # dummy
2741 0 # dummy
2742 0 # dummy
2743 0 # dummy
2744 0 # dummy
2745 0 # dummy
2746 0 # dummy
2747 0 # dummy
2748 0 # dummy
2749 0 # dummy
2750 0 # dummy
2751 0 # dummy
2752 0 # dummy
2753 0 # dummy
2754 0 # dummy
2755 0 # dummy
2756 0 # dummy
2757 0 # dummy
2758 0 # dummy
2759 0 # dummy
2760 0 # dummy
2761 0 # dummy
2762 0 # dummy
2763 0 # dummy
2764 0 # dummy
2765 0 # dummy
2766 0 # dummy
2767 0 # dummy
2768 0 # dummy
2769 0 # dummy
2770 0 # dummy
2771 0 # dummy
2772 0 # dummy
2773 0 # dummy
2774 0 # dummy
2775 0 # dummy
2776 0 # dummy
2777 0 # dummy
2778 0 # dummy
2779 0 # dummy
2780 0 # dummy
2781 0 # dummy
2782 0 # dummy
2783 0 # dummy
2784 0 # dummy
2785 0 # dummy
2786 0 # dummy
2787 0 # dummy
2788 0 # dummy
2789 0 # dummy
2790 0 # dummy
2791 0 # dummy
2792 0 # dummy
2793 0 # dummy
2794 0 # dummy
2795 0 # dummy
2796 0 # dummy
2797 0 # dummy
2798 0 # dummy
2799 0 # dummy
2800 0 # dummy
2801 0 # dummy
2802 0 # dummy
2803 0 # dummy
2804 0 # dummy
2805 0 # dummy
2806 0 # dummy
2807 0 # dummy
2808 0 # dummy
2809 0 # dummy
2810 0 # dummy
2811 0 # dummy
2812 0 # dummy
2813 0 # dummy
2814 0 # dummy
2815 0 # dummy
2816 0 # dummy
2817 0 # dummy
2818 0 # dummy
2819 0 # dummy
2820 0 # dummy
2821 0 # dummy
2822 0 # dummy
2823 0 # dummy
2824 0 # dummy
2825 0 # dummy
2826 0 # dummy
2827 0 # dummy
2828 0 # dummy
2829 0 # dummy
2830 0 # dummy
2831 0 # dummy
2832 0 # dummy
2833 0 # dummy
2834 0 # dummy
2835 0 # dummy
2836 0 # dummy
2837 0 # dummy
2838 0 # dummy
2839 0 # dummy
2840 0 # dummy
2841 0 # dummy
2842 0 # dummy
2843 0 # dummy
2844 0 # dummy
2845 0 # dummy
2846 0 # dummy
2847 0 # dummy
2848 0 # dummy
2849 0 # dummy
2850 0 # dummy
2851 0 # dummy
2852 0 # dummy
2853 0 # dummy
2854 0 # dummy
2855 0 # dummy
2856 0 # dummy
2857 0 # dummy
2858 0 # dummy
2859 0 # dummy
2860 0 # dummy
2861 0 # dummy
2862 0 # dummy
2863 0 # dummy
2864 0 # dummy
2865 0 # dummy
2866 0 # dummy
2867 0 # dummy
2868 0 # dummy
2869 0 # dummy
2870 0 # dummy
2871 0 # dummy
2872 0 # dummy
2873 0 # dummy
2874 0 # dummy
2875 0 # dummy
2876 0 # dummy
2877 0 # dummy
2878 0 # dummy
2879 0 # dummy
2880 0 # dummy
2881 0 # dummy
2882 0 # dummy
2883 0 # dummy
2884 0 # dummy
2885 0 # dummy
2886 0 # dummy
2887 0 # dummy
2888 0 # dummy
2889 0 # dummy
2890 0 # dummy
2891 0 # dummy
2892 0 # dummy
2893 0 # dummy
2894 0 # dummy
2895 0 # dummy
2896 0 # dummy
2897 0 # dummy
2898 0 # dummy
2899 0 # dummy
2900 0 # dummy
2901 0 # dummy
2902 0 # dummy
2903 0 # dummy
2904 0 # dummy
2905 0 # dummy
2906 0 # dummy
2907 0 # dummy
2908 0 # dummy
2909 0 # dummy
2910 0 # dummy
2911 0 # dummy
2912 0 # dummy
2913 0 # dummy
2914 0 # dummy
2915 0 # dummy
2916 0 # dummy
2917 0 # dummy
2918 0 # dummy
2919 0 # dummy
2920 0 # dummy
2921 0 # dummy
2922 0 # dummy
2923 0 # dummy
2924 0 # dummy
2925 0 # dummy
2926 0 # dummy
2927 0 # dummy
2928 0 # dummy
2929 0 # dummy
2930 0 # dummy
2931 0 # dummy
2932 0 # dummy
2933 0 # dummy
2934 0 # dummy
2935 0 # dummy
2936 0 # dummy
2937 0 # dummy
2938 0 # dummy
2939 0 # dummy
2940 0 # dummy
2941 0 # dummy
2942 0 # dummy
2943 0 # dummy
2944 0 # dummy
2945 0 # dummy
2946 0 # dummy
2947 0 # dummy
2948 0 # dummy
2949 0 # dummy
2950 0 # dummy
2951 0 # dummy
2952 0 # dummy
2953 0 # dummy
2954 0 # dummy
2955 0 # dummy
2956 0 # dummy
2957 0 # dummy
2958 0 # dummy
2959 0 # dummy
2960 0 # dummy
2961 0 # dummy
2962 0 # dummy
2963 0 # dummy
2964 0 # dummy
2965 0 # dummy
2966 0 # dummy
2967 0 # dummy
2968 0 # dummy
2969 0 # dummy
2970 0 # dummy
2971 0 # dummy
2972 0 # dummy
2973 0 # dummy
2974 0 # dummy
2975 0 # dummy
2976 0 # dummy
2977 0 # dummy
2978 0 # dummy
2979 0 # dummy
2980 0 # dummy
2981 0 # dummy
2982 0 # dummy
2983 0 # dummy
2984 0 # dummy
2985 0 # dummy
2986 0 # dummy
2987 0 # dummy
2988 0 # dummy
2989 0 # dummy
2990 0 # dummy
2991 0 # dummy
2992 0 # dummy
2993 0 # dummy
2994 0 # dummy
2995 0 # dummy
2996 0 # dummy
2997 0 # dummy
2998 0 # dummy
2999 0 # dummy
3000 0 # dummy
3001 0 # dummy
3002 0 # dummy
3003 0 # dummy
3004 0 # dummy
3005 0 # dummy
3006 0 # dummy
3007 0 # dummy
3008 0 # dummy
3009 0 # dummy
3010 0 # dummy
3011 0 # dummy
3012 0 # dummy
3013 0 # dummy
3014 0 # dummy
3015 0 # dummy
3016 0 # dummy
3017 0 # dummy
3018 0 # dummy
3019 0 # dummy
3020 0 # dummy
3021 0 # dummy
3022 0 # dummy
3023 0 # dummy
3024 0 # dummy
3025 0 # dummy
3026 0 # dummy
3027 0 # dummy
3028 0 # dummy
3029 0 # dummy
3030 0 # dummy
3031 0 # dummy
3032 0 # dummy
3033 0 # dummy
3034 0 # dummy
3035 0 # dummy
3036 0 # dummy
3037 0 # dummy
3038 0 # dummy
3039 0 # dummy
3040 0 # dummy
3041 0 # dummy
3042 0 # dummy
3043 0 # dummy
3044 0 # dummy
3045 0 # dummy
3046 0 # dummy
3047 0 # dummy
3048 0 # dummy
3049 0 # dummy
3050 0 # dummy
3051 0 # dummy
3052 0 # dummy
3053 0 # dummy
3054 0 # dummy
3055 0 # dummy
3056 0 # dummy
3057 0 # dummy
3058 0 # dummy
3059 0 # dummy
3060 0 # dummy
3061 0 # dummy
3062 0 # dummy
3063 0 # dummy
3064 0 # dummy
3065 0 # dummy
3066 0 # dummy
3067 0 # dummy
3068 0 # dummy
3069 0 # dummy
3070 0 # dummy
3071 0 # dummy
3072 0 # dummy
3073 0 # dummy
3074 0 # dummy
3075 0 # dummy
3076 0 # dummy
3077 0 # dummy
3078 0 # dummy
3079 0 # dummy
3080 0 # dummy
3081 0 # dummy
3082 0 # dummy
3083 0 # dummy
3084 0 # dummy
3085 0 # dummy
3086 0 # dummy
3087 0 # dummy
3088 0 # dummy
3089 0 # dummy
3090 0 # dummy
3091 0 # dummy
3092 0 # dummy
3093 0 # dummy
3094 0 # dummy
3095 0 # dummy
3096 0 # dummy
3097 0 # dummy
3098 0 # dummy
3099 0 # dummy
3100 0 # dummy
3101 0 # dummy
3102 0 # dummy
3103 0 # dummy
3104 0 # dummy
3105 0 # dummy
3106 0 # dummy
3107 0 # dummy
3108 0 # dummy
3109 0 # dummy
3110 0 # dummy
3111 0 # dummy
3112 0 # dummy
3113 0 # dummy
3114 0 # dummy
3115 0 # dummy
3116 0 # dummy
3117 0 # dummy
3118 0 # dummy
3119 0 # dummy
3120 0 # dummy
3121 0 # dummy
3122 0 # dummy
3123 0 # dummy
3124 0 # dummy
3125 0 # dummy
3126 0 # dummy
3127 0 # dummy
3128 0 # dummy
3129 0 # dummy
3130 0 # dummy
3131 0 # dummy
3132 0 # dummy
3133 0 # dummy
3134 0 # dummy
3135 0 # dummy
3136 0 # dummy
3137 0 # dummy
3138 0 # dummy
3139 0 # dummy
3140 0 # dummy
3141 0 # dummy
3142 0 # dummy
3143 0 # dummy
3144 0 # dummy
3145 0 # dummy
3146 0 # dummy
3147 0 # dummy
3148 0 # dummy
3149 0 # dummy
3150 0 # dummy
3151 0 # dummy
3152 0 # dummy
3153 0 # dummy
3154 0 # dummy
3155 0 # dummy
3156 0 # dummy
3157 0 # dummy
3158 0 # dummy
3159 0 # dummy
3160 0 # dummy
3161 0 # dummy
3162 0 # dummy
3163 0 # dummy
3164 0 # dummy
3165 0 # dummy
3166 0 # dummy
3167 0 # dummy
3168 0 # dummy
3169 0 # dummy
3170 0 # dummy
3171 0 # dummy
3172 0 # dummy
3173 0 # dummy
3174 0 # dummy
3175 0 # dummy
3176 0 # dummy
3177 0 # dummy
3178 0 # dummy
3179 0 # dummy
3180 0 # dummy
3181 0 # dummy
3182 0 # dummy
3183 0 # dummy
3184 0 # dummy
3185 0 # dummy
3186 0 # dummy
3187 0 # dummy
3188 0 # dummy
3189 0 # dummy
3190 0 # dummy
3191 0 # dummy
3192 0 # dummy
3193 0 # dummy
3194 0 # dummy
3195 0 # dummy
3196 0 # dummy
3197 0 # dummy
3198 0 # dummy
3199 0 # dummy
3200 0 # dummy
3201 0 # dummy
3202 0 # dummy
3203 0 # dummy
3204 0 # dummy
3205 0 # dummy
3206 0 # dummy
3207 0 # dummy
3208 0 # dummy
3209 0 # dummy
3210 0 # dummy
3211 0 # dummy
3212 0 # dummy
3213 0 # dummy
3214 0 # dummy
3215 0 # dummy
3216 0 # dummy
3217 0 # dummy
3218 0 # dummy
3219 0 # dummy
3220 0 # dummy
3221 0 # dummy
3222 0 # dummy
3223 0 # dummy
3224 0 # dummy
3225 0 # dummy
3226 0 # dummy
3227 0 # dummy
3228 0 # dummy
3229 0 # dummy
3230 0 # dummy
3231 0 # dummy
3232 0 # dummy
3233 0 # dummy
3234 0 # dummy
3235 0 # dummy
3236 0 # dummy
3237 0 # dummy
3238 0 # dummy
3239 0 # dummy
3240 0 # dummy
3241 0 # dummy
3242 0 # dummy
3243 0 # dummy
3244 0 # dummy
3245 0 # dummy
3246 0 # dummy
3247 0 # dummy
3248 0 # dummy
3249 0 # dummy
3250 0 # dummy
3251 0 # dummy
3252 0 # dummy
3253 0 # dummy
3254 0 # dummy
3255 0 # dummy
3256 0 # dummy
3257 0 # dummy
3258 0 # dummy
3259 0 # dummy
3260 0 # dummy
3261 0 # dummy
3262 0 # dummy
3263 0 # dummy
3264 0 # dummy
3265 0 # dummy
3266 0 # dummy
3267 0 # dummy
3268 0 # dummy
3269 0 # dummy
3270 0 # dummy
3271 0 # dummy
3272 0 # dummy
3273 0 # dummy
3274 0 # dummy
3275 0 # dummy
3276 0 # dummy
3277 0 # dummy
3278 0 # dummy
3279 0 # dummy
3280 0 # dummy
3281 0 # dummy
3282 0 # dummy
3283 0 # dummy
3284 0 # dummy
3285 0 # dummy
3286 0 # dummy
3287 0 # dummy
3288 0 # dummy
3289 0 # dummy
3290 0 # dummy
3291 0 # dummy
3292 0 # dummy
3293 0 # dummy
3294 0 # dummy
3295 0 # dummy
3296 0 # dummy
3297 0 # dummy
3298 0 # dummy
3299 0 # dummy
3300 0 # dummy
3301 0 # dummy
3302 0 # dummy
3303 0 # dummy
3304 0 # dummy
3305 0 # dummy
3306 0 # dummy
3307 0 # dummy
3308 0 # dummy
3309 0 # dummy
3310 0 # dummy
3311 0 # dummy
3312 0 # dummy
3313 0 # dummy
3314 0 # dummy
3315 0 # dummy
3316 0 # dummy
3317 0 # dummy
3318 0 # dummy
3319 0 # dummy
3320 0 # dummy
3321 0 # dummy
3322 0 # dummy
3323 0 # dummy
3324 0 # dummy
3325 0 # dummy
3326 0 # dummy
3327 0 # dummy
3328 0 # dummy
3329 0 # dummy
3330 0 # dummy
3331 0 # dummy
3332 0 # dummy
3333 0 # dummy
3334 0 # dummy
3335 0 # dummy
3336 0 # dummy
3337 0 # dummy
3338 0 # dummy
3339 0 # dummy
3340 0 # dummy
3341 0 # dummy
3342 0 # dummy
3343 0 # dummy
3344 0 # dummy
3345 0 # dummy
3346 0 # dummy
3347 0 # dummy
3348 0 # dummy
3349 0 # dummy
3350 0 # dummy
3351 0 # dummy
3352 0 # dummy
3353 0 # dummy
3354 0 # dummy
3355 0 # dummy
3356 0 # dummy
3357 0 # dummy
3358 0 # dummy
3359 0 # dummy
3360 0 # dummy
3361 0 # dummy
3362 0 # dummy
3363 0 # dummy
3364 0 # dummy
3365 0 # dummy
3366 0 # dummy
3367 0 # dummy
3368 0 # dummy
3369 0 # dummy
3370 0 # dummy
3371 0 # dummy
3372 0 # dummy
3373 0 # dummy
3374 0 # dummy
3375 0 # dummy
3376 0 # dummy
3377 0 # dummy
3378 0 # dummy
3379 0 # dummy
3380 0 # dummy
3381 0 # dummy
3382 0 # dummy
3383 0 # dummy
3384 0 # dummy
3385 0 # dummy
3386 0 # dummy
3387 0 # dummy
3388 0 # dummy
3389 0 # dummy
3390 0 # dummy
3391 0 # dummy
3392 0 # dummy
3393 0 # dummy
3394 0 # dummy
3395 0 # dummy
3396 0 # dummy
3397 0 # dummy
3398 0 # dummy
3399 0 # dummy
3400 0 # dummy
3401 0 # dummy
3402 0 # dummy
3403 0 # dummy
3404 0 # dummy
3405 0 # dummy
3406 0 # dummy
3407 0 # dummy
3408 0 # dummy
3409 0 # dummy
3410 0 # dummy
3411 0 # dummy
3412 0 # dummy
3413 0 # dummy
3414 0 # dummy
3415 0 # dummy
3416 0 # dummy
3417 0 # dummy
3418 0 # dummy
3419 0 # dummy
3420 0 # dummy
3421 0 # dummy
3422 0 # dummy
3423 0 # dummy
3424 0 # dummy
3425 0 # dummy
3426 0 # dummy
3427 0 # dummy
3428 0 # dummy
3429 0 # dummy
3430 0 # dummy
3431 0 # dummy
3432 0 # dummy
3433 0 # dummy
3434 0 # dummy
3435 0 # dummy
3436 0 # dummy
3437 0 # dummy
3438 0 # dummy
3439 0 # dummy
3440 0 # dummy
3441 0 # dummy
3442 0 # dummy
3443 0 # dummy
3444 0 # dummy
3445 0 # dummy
3446 0 # dummy
3447 0 # dummy
3448 0 # dummy
3449 0 # dummy
3450 0 # dummy
3451 0 # dummy
3452 0 # dummy
3453 0 # dummy
3454 0 # dummy
3455 0 # dummy
3456 0 # dummy
3457 0 # dummy
3458 0 # dummy
3459 0 # dummy
3460 0 # dummy
3461 0 # dummy
3462 0 # dummy
3463 0 # dummy
3464 0 # dummy
3465 0 # dummy
3466 0 # dummy
3467 0 # dummy
3468 0 # dummy
3469 0 # dummy
3470 0 # dummy
3471 0 # dummy
3472 0 # dummy
3473 0 # dummy
3474 0 # dummy
3475 0 # dummy
3476 0 # dummy
3477 0 # dummy
3478 0 # dummy
3479 0 # dummy
3480 0 # dummy
3481 0 # dummy
3482 0 # dummy
3483 0 # dummy
3484 0 # dummy
3485 0 # dummy
3486 0 # dummy
3487 0 # dummy
3488 0 # dummy
3489 0 # dummy
3490 0 # dummy
3491 0 # dummy
3492 0 # dummy
3493 0 # dummy
3494 0 # dummy
3495 0 # dummy
3496 0 # dummy
3497 0 # dummy
3498 0 # dummy
3499 0 # dummy
3500 0 # dummy
3501 0 # dummy
3502 0 # dummy
3503 0 # dummy
3504 0 # dummy
3505 0 # dummy
3506 0 # dummy
3507 0 # dummy
3508 0 # dummy
3509 0 # dummy
3510 0 # dummy
3511 0 # dummy
3512 0 # dummy
3513 0 # dummy
3514 0 # dummy
3515 0 # dummy
3516 0 # dummy
3517 0 # dummy
3518 0 # dummy
3519 0 # dummy
3520 0 # dummy
3521 0 # dummy
3522 0 # dummy
3523 0 # dummy
3524 0 # dummy
3525 0 # dummy
3526 0 # dummy
3527 0 # dummy
3528 0 # dummy
3529 0 # dummy
3530 0 # dummy
3531 0 # dummy
3532 0 # dummy
3533 0 # dummy
3534 0 # dummy
3535 0 # dummy
3536 0 # dummy
3537 0 # dummy
3538 0 # dummy
3539 0 # dummy
3540 0 # dummy
3541 0 # dummy
3542 0 # dummy
3543 0 # dummy
3544 0 # dummy
3545 0 # dummy
3546 0 # dummy
3547 0 # dummy
3548 0 # dummy
3549 0 # dummy
3550 0 # dummy
3551 0 # dummy
3552 0 # dummy
3553 0 # dummy
3554 0 # dummy
3555 0 # dummy
3556 0 # dummy
3557 0 # dummy
3558 0 # dummy
3559 0 # dummy
3560 0 # dummy
3561 0 # dummy
3562 0 # dummy
3563 0 # dummy
3564 0 # dummy
3565 0 # dummy
3566 0 # dummy
3567 0 # dummy
3568 0 # dummy
3569 0 # dummy
3570 0 # dummy
3571 0 # dummy
3572 0 # dummy
3573 0 # dummy
3574 0 # dummy
3575 0 # dummy
3576 0 # dummy
3577 0 # dummy
3578 0 # dummy
3579 0 # dummy
3580 0 # dummy
3581 0 # dummy
3582 0 # dummy
3583 0 # dummy
3584 0 # dummy
3585 0 # dummy
3586 0 # dummy
3587 0 # dummy
3588 0 # dummy
3589 0 # dummy
3590 0 # dummy
3591 0 # dummy
3592 0 # dummy
3593 0 # dummy
3594 0 # dummy
3595 0 # dummy
3596 0 # dummy
3597 0 # dummy
3598 0 # dummy
3599 0 # dummy
3600 0 # dummy
3601 0 # dummy
3602 0 # dummy
3603 0 # dummy
3604 0 # dummy
3605 0 # dummy
3606 0 # dummy
3607 0 # dummy
3608 0 # dummy
3609 0 # dummy
3610 0 # dummy
3611 0 # dummy
3612 0 # dummy
3613 0 # dummy
3614 0 # dummy
3615 0 # dummy
3616 0 # dummy
3617 0 # dummy
3618 0 # dummy
3619 0 # dummy
3620 0 # dummy
3621 0 # dummy
3622 0 # dummy
3623 0 # dummy
3624 0 # dummy
3625 0 # dummy
3626 0 # dummy
3627 0 # dummy
3628 0 # dummy
3629 0 # dummy
3630 0 # dummy
3631 0 # dummy
3632 0 # dummy
3633 0 # dummy
3634 0 # dummy
3635 0 # dummy
3636 0 # dummy
3637 0 # dummy
3638 0 # dummy
3639 0 # dummy
3640 0 # dummy
3641 0 # dummy
3642 0 # dummy
3643 0 # dummy
3644 0 # dummy
3645 0 # dummy
3646 0 # dummy
3647 0 # dummy
3648 0 # dummy
3649 0 # dummy
3650 0 # dummy
3651 0 # dummy
3652 0 # dummy
3653 0 # dummy
3654 0 # dummy
3655 0 # dummy
3656 0 # dummy
3657 0 # dummy
3658 0 # dummy
3659 0 # dummy
3660 0 # dummy
3661 0 # dummy
3662 0 # dummy
3663 0 # dummy
3664 0 # dummy
3665 0 # dummy
3666 0 # dummy
3667 0 # dummy
3668 0 # dummy
3669 0 # dummy
3670 0 # dummy
3671 0 # dummy
3672 0 # dummy
3673 0 # dummy
3674 0 # dummy
3675 0 # dummy
3676 0 # dummy
3677 0 # dummy
3678 0 # dummy
3679 0 # dummy
3680 0 # dummy
3681 0 # dummy
3682 0 # dummy
3683 0 # dummy
3684 0 # dummy
3685 0 # dummy
3686 0 # dummy
3687 0 # dummy
3688 0 # dummy
3689 0 # dummy
3690 0 # dummy
3691 0 # dummy
3692 0 # dummy
3693 0 # dummy
3694 0 # dummy
3695 0 # dummy
3696 0 # dummy
3697 0 # dummy
3698 0 # dummy
3699 0 # dummy
3700 0 # dummy
3701 0 # dummy
3702 0 # dummy
3703 0 # dummy
3704 0 # dummy
3705 0 # dummy
3706 0 # dummy
3707 0 # dummy
3708 0 # dummy
3709 0 # dummy
3710 0 # dummy
3711 0 # dummy
3712 0 # dummy
3713 0 # dummy
3714 0 # dummy
3715 0 # dummy
3716 0 # dummy
3717 0 # dummy
3718 0 # dummy
3719 0 # dummy
3720 0 # dummy
3721 0 # dummy
3722 0 # dummy
3723 0 # dummy
3724 0 # dummy
3725 0 # dummy
3726 0 # dummy
3727 0 # dummy
3728 0 # dummy
3729 0 # dummy
3730 0 # dummy
3731 0 # dummy
3732 0 # dummy
3733 0 # dummy
3734 0 # dummy
3735 0 # dummy
3736 0 # dummy
3737 0 # dummy
3738 0 # dummy
3739 0 # dummy
3740 0 # dummy
3741 0 # dummy
3742 0 # dummy
3743 0 # dummy
3744 0 # dummy
3745 0 # dummy
3746 0 # dummy
3747 0 # dummy
3748 0 # dummy
3749 0 # dummy
3750 0 # dummy
3751 0 # dummy
3752 0 # dummy
3753 0 # dummy
3754 0 # dummy
3755 0 # dummy
3756 0 # dummy
3757 0 # dummy
3758 0 # dummy
3759 0 # dummy
3760 0 # dummy
3761 0 # dummy
3762 0 # dummy
3763 0 # dummy
3764 0 # dummy
3765 0 # dummy
3766 0 # dummy
3767 0 # dummy
3768 0 # dummy
3769 0 # dummy
3770 0 # dummy
3771 0 # dummy
3772 0 # dummy
3773 0 # dummy
3774 0 # dummy
3775 0 # dummy
3776 0 # dummy
3777 0 # dummy
3778 0 # dummy
3779 0 # dummy
3780 0 # dummy
3781 0 # dummy
3782 0 # dummy
3783 0 # dummy
3784 0 # dummy
3785 0 # dummy
3786 0 # dummy
3787 0 # dummy
3788 0 # dummy
3789 0 # dummy
3790 0 # dummy
3791 0 # dummy
3792 0 # dummy
3793 0 # dummy
3794 0 # dummy
3795 0 # dummy
3796 0 # dummy
3797 0 # dummy
3798 0 # dummy
3799 0 # dummy
3800 0 # dummy
3801 0 # dummy
3802 0 # dummy
3803 0 # dummy
3804 0 # dummy
3805 0 # dummy
3806 0 # dummy
3807 0 # dummy
3808 0 # dummy
3809 0 # dummy
3810 0 # dummy
3811 0 # dummy
3812 0 # dummy
3813 0 # dummy
3814 0 # dummy
3815 0 # dummy
3816 0 # dummy
3817 0 # dummy
3818 0 # dummy
3819 0 # dummy
3820 0 # dummy
3821 0 # dummy
3822 0 # dummy
3823 0 # dummy
3824 0 # dummy
3825 0 # dummy
3826 0 # dummy
3827 0 # dummy
3828 0 # dummy
3829 0 # dummy
3830 0 # dummy
3831 0 # dummy
3832 0 # dummy
3833 0 # dummy
3834 0 # dummy
3835 0 # dummy
3836 0 # dummy
3837 0 # dummy
3838 0 # dummy
3839 0 # dummy
3840 0 # dummy
3841 0 # dummy
3842 0 # dummy
3843 0 # dummy
3844 0 # dummy
3845 0 # dummy
3846 0 # dummy
3847 0 # dummy
3848 0 # dummy
3849 0 # dummy
3850 0 # dummy
3851 0 # dummy
3852 0 # dummy
3853 0 # dummy
3854 0 # dummy
3855 0 # dummy
3856 0 # dummy
3857 0 # dummy
3858 0 # dummy
3859 0 # dummy
3860 0 # dummy
3861 0 # dummy
3862 0 # dummy
3863 0 # dummy
3864 0 # dummy
3865 0 # dummy
3866 0 # dummy
3867 0 # dummy
3868 0 # dummy
3869 0 # dummy
3870 0 # dummy
3871 0 # dummy
3872 0 # dummy
3873 0 # dummy
3874 0 # dummy
3875 0 # dummy
3876 0 # dummy
3877 0 # dummy
3878 0 # dummy
3879 0 # dummy
3880 0 # dummy
3881 0 # dummy
3882 0 # dummy
3883 0 # dummy
3884 0 # dummy
3885 0 # dummy
3886 0 # dummy
3887 0 # dummy
3888 0 # dummy
3889 0 # dummy
3890 0 # dummy
3891 0 # dummy
3892 0 # dummy
3893 0 # dummy
3894 0 # dummy
3895 0 # dummy
3896 0 # dummy
3897 0 # dummy
3898 0 # dummy
3899 0 # dummy
3900 0 # dummy
3901 0 # dummy
3902 0 # dummy
3903 0 # dummy
3904 0 # dummy
3905 0 # dummy
3906 0 # dummy
3907 0 # dummy
3908 0 # dummy
3909 0 # dummy
3910 0 # dummy
3911 0 # dummy
3912 0 # dummy
3913 0 # dummy
3914 0 # dummy
3915 0 # dummy
3916 0 # dummy
3917 0 # dummy
3918 0 # dummy
3919 0 # dummy
3920 0 # dummy
3921 0 # dummy
3922 0 # dummy
3923 0 # dummy
3924 0 # dummy
3925 0 # dummy
3926 0 # dummy
3927 0 # dummy
3928 0 # dummy
3929 0 # dummy
3930 0 # dummy
3931 0 # dummy
3932 0 # dummy
3933 0 # dummy
3934 0 # dummy
3935 0 # dummy
3936 0 # dummy
3937 0 # dummy
3938 0 # dummy
3939 0 # dummy
3940 0 # dummy
3941 0 # dummy
3942 0 # dummy
3943 0 # dummy
3944 0 # dummy
3945 0 # dummy
3946 0 # dummy
3947 0 # dummy
3948 0 # dummy
3949 0 # dummy
3950 0 # dummy
3951 0 # dummy
3952 0 # dummy
3953 0 # dummy
3954 0 # dummy
3955 0 # dummy
3956 0 # dummy
3957 0 # dummy
3958 0 # dummy
3959 0 # dummy
3960 0 # dummy
3961 0 # dummy
3962 0 # dummy
3963 0 # dummy
3964 0 # dummy
3965 0 # dummy
3966 0 # dummy
3967 0 # dummy
3968 0 # dummy
3969 0 # dummy
3970 0 # dummy
3971 0 # dummy
3972 0 # dummy
3973 0 # dummy
3974 0 # dummy
3975 0 # dummy
3976 0 # dummy
3977 0 # dummy
3978 0 # dummy
3979 0 # dummy
3980 0 # dummy
3981 0 # dummy
3982 0 # dummy
3983 0 # dummy
3984 0 # dummy
3985 0 # dummy
3986 0 # dummy
3987 0 # dummy
3988 0 # dummy
3989 0 # dummy
3990 0 # dummy
3991 0 # dummy
3992 0 # dummy
3993 0 # dummy
3994 0 # dummy
3995 0 # dummy
3996 0 # dummy
3997 0 # dummy
3998 0 # dummy
3999 0 # dummy
4000 0 # dummy
4001 0 # dummy
4002 0 # dummy
4003 0 # dummy
4004 0 # dummy
4005 0 # dummy
4006 0 # dummy
4007 0 # dummy
4008 0 # dummy
4009 0 # dummy
4010 0 # dummy
4011 0 # dummy
4012 0 # dummy
4013 0 # dummy
4014 0 # dummy
4015 0 # dummy
4016 0 # dummy
4017 0 # dummy
4018 0 # dummy
4019 0 # dummy
4020 0 # dummy
4021 0 # dummy
4022 0 # dummy
4023 0 # dummy
4024 0 # dummy
4025 0 # dummy
4026 0 # dummy
4027 0 # dummy
4028 0 # dummy
4029 0 # dummy
4030 0 # dummy
4031 0 # dummy
4032 0 # dummy
4033 0 # dummy
4034 0 # dummy
4035 0 # dummy
4036 0 # dummy
4037 0 # dummy
4038 0 # dummy
4039 0 # dummy
4040 0 # dummy
4041 0 # dummy
4042 0 # dummy
4043 0 # dummy
4044 0 # dummy
4045 0 # dummy
4046 0 # dummy
4047 0 # dummy
4048 0 # dummy
4049 0 # dummy
4050 0 # dummy
4051 0 # dummy
4052 0 # dummy
4053 0 # dummy
4054 0 # dummy
4055 0 # dummy
4056 0 # dummy
4057 0 # dummy
4058 0 # dummy
4059 0 # dummy
4060 0 # dummy
4061 0 # dummy
4062 0 # dummy
4063 0 # dummy
4064 0 # dummy
4065 0 # dummy
4066 0 # dummy
4067 0 # dummy
4068 0 # dummy
4069 0 # dummy
4070 0 # dummy
4071 0 # dummy
4072 0 # dummy
4073 0 # dummy
4074 0 # dummy
4075 0 # dummy
4076 0 # dummy
4077 0 # dummy
4078 0 # dummy
4079 0 # dummy
4080 0 # dummy
4081 0 # dummy
4082 0 # dummy
4083 0 # dummy
4084 0 # dummy
4085 0 # dummy
4086 0 # dummy
4087 0 # dummy
4088 0 # dummy
4089 0 # dummy
4090 0 # dummy
4091 0 # dummy
4092 0 # dummy
4093 0 # dummy
4094 0 # dummy
4095 0 # dummy
