# columns 
# CaloToolMPEtaBin PtMin PtMax avgPt IEtaBin_forLUT_col1 PtBin_forLUT SF
0 0 0 0 0 0 1.000000   # ieta [1], pt 0
0 15 15 15 0 1 2.000000
0 16 16 16 0 2 2.000000
0 17 17 17 0 3 2.000000
0 18 18 18 0 4 2.000000
0 19 19 19 0 5 2.000000
0 20 20 20 0 6 2.000000
0 21 21 21 0 7 2.000000
0 22 22 22 0 8 2.000000
0 23 23 23 0 9 2.000000
0 24 24 24 0 10 2.000000
0 25 25 25 0 11 2.000000
0 26 26 26 0 12 2.000000
0 27 27 27 0 13 2.000000
0 28 28 28 0 14 2.000000
0 29 29 29 0 15 2.000000
0 30 30 30 0 16 2.000000
0 31 31 31 0 17 2.000000
0 32 33 33 0 18 2.000000
0 34 35 35 0 19 2.000000
0 36 37 37 0 20 2.000000
0 38 39 39 0 21 2.000000
0 40 41 41 0 22 2.000000
0 42 43 43 0 23 2.000000
0 44 45 45 0 24 2.000000
0 46 47 47 0 25 1.980616
0 48 49 49 0 26 1.969422
0 50 51 51 0 27 1.948591
0 52 53 53 0 28 1.919927
0 54 55 55 0 29 1.897255
0 56 57 57 0 30 1.885027
0 58 59 59 0 31 1.862236
0 60 61 61 0 32 1.843551
0 62 64 63 0 33 1.819428
0 65 67 66 0 34 1.789567
0 68 70 69 0 35 1.770128
0 71 73 72 0 36 1.751092
0 74 76 75 0 37 1.725768
0 77 79 78 0 38 1.705723
0 80 82 81 0 39 1.693118
0 83 85 84 0 40 1.679290
0 86 88 87 0 41 1.666266
0 89 91 90 0 42 1.656982
0 92 94 93 0 43 1.643198
0 95 97 96 0 44 1.631473
0 98 100 99 0 45 1.621096
0 101 103 102 0 46 1.608622
0 104 109 107 0 47 1.597658
0 110 115 113 0 48 1.570883
0 116 121 119 0 49 1.554057
0 122 127 125 0 50 1.541064
0 128 133 131 0 51 1.530981
0 134 139 137 0 52 1.518382
0 140 145 143 0 53 1.507904
0 146 151 149 0 54 1.495164
0 152 157 155 0 55 1.483223
0 158 163 161 0 56 1.477772
0 164 169 167 0 57 1.470357
0 170 175 173 0 58 1.459983
0 176 181 179 0 59 1.452978
0 182 187 185 0 60 1.445718
0 188 193 191 0 61 1.436562
0 194 254 224 0 62 1.411358
0 255 255 255 0 63 1.382696
1 0 0 0 1 0 1.000000   # ieta [2], pt 0
1 15 15 15 1 1 2.000000
1 16 16 16 1 2 2.000000
1 17 17 17 1 3 2.000000
1 18 18 18 1 4 2.000000
1 19 19 19 1 5 2.000000
1 20 20 20 1 6 2.000000
1 21 21 21 1 7 2.000000
1 22 22 22 1 8 2.000000
1 23 23 23 1 9 2.000000
1 24 24 24 1 10 2.000000
1 25 25 25 1 11 2.000000
1 26 26 26 1 12 2.000000
1 27 27 27 1 13 2.000000
1 28 28 28 1 14 2.000000
1 29 29 29 1 15 2.000000
1 30 30 30 1 16 2.000000
1 31 31 31 1 17 2.000000
1 32 33 33 1 18 2.000000
1 34 35 35 1 19 2.000000
1 36 37 37 1 20 2.000000
1 38 39 39 1 21 2.000000
1 40 41 41 1 22 2.000000
1 42 43 43 1 23 2.000000
1 44 45 45 1 24 2.000000
1 46 47 47 1 25 1.995201
1 48 49 49 1 26 1.970189
1 50 51 51 1 27 1.950653
1 52 53 53 1 28 1.921078
1 54 55 55 1 29 1.900117
1 56 57 57 1 30 1.887980
1 58 59 59 1 31 1.865624
1 60 61 61 1 32 1.846905
1 62 64 63 1 33 1.822738
1 65 67 66 1 34 1.792876
1 68 70 69 1 35 1.774773
1 71 73 72 1 36 1.754731
1 74 76 75 1 37 1.729355
1 77 79 78 1 38 1.709268
1 80 82 81 1 39 1.696636
1 83 85 84 1 40 1.682780
1 86 88 87 1 41 1.671448
1 89 91 90 1 42 1.660910
1 92 94 93 1 43 1.647179
1 95 97 96 1 44 1.635586
1 98 100 99 1 45 1.626487
1 101 103 102 1 46 1.614263
1 104 109 107 1 47 1.603261
1 110 115 113 1 48 1.576391
1 116 121 119 1 49 1.559506
1 122 127 125 1 50 1.546468
1 128 133 131 1 51 1.536349
1 134 139 137 1 52 1.523706
1 140 145 143 1 53 1.513192
1 146 151 149 1 54 1.500407
1 152 157 155 1 55 1.488888
1 158 163 161 1 56 1.483705
1 164 169 167 1 57 1.476345
1 170 175 173 1 58 1.465928
1 176 181 179 1 59 1.458894
1 182 187 185 1 60 1.451606
1 188 193 191 1 61 1.442412
1 194 254 224 1 62 1.415953
1 255 255 255 1 63 1.385989
2 0 0 0 2 0 1.000000   # ieta [3], pt 0
2 15 15 15 2 1 2.000000
2 16 16 16 2 2 2.000000
2 17 17 17 2 3 2.000000
2 18 18 18 2 4 2.000000
2 19 19 19 2 5 2.000000
2 20 20 20 2 6 2.000000
2 21 21 21 2 7 2.000000
2 22 22 22 2 8 2.000000
2 23 23 23 2 9 2.000000
2 24 24 24 2 10 2.000000
2 25 25 25 2 11 2.000000
2 26 26 26 2 12 2.000000
2 27 27 27 2 13 2.000000
2 28 28 28 2 14 2.000000
2 29 29 29 2 15 2.000000
2 30 30 30 2 16 2.000000
2 31 31 31 2 17 2.000000
2 32 33 33 2 18 2.000000
2 34 35 35 2 19 2.000000
2 36 37 37 2 20 2.000000
2 38 39 39 2 21 2.000000
2 40 41 41 2 22 2.000000
2 42 43 43 2 23 2.000000
2 44 45 45 2 24 2.000000
2 46 47 47 2 25 2.000000
2 48 49 49 2 26 1.981205
2 50 51 51 2 27 1.962580
2 52 53 53 2 28 1.931561
2 54 55 55 2 29 1.908631
2 56 57 57 2 30 1.897216
2 58 59 59 2 31 1.874437
2 60 61 61 2 32 1.856446
2 62 64 63 2 33 1.833543
2 65 67 66 2 34 1.803701
2 68 70 69 2 35 1.785489
2 71 73 72 2 36 1.765180
2 74 76 75 2 37 1.739362
2 77 79 78 2 38 1.718834
2 80 82 81 2 39 1.705968
2 83 85 84 2 40 1.692036
2 86 88 87 2 41 1.680642
2 89 91 90 2 42 1.670045
2 92 94 93 2 43 1.655048
2 95 97 96 2 44 1.640664
2 98 100 99 2 45 1.630552
2 101 103 102 2 46 1.617599
2 104 109 107 2 47 1.606063
2 110 115 113 2 48 1.579146
2 116 121 119 2 49 1.562078
2 122 127 125 2 50 1.548450
2 128 133 131 2 51 1.538057
2 134 139 137 2 52 1.525387
2 140 145 143 2 53 1.514387
2 146 151 149 2 54 1.501546
2 152 157 155 2 55 1.489701
2 158 163 161 2 56 1.483624
2 164 169 167 2 57 1.476154
2 170 175 173 2 58 1.465624
2 176 181 179 2 59 1.458535
2 182 187 185 2 60 1.451248
2 188 193 191 2 61 1.442056
2 194 254 224 2 62 1.415043
2 255 255 255 2 63 1.386820
3 0 0 0 3 0 1.000000   # ieta [4], pt 0
3 15 15 15 3 1 2.000000
3 16 16 16 3 2 2.000000
3 17 17 17 3 3 2.000000
3 18 18 18 3 4 2.000000
3 19 19 19 3 5 2.000000
3 20 20 20 3 6 2.000000
3 21 21 21 3 7 2.000000
3 22 22 22 3 8 2.000000
3 23 23 23 3 9 2.000000
3 24 24 24 3 10 2.000000
3 25 25 25 3 11 2.000000
3 26 26 26 3 12 2.000000
3 27 27 27 3 13 2.000000
3 28 28 28 3 14 2.000000
3 29 29 29 3 15 2.000000
3 30 30 30 3 16 2.000000
3 31 31 31 3 17 2.000000
3 32 33 33 3 18 2.000000
3 34 35 35 3 19 2.000000
3 36 37 37 3 20 2.000000
3 38 39 39 3 21 2.000000
3 40 41 41 3 22 2.000000
3 42 43 43 3 23 2.000000
3 44 45 45 3 24 2.000000
3 46 47 47 3 25 2.000000
3 48 49 49 3 26 1.999733
3 50 51 51 3 27 1.980933
3 52 53 53 3 28 1.948600
3 54 55 55 3 29 1.924603
3 56 57 57 3 30 1.912724
3 58 59 59 3 31 1.888429
3 60 61 61 3 32 1.869593
3 62 64 63 3 33 1.846107
3 65 67 66 3 34 1.816061
3 68 70 69 3 35 1.798576
3 71 73 72 3 36 1.778118
3 74 76 75 3 37 1.752110
3 77 79 78 3 38 1.731432
3 80 82 81 3 39 1.718472
3 83 85 84 3 40 1.704437
3 86 88 87 3 41 1.693149
3 89 91 90 3 42 1.683447
3 92 94 93 3 43 1.668555
3 95 97 96 3 44 1.654507
3 98 100 99 3 45 1.643427
3 101 103 102 3 46 1.630623
3 104 109 107 3 47 1.619165
3 110 115 113 3 48 1.592029
3 116 121 119 3 49 1.574822
3 122 127 125 3 50 1.560868
3 128 133 131 3 51 1.550017
3 134 139 137 3 52 1.537046
3 140 145 143 3 53 1.525718
3 146 151 149 3 54 1.512538
3 152 157 155 3 55 1.500345
3 158 163 161 3 56 1.493969
3 164 169 167 3 57 1.486307
3 170 175 173 3 58 1.475705
3 176 181 179 3 59 1.468566
3 182 187 185 3 60 1.461230
3 188 193 191 3 61 1.451975
3 194 254 224 3 62 1.424108
3 255 255 255 3 63 1.394779
4 0 0 0 4 0 1.000000   # ieta [5], pt 0
4 15 15 15 4 1 2.000000
4 16 16 16 4 2 2.000000
4 17 17 17 4 3 2.000000
4 18 18 18 4 4 2.000000
4 19 19 19 4 5 2.000000
4 20 20 20 4 6 2.000000
4 21 21 21 4 7 2.000000
4 22 22 22 4 8 2.000000
4 23 23 23 4 9 2.000000
4 24 24 24 4 10 2.000000
4 25 25 25 4 11 2.000000
4 26 26 26 4 12 2.000000
4 27 27 27 4 13 2.000000
4 28 28 28 4 14 2.000000
4 29 29 29 4 15 2.000000
4 30 30 30 4 16 2.000000
4 31 31 31 4 17 2.000000
4 32 33 33 4 18 2.000000
4 34 35 35 4 19 2.000000
4 36 37 37 4 20 2.000000
4 38 39 39 4 21 2.000000
4 40 41 41 4 22 2.000000
4 42 43 43 4 23 2.000000
4 44 45 45 4 24 2.000000
4 46 47 47 4 25 2.000000
4 48 49 49 4 26 1.999733
4 50 51 51 4 27 1.980933
4 52 53 53 4 28 1.948600
4 54 55 55 4 29 1.924603
4 56 57 57 4 30 1.912724
4 58 59 59 4 31 1.888429
4 60 61 61 4 32 1.869593
4 62 64 63 4 33 1.846107
4 65 67 66 4 34 1.816061
4 68 70 69 4 35 1.799182
4 71 73 72 4 36 1.778118
4 74 76 75 4 37 1.752110
4 77 79 78 4 38 1.731432
4 80 82 81 4 39 1.718472
4 83 85 84 4 40 1.704437
4 86 88 87 4 41 1.693149
4 89 91 90 4 42 1.683447
4 92 94 93 4 43 1.668129
4 95 97 96 4 44 1.654507
4 98 100 99 4 45 1.643427
4 101 103 102 4 46 1.630623
4 104 109 107 4 47 1.619165
4 110 115 113 4 48 1.592029
4 116 121 119 4 49 1.574822
4 122 127 125 4 50 1.560868
4 128 133 131 4 51 1.550017
4 134 139 137 4 52 1.537046
4 140 145 143 4 53 1.525718
4 146 151 149 4 54 1.512538
4 152 157 155 4 55 1.500345
4 158 163 161 4 56 1.493969
4 164 169 167 4 57 1.486307
4 170 175 173 4 58 1.475705
4 176 181 179 4 59 1.468566
4 182 187 185 4 60 1.461230
4 188 193 191 4 61 1.451975
4 194 254 224 4 62 1.424133
4 255 255 255 4 63 1.394779
5 0 0 0 5 0 1.000000   # ieta [6], pt 0
5 15 15 15 5 1 2.000000
5 16 16 16 5 2 2.000000
5 17 17 17 5 3 2.000000
5 18 18 18 5 4 2.000000
5 19 19 19 5 5 2.000000
5 20 20 20 5 6 2.000000
5 21 21 21 5 7 2.000000
5 22 22 22 5 8 2.000000
5 23 23 23 5 9 2.000000
5 24 24 24 5 10 2.000000
5 25 25 25 5 11 2.000000
5 26 26 26 5 12 2.000000
5 27 27 27 5 13 2.000000
5 28 28 28 5 14 2.000000
5 29 29 29 5 15 2.000000
5 30 30 30 5 16 2.000000
5 31 31 31 5 17 2.000000
5 32 33 33 5 18 2.000000
5 34 35 35 5 19 2.000000
5 36 37 37 5 20 2.000000
5 38 39 39 5 21 2.000000
5 40 41 41 5 22 2.000000
5 42 43 43 5 23 2.000000
5 44 45 45 5 24 2.000000
5 46 47 47 5 25 2.000000
5 48 49 49 5 26 1.986110
5 50 51 51 5 27 1.967146
5 52 53 53 5 28 1.935929
5 54 55 55 5 29 1.912830
5 56 57 57 5 30 1.900867
5 58 59 59 5 31 1.876367
5 60 61 61 5 32 1.857652
5 62 64 63 5 33 1.834315
5 65 67 66 5 34 1.804462
5 68 70 69 5 35 1.786942
5 71 73 72 5 36 1.766021
5 74 76 75 5 37 1.740191
5 77 79 78 5 38 1.719653
5 80 82 81 5 39 1.706781
5 83 85 84 5 40 1.692842
5 86 88 87 5 41 1.681631
5 89 91 90 5 42 1.671995
5 92 94 93 5 43 1.656633
5 95 97 96 5 44 1.642950
5 98 100 99 5 45 1.632637
5 101 103 102 5 46 1.620019
5 104 109 107 5 47 1.608636
5 110 115 113 5 48 1.581676
5 116 121 119 5 49 1.564668
5 122 127 125 5 50 1.551183
5 128 133 131 5 51 1.540772
5 134 139 137 5 52 1.528054
5 140 145 143 5 53 1.517444
5 146 151 149 5 54 1.504598
5 152 157 155 5 55 1.492382
5 158 163 161 5 56 1.486874
5 164 169 167 5 57 1.479459
5 170 175 173 5 58 1.469009
5 176 181 179 5 59 1.461955
5 182 187 185 5 60 1.454651
5 188 193 191 5 61 1.445438
5 194 254 224 5 62 1.418112
5 255 255 255 5 63 1.388944
6 0 0 0 6 0 1.000000   # ieta [7], pt 0
6 15 15 15 6 1 2.000000
6 16 16 16 6 2 2.000000
6 17 17 17 6 3 2.000000
6 18 18 18 6 4 2.000000
6 19 19 19 6 5 2.000000
6 20 20 20 6 6 2.000000
6 21 21 21 6 7 2.000000
6 22 22 22 6 8 2.000000
6 23 23 23 6 9 2.000000
6 24 24 24 6 10 2.000000
6 25 25 25 6 11 2.000000
6 26 26 26 6 12 2.000000
6 27 27 27 6 13 2.000000
6 28 28 28 6 14 2.000000
6 29 29 29 6 15 2.000000
6 30 30 30 6 16 2.000000
6 31 31 31 6 17 2.000000
6 32 33 33 6 18 2.000000
6 34 35 35 6 19 2.000000
6 36 37 37 6 20 2.000000
6 38 39 39 6 21 2.000000
6 40 41 41 6 22 2.000000
6 42 43 43 6 23 2.000000
6 44 45 45 6 24 2.000000
6 46 47 47 6 25 1.988947
6 48 49 49 6 26 1.964060
6 50 51 51 6 27 1.946855
6 52 53 53 6 28 1.916983
6 54 55 55 6 29 1.895227
6 56 57 57 6 30 1.885775
6 58 59 59 6 31 1.863601
6 60 61 61 6 32 1.847840
6 62 64 63 6 33 1.824570
6 65 67 66 6 34 1.794747
6 68 70 69 6 35 1.777276
6 71 73 72 6 36 1.756617
6 74 76 75 6 37 1.731263
6 77 79 78 6 38 1.711340
6 80 82 81 6 39 1.698787
6 83 85 84 6 40 1.684675
6 86 88 87 6 41 1.672160
6 89 91 90 6 42 1.661098
6 92 94 93 6 43 1.644965
6 95 97 96 6 44 1.632374
6 98 100 99 6 45 1.622187
6 101 103 102 6 46 1.609287
6 104 109 107 6 47 1.597879
6 110 115 113 6 48 1.572339
6 116 121 119 6 49 1.554521
6 122 127 125 6 50 1.540495
6 128 133 131 6 51 1.529983
6 134 139 137 6 52 1.517461
6 140 145 143 6 53 1.506517
6 146 151 149 6 54 1.493972
6 152 157 155 6 55 1.483562
6 158 163 161 6 56 1.476849
6 164 169 167 6 57 1.468936
6 170 175 173 6 58 1.458882
6 176 181 179 6 59 1.452396
6 182 187 185 6 60 1.445346
6 188 193 191 6 61 1.436263
6 194 254 224 6 62 1.408084
6 255 255 255 6 63 1.380184
7 0 0 0 7 0 1.000000   # ieta [8], pt 0
7 15 15 15 7 1 2.000000
7 16 16 16 7 2 2.000000
7 17 17 17 7 3 2.000000
7 18 18 18 7 4 2.000000
7 19 19 19 7 5 2.000000
7 20 20 20 7 6 2.000000
7 21 21 21 7 7 2.000000
7 22 22 22 7 8 2.000000
7 23 23 23 7 9 2.000000
7 24 24 24 7 10 2.000000
7 25 25 25 7 11 2.000000
7 26 26 26 7 12 2.000000
7 27 27 27 7 13 2.000000
7 28 28 28 7 14 2.000000
7 29 29 29 7 15 2.000000
7 30 30 30 7 16 2.000000
7 31 31 31 7 17 2.000000
7 32 33 33 7 18 2.000000
7 34 35 35 7 19 2.000000
7 36 37 37 7 20 2.000000
7 38 39 39 7 21 2.000000
7 40 41 41 7 22 2.000000
7 42 43 43 7 23 2.000000
7 44 45 45 7 24 2.000000
7 46 47 47 7 25 1.964985
7 48 49 49 7 26 1.942250
7 50 51 51 7 27 1.922218
7 52 53 53 7 28 1.892391
7 54 55 55 7 29 1.872813
7 56 57 57 7 30 1.863635
7 58 59 59 7 31 1.844293
7 60 61 61 7 32 1.832962
7 62 64 63 7 33 1.810874
7 65 67 66 7 34 1.781979
7 68 70 69 7 35 1.764217
7 71 73 72 7 36 1.744128
7 74 76 75 7 37 1.719789
7 77 79 78 7 38 1.699470
7 80 82 81 7 39 1.686738
7 83 85 84 7 40 1.671632
7 86 88 87 7 41 1.658818
7 89 91 90 7 42 1.647422
7 92 94 93 7 43 1.633404
7 95 97 96 7 44 1.624567
7 98 100 99 7 45 1.610648
7 101 103 102 7 46 1.592897
7 104 109 107 7 47 1.580903
7 110 115 113 7 48 1.558231
7 116 121 119 7 49 1.541212
7 122 127 125 7 50 1.531848
7 128 133 131 7 51 1.523423
7 134 139 137 7 52 1.508573
7 140 145 143 7 53 1.497305
7 146 151 149 7 54 1.484341
7 152 157 155 7 55 1.473551
7 158 163 161 7 56 1.464301
7 164 169 167 7 57 1.455668
7 170 175 173 7 58 1.446042
7 176 181 179 7 59 1.441840
7 182 187 185 7 60 1.436275
7 188 193 191 7 61 1.427721
7 194 254 224 7 62 1.397846
7 255 255 255 7 63 1.371727
8 0 0 0 8 0 1.000000   # ieta [9], pt 0
8 15 15 15 8 1 2.000000
8 16 16 16 8 2 2.000000
8 17 17 17 8 3 2.000000
8 18 18 18 8 4 2.000000
8 19 19 19 8 5 2.000000
8 20 20 20 8 6 2.000000
8 21 21 21 8 7 2.000000
8 22 22 22 8 8 2.000000
8 23 23 23 8 9 2.000000
8 24 24 24 8 10 2.000000
8 25 25 25 8 11 2.000000
8 26 26 26 8 12 2.000000
8 27 27 27 8 13 2.000000
8 28 28 28 8 14 2.000000
8 29 29 29 8 15 2.000000
8 30 30 30 8 16 2.000000
8 31 31 31 8 17 2.000000
8 32 33 33 8 18 2.000000
8 34 35 35 8 19 2.000000
8 36 37 37 8 20 2.000000
8 38 39 39 8 21 2.000000
8 40 41 41 8 22 2.000000
8 42 43 43 8 23 2.000000
8 44 45 45 8 24 1.990717
8 46 47 47 8 25 1.962290
8 48 49 49 8 26 1.935320
8 50 51 51 8 27 1.911297
8 52 53 53 8 28 1.879535
8 54 55 55 8 29 1.858258
8 56 57 57 8 30 1.842188
8 58 59 59 8 31 1.820414
8 60 61 61 8 32 1.807029
8 62 64 63 8 33 1.783338
8 65 67 66 8 34 1.754960
8 68 70 69 8 35 1.737467
8 71 73 72 8 36 1.719792
8 74 76 75 8 37 1.698717
8 77 79 78 8 38 1.679628
8 80 82 81 8 39 1.664837
8 83 85 84 8 40 1.649856
8 86 88 87 8 41 1.639282
8 89 91 90 8 42 1.625653
8 92 94 93 8 43 1.612410
8 95 97 96 8 44 1.605937
8 98 100 99 8 45 1.595484
8 101 103 102 8 46 1.581343
8 104 109 107 8 47 1.571209
8 110 115 113 8 48 1.548474
8 116 121 119 8 49 1.530761
8 122 127 125 8 50 1.516110
8 128 133 131 8 51 1.504123
8 134 139 137 8 52 1.487130
8 140 145 143 8 53 1.476227
8 146 151 149 8 54 1.463802
8 152 157 155 8 55 1.452911
8 158 163 161 8 56 1.447125
8 164 169 167 8 57 1.441560
8 170 175 173 8 58 1.434923
8 176 181 179 8 59 1.430329
8 182 187 185 8 60 1.423953
8 188 193 191 8 61 1.415694
8 194 254 224 8 62 1.388714
8 255 255 255 8 63 1.362851
9 0 0 0 9 0 1.000000   # ieta [10], pt 0
9 15 15 15 9 1 2.000000
9 16 16 16 9 2 2.000000
9 17 17 17 9 3 2.000000
9 18 18 18 9 4 2.000000
9 19 19 19 9 5 2.000000
9 20 20 20 9 6 2.000000
9 21 21 21 9 7 2.000000
9 22 22 22 9 8 2.000000
9 23 23 23 9 9 2.000000
9 24 24 24 9 10 2.000000
9 25 25 25 9 11 2.000000
9 26 26 26 9 12 2.000000
9 27 27 27 9 13 2.000000
9 28 28 28 9 14 2.000000
9 29 29 29 9 15 2.000000
9 30 30 30 9 16 2.000000
9 31 31 31 9 17 2.000000
9 32 33 33 9 18 2.000000
9 34 35 35 9 19 2.000000
9 36 37 37 9 20 2.000000
9 38 39 39 9 21 2.000000
9 40 41 41 9 22 2.000000
9 42 43 43 9 23 2.000000
9 44 45 45 9 24 1.989093
9 46 47 47 9 25 1.962290
9 48 49 49 9 26 1.935320
9 50 51 51 9 27 1.911297
9 52 53 53 9 28 1.879535
9 54 55 55 9 29 1.858258
9 56 57 57 9 30 1.842188
9 58 59 59 9 31 1.819590
9 60 61 61 9 32 1.805391
9 62 64 63 9 33 1.781721
9 65 67 66 9 34 1.752657
9 68 70 69 9 35 1.733180
9 71 73 72 9 36 1.714835
9 74 76 75 9 37 1.692397
9 77 79 78 9 38 1.673379
9 80 82 81 9 39 1.658643
9 83 85 84 9 40 1.645113
9 86 88 87 9 41 1.634335
9 89 91 90 9 42 1.620747
9 92 94 93 9 43 1.607448
9 95 97 96 9 44 1.599632
9 98 100 99 9 45 1.589593
9 101 103 102 9 46 1.574814
9 104 109 107 9 47 1.564043
9 110 115 113 9 48 1.541101
9 116 121 119 9 49 1.524802
9 122 127 125 9 50 1.510925
9 128 133 131 9 51 1.500317
9 134 139 137 9 52 1.484600
9 140 145 143 9 53 1.474367
9 146 151 149 9 54 1.462840
9 152 157 155 9 55 1.451675
9 158 163 161 9 56 1.445619
9 164 169 167 9 57 1.439418
9 170 175 173 9 58 1.431101
9 176 181 179 9 59 1.424109
9 182 187 185 9 60 1.417557
9 188 193 191 9 61 1.408465
9 194 254 224 9 62 1.381242
9 255 255 255 9 63 1.356243
10 0 0 0 10 0 1.000000   # ieta [11], pt 0
10 15 15 15 10 1 2.000000
10 16 16 16 10 2 2.000000
10 17 17 17 10 3 2.000000
10 18 18 18 10 4 2.000000
10 19 19 19 10 5 2.000000
10 20 20 20 10 6 2.000000
10 21 21 21 10 7 2.000000
10 22 22 22 10 8 2.000000
10 23 23 23 10 9 2.000000
10 24 24 24 10 10 2.000000
10 25 25 25 10 11 2.000000
10 26 26 26 10 12 2.000000
10 27 27 27 10 13 2.000000
10 28 28 28 10 14 2.000000
10 29 29 29 10 15 2.000000
10 30 30 30 10 16 2.000000
10 31 31 31 10 17 2.000000
10 32 33 33 10 18 2.000000
10 34 35 35 10 19 2.000000
10 36 37 37 10 20 2.000000
10 38 39 39 10 21 2.000000
10 40 41 41 10 22 2.000000
10 42 43 43 10 23 2.000000
10 44 45 45 10 24 1.987677
10 46 47 47 10 25 1.962290
10 48 49 49 10 26 1.935320
10 50 51 51 10 27 1.911297
10 52 53 53 10 28 1.879535
10 54 55 55 10 29 1.858258
10 56 57 57 10 30 1.842188
10 58 59 59 10 31 1.819590
10 60 61 61 10 32 1.805391
10 62 64 63 10 33 1.781721
10 65 67 66 10 34 1.752657
10 68 70 69 10 35 1.733180
10 71 73 72 10 36 1.714835
10 74 76 75 10 37 1.692397
10 77 79 78 10 38 1.673379
10 80 82 81 10 39 1.658643
10 83 85 84 10 40 1.645113
10 86 88 87 10 41 1.634123
10 89 91 90 10 42 1.620114
10 92 94 93 10 43 1.606242
10 95 97 96 10 44 1.598432
10 98 100 99 10 45 1.588606
10 101 103 102 10 46 1.574247
10 104 109 107 10 47 1.563096
10 110 115 113 10 48 1.538264
10 116 121 119 10 49 1.521995
10 122 127 125 10 50 1.508143
10 128 133 131 10 51 1.497555
10 134 139 137 10 52 1.483036
10 140 145 143 10 53 1.473465
10 146 151 149 10 54 1.462296
10 152 157 155 10 55 1.451135
10 158 163 161 10 56 1.445349
10 164 169 167 10 57 1.439418
10 170 175 173 10 58 1.431101
10 176 181 179 10 59 1.424109
10 182 187 185 10 60 1.417557
10 188 193 191 10 61 1.408465
10 194 254 224 10 62 1.381242
10 255 255 255 10 63 1.356243
11 0 0 0 11 0 1.000000   # ieta [12], pt 0
11 15 15 15 11 1 2.000000
11 16 16 16 11 2 2.000000
11 17 17 17 11 3 2.000000
11 18 18 18 11 4 2.000000
11 19 19 19 11 5 2.000000
11 20 20 20 11 6 2.000000
11 21 21 21 11 7 2.000000
11 22 22 22 11 8 2.000000
11 23 23 23 11 9 2.000000
11 24 24 24 11 10 2.000000
11 25 25 25 11 11 2.000000
11 26 26 26 11 12 2.000000
11 27 27 27 11 13 2.000000
11 28 28 28 11 14 2.000000
11 29 29 29 11 15 2.000000
11 30 30 30 11 16 2.000000
11 31 31 31 11 17 2.000000
11 32 33 33 11 18 2.000000
11 34 35 35 11 19 2.000000
11 36 37 37 11 20 2.000000
11 38 39 39 11 21 2.000000
11 40 41 41 11 22 2.000000
11 42 43 43 11 23 2.000000
11 44 45 45 11 24 1.985080
11 46 47 47 11 25 1.957645
11 48 49 49 11 26 1.928979
11 50 51 51 11 27 1.903973
11 52 53 53 11 28 1.871818
11 54 55 55 11 29 1.850109
11 56 57 57 11 30 1.834108
11 58 59 59 11 31 1.812444
11 60 61 61 11 32 1.798236
11 62 64 63 11 33 1.775130
11 65 67 66 11 34 1.746408
11 68 70 69 11 35 1.726999
11 71 73 72 11 36 1.708695
11 74 76 75 11 37 1.686288
11 77 79 78 11 38 1.667298
11 80 82 81 11 39 1.652596
11 83 85 84 11 40 1.639970
11 86 88 87 11 41 1.629485
11 89 91 90 11 42 1.616322
11 92 94 93 11 43 1.602227
11 95 97 96 11 44 1.593554
11 98 100 99 11 45 1.584492
11 101 103 102 11 46 1.569494
11 104 109 107 11 47 1.558076
11 110 115 113 11 48 1.531420
11 116 121 119 11 49 1.515071
11 122 127 125 11 50 1.500849
11 128 133 131 11 51 1.490530
11 134 139 137 11 52 1.476079
11 140 145 143 11 53 1.466419
11 146 151 149 11 54 1.454964
11 152 157 155 11 55 1.444310
11 158 163 161 11 56 1.438499
11 164 169 167 11 57 1.432727
11 170 175 173 11 58 1.425023
11 176 181 179 11 59 1.418061
11 182 187 185 11 60 1.411537
11 188 193 191 11 61 1.402396
11 194 254 224 11 62 1.375169
11 255 255 255 11 63 1.354312
12 0 0 0 12 0 1.000000   # ieta [13], pt 0
12 15 15 15 12 1 2.000000
12 16 16 16 12 2 2.000000
12 17 17 17 12 3 2.000000
12 18 18 18 12 4 2.000000
12 19 19 19 12 5 2.000000
12 20 20 20 12 6 2.000000
12 21 21 21 12 7 2.000000
12 22 22 22 12 8 2.000000
12 23 23 23 12 9 2.000000
12 24 24 24 12 10 2.000000
12 25 25 25 12 11 2.000000
12 26 26 26 12 12 2.000000
12 27 27 27 12 13 2.000000
12 28 28 28 12 14 2.000000
12 29 29 29 12 15 2.000000
12 30 30 30 12 16 2.000000
12 31 31 31 12 17 2.000000
12 32 33 33 12 18 2.000000
12 34 35 35 12 19 2.000000
12 36 37 37 12 20 2.000000
12 38 39 39 12 21 2.000000
12 40 41 41 12 22 2.000000
12 42 43 43 12 23 1.976467
12 44 45 45 12 24 1.952433
12 46 47 47 12 25 1.929995
12 48 49 49 12 26 1.901733
12 50 51 51 12 27 1.878229
12 52 53 53 12 28 1.853776
12 54 55 55 12 29 1.833178
12 56 57 57 12 30 1.817325
12 58 59 59 12 31 1.795859
12 60 61 61 12 32 1.782572
12 62 64 63 12 33 1.759668
12 65 67 66 12 34 1.730881
12 68 70 69 12 35 1.713108
12 71 73 72 12 36 1.695144
12 74 76 75 12 37 1.673441
12 77 79 78 12 38 1.654878
12 80 82 81 12 39 1.640285
12 83 85 84 12 40 1.627219
12 86 88 87 12 41 1.616866
12 89 91 90 12 42 1.603805
12 92 94 93 12 43 1.590154
12 95 97 96 12 44 1.581635
12 98 100 99 12 45 1.572583
12 101 103 102 12 46 1.557691
12 104 109 107 12 47 1.546471
12 110 115 113 12 48 1.519191
12 116 121 119 12 49 1.503076
12 122 127 125 12 50 1.489130
12 128 133 131 12 51 1.478622
12 134 139 137 12 52 1.464216
12 140 145 143 12 53 1.454680
12 146 151 149 12 54 1.443241
12 152 157 155 12 55 1.432348
12 158 163 161 12 56 1.426424
12 164 169 167 12 57 1.420783
12 170 175 173 12 58 1.412707
12 176 181 179 12 59 1.405659
12 182 187 185 12 60 1.399192
12 188 193 191 12 61 1.390131
12 194 254 224 12 62 1.363686
12 255 255 255 12 63 1.344810
13 0 0 0 13 0 1.000000   # ieta [14], pt 0
13 15 15 15 13 1 2.000000
13 16 16 16 13 2 2.000000
13 17 17 17 13 3 2.000000
13 18 18 18 13 4 2.000000
13 19 19 19 13 5 2.000000
13 20 20 20 13 6 2.000000
13 21 21 21 13 7 2.000000
13 22 22 22 13 8 2.000000
13 23 23 23 13 9 2.000000
13 24 24 24 13 10 2.000000
13 25 25 25 13 11 2.000000
13 26 26 26 13 12 2.000000
13 27 27 27 13 13 2.000000
13 28 28 28 13 14 2.000000
13 29 29 29 13 15 2.000000
13 30 30 30 13 16 2.000000
13 31 31 31 13 17 2.000000
13 32 33 33 13 18 2.000000
13 34 35 35 13 19 2.000000
13 36 37 37 13 20 2.000000
13 38 39 39 13 21 2.000000
13 40 41 41 13 22 2.000000
13 42 43 43 13 23 1.977565
13 44 45 45 13 24 1.953518
13 46 47 47 13 25 1.931067
13 48 49 49 13 26 1.902790
13 50 51 51 13 27 1.879272
13 52 53 53 13 28 1.854806
13 54 55 55 13 29 1.834196
13 56 57 57 13 30 1.818334
13 58 59 59 13 31 1.796856
13 60 61 61 13 32 1.783563
13 62 64 63 13 33 1.760645
13 65 67 66 13 34 1.731842
13 68 70 69 13 35 1.714060
13 71 73 72 13 36 1.696086
13 74 76 75 13 37 1.674370
13 77 79 78 13 38 1.655797
13 80 82 81 13 39 1.641196
13 83 85 84 13 40 1.628123
13 86 88 87 13 41 1.617764
13 89 91 90 13 42 1.604696
13 92 94 93 13 43 1.591037
13 95 97 96 13 44 1.582514
13 98 100 99 13 45 1.573456
13 101 103 102 13 46 1.558556
13 104 109 107 13 47 1.547330
13 110 115 113 13 48 1.520035
13 116 121 119 13 49 1.503910
13 122 127 125 13 50 1.489957
13 128 133 131 13 51 1.479443
13 134 139 137 13 52 1.465029
13 140 145 143 13 53 1.455488
13 146 151 149 13 54 1.444043
13 152 157 155 13 55 1.433144
13 158 163 161 13 56 1.427216
13 164 169 167 13 57 1.421572
13 170 175 173 13 58 1.413492
13 176 181 179 13 59 1.406440
13 182 187 185 13 60 1.399970
13 188 193 191 13 61 1.390903
13 194 254 224 13 62 1.364433
13 255 255 255 13 63 1.345557
14 0 0 0 14 0 1.000000   # ieta [15], pt 0
14 15 15 15 14 1 2.000000
14 16 16 16 14 2 2.000000
14 17 17 17 14 3 2.000000
14 18 18 18 14 4 2.000000
14 19 19 19 14 5 2.000000
14 20 20 20 14 6 2.000000
14 21 21 21 14 7 2.000000
14 22 22 22 14 8 2.000000
14 23 23 23 14 9 2.000000
14 24 24 24 14 10 2.000000
14 25 25 25 14 11 2.000000
14 26 26 26 14 12 2.000000
14 27 27 27 14 13 2.000000
14 28 28 28 14 14 2.000000
14 29 29 29 14 15 2.000000
14 30 30 30 14 16 2.000000
14 31 31 31 14 17 2.000000
14 32 33 33 14 18 2.000000
14 34 35 35 14 19 2.000000
14 36 37 37 14 20 2.000000
14 38 39 39 14 21 2.000000
14 40 41 41 14 22 2.000000
14 42 43 43 14 23 1.976572
14 44 45 45 14 24 1.955305
14 46 47 47 14 25 1.933264
14 48 49 49 14 26 1.904955
14 50 51 51 14 27 1.881410
14 52 53 53 14 28 1.857560
14 54 55 55 14 29 1.845445
14 56 57 57 14 30 1.829662
14 58 59 59 14 31 1.808226
14 60 61 61 14 32 1.794849
14 62 64 63 14 33 1.771786
14 65 67 66 14 34 1.743118
14 68 70 69 14 35 1.725220
14 71 73 72 14 36 1.707277
14 74 76 75 14 37 1.685715
14 77 79 78 14 38 1.667539
14 80 82 81 14 39 1.653097
14 83 85 84 14 40 1.641008
14 86 88 87 14 41 1.630568
14 89 91 90 14 42 1.617501
14 92 94 93 14 43 1.603942
14 95 97 96 14 44 1.595350
14 98 100 99 14 45 1.586976
14 101 103 102 14 46 1.572951
14 104 109 107 14 47 1.561739
14 110 115 113 14 48 1.534778
14 116 121 119 14 49 1.518497
14 122 127 125 14 50 1.504409
14 128 133 131 14 51 1.494080
14 134 139 137 14 52 1.479389
14 140 145 143 14 53 1.469948
14 146 151 149 14 54 1.458965
14 152 157 155 14 55 1.448535
14 158 163 161 14 56 1.442895
14 164 169 167 14 57 1.437217
14 170 175 173 14 58 1.430241
14 176 181 179 14 59 1.423269
14 182 187 185 14 60 1.416506
14 188 193 191 14 61 1.407333
14 194 254 224 14 62 1.380586
14 255 255 255 14 63 1.361194
15 0 0 0 15 0 1.000000   # ieta [16], pt 0
15 15 15 15 15 1 2.000000
15 16 16 16 15 2 2.000000
15 17 17 17 15 3 2.000000
15 18 18 18 15 4 2.000000
15 19 19 19 15 5 2.000000
15 20 20 20 15 6 2.000000
15 21 21 21 15 7 2.000000
15 22 22 22 15 8 2.000000
15 23 23 23 15 9 2.000000
15 24 24 24 15 10 2.000000
15 25 25 25 15 11 2.000000
15 26 26 26 15 12 2.000000
15 27 27 27 15 13 2.000000
15 28 28 28 15 14 2.000000
15 29 29 29 15 15 2.000000
15 30 30 30 15 16 2.000000
15 31 31 31 15 17 2.000000
15 32 33 33 15 18 2.000000
15 34 35 35 15 19 2.000000
15 36 37 37 15 20 2.000000
15 38 39 39 15 21 2.000000
15 40 41 41 15 22 2.000000
15 42 43 43 15 23 2.000000
15 44 45 45 15 24 1.986246
15 46 47 47 15 25 1.966288
15 48 49 49 15 26 1.935790
15 50 51 51 15 27 1.912804
15 52 53 53 15 28 1.893525
15 54 55 55 15 29 1.886654
15 56 57 57 15 30 1.870518
15 58 59 59 15 31 1.844781
15 60 61 61 15 32 1.832266
15 62 64 63 15 33 1.808723
15 65 67 66 15 34 1.779457
15 68 70 69 15 35 1.758869
15 71 73 72 15 36 1.739640
15 74 76 75 15 37 1.715464
15 77 79 78 15 38 1.695335
15 80 82 81 15 39 1.680172
15 83 85 84 15 40 1.667349
15 86 88 87 15 41 1.650674
15 89 91 90 15 42 1.641006
15 92 94 93 15 43 1.629514
15 95 97 96 15 44 1.620785
15 98 100 99 15 45 1.613084
15 101 103 102 15 46 1.598590
15 104 109 107 15 47 1.589498
15 110 115 113 15 48 1.571824
15 116 121 119 15 49 1.556221
15 122 127 125 15 50 1.543113
15 128 133 131 15 51 1.532517
15 134 139 137 15 52 1.517021
15 140 145 143 15 53 1.507275
15 146 151 149 15 54 1.497131
15 152 157 155 15 55 1.487074
15 158 163 161 15 56 1.481010
15 164 169 167 15 57 1.476365
15 170 175 173 15 58 1.470265
15 176 181 179 15 59 1.463098
15 182 187 185 15 60 1.456146
15 188 193 191 15 61 1.446715
15 194 254 224 15 62 1.413675
15 255 255 255 15 63 1.389602
16 0 0 0 16 0 1.000000   # ieta [17], pt 0
16 15 15 15 16 1 2.000000
16 16 16 16 16 2 2.000000
16 17 17 17 16 3 2.000000
16 18 18 18 16 4 2.000000
16 19 19 19 16 5 2.000000
16 20 20 20 16 6 2.000000
16 21 21 21 16 7 2.000000
16 22 22 22 16 8 2.000000
16 23 23 23 16 9 2.000000
16 24 24 24 16 10 2.000000
16 25 25 25 16 11 2.000000
16 26 26 26 16 12 2.000000
16 27 27 27 16 13 2.000000
16 28 28 28 16 14 2.000000
16 29 29 29 16 15 2.000000
16 30 30 30 16 16 2.000000
16 31 31 31 16 17 2.000000
16 32 33 33 16 18 2.000000
16 34 35 35 16 19 2.000000
16 36 37 37 16 20 2.000000
16 38 39 39 16 21 2.000000
16 40 41 41 16 22 1.999439
16 42 43 43 16 23 1.969955
16 44 45 45 16 24 1.940516
16 46 47 47 16 25 1.916591
16 48 49 49 16 26 1.893799
16 50 51 51 16 27 1.868294
16 52 53 53 16 28 1.840411
16 54 55 55 16 29 1.824194
16 56 57 57 16 30 1.806084
16 58 59 59 16 31 1.790960
16 60 61 61 16 32 1.777710
16 62 64 63 16 33 1.756445
16 65 67 66 16 34 1.731163
16 68 70 69 16 35 1.717477
16 71 73 72 16 36 1.700535
16 74 76 75 16 37 1.678033
16 77 79 78 16 38 1.659933
16 80 82 81 16 39 1.645527
16 83 85 84 16 40 1.633424
16 86 88 87 16 41 1.622424
16 89 91 90 16 42 1.608899
16 92 94 93 16 43 1.593488
16 95 97 96 16 44 1.584925
16 98 100 99 16 45 1.575494
16 101 103 102 16 46 1.562782
16 104 109 107 16 47 1.549507
16 110 115 113 16 48 1.519123
16 116 121 119 16 49 1.501940
16 122 127 125 16 50 1.487793
16 128 133 131 16 51 1.477427
16 134 139 137 16 52 1.464128
16 140 145 143 16 53 1.456392
16 146 151 149 16 54 1.447205
16 152 157 155 16 55 1.438343
16 158 163 161 16 56 1.431588
16 164 169 167 16 57 1.426521
16 170 175 173 16 58 1.422295
16 176 181 179 16 59 1.414932
16 182 187 185 16 60 1.407352
16 188 193 191 16 61 1.398237
16 194 254 224 16 62 1.369178
16 255 255 255 16 63 1.348369
17 0 0 0 17 0 1.000000   # ieta [18], pt 0
17 15 15 15 17 1 2.000000
17 16 16 16 17 2 2.000000
17 17 17 17 17 3 2.000000
17 18 18 18 17 4 2.000000
17 19 19 19 17 5 2.000000
17 20 20 20 17 6 2.000000
17 21 21 21 17 7 2.000000
17 22 22 22 17 8 2.000000
17 23 23 23 17 9 2.000000
17 24 24 24 17 10 2.000000
17 25 25 25 17 11 2.000000
17 26 26 26 17 12 2.000000
17 27 27 27 17 13 2.000000
17 28 28 28 17 14 1.981016
17 29 29 29 17 15 1.958809
17 30 30 30 17 16 1.932306
17 31 31 31 17 17 1.908489
17 32 33 33 17 18 1.888066
17 34 35 35 17 19 1.877356
17 36 37 37 17 20 1.829468
17 38 39 39 17 21 1.801085
17 40 41 41 17 22 1.775477
17 42 43 43 17 23 1.744356
17 44 45 45 17 24 1.711505
17 46 47 47 17 25 1.686013
17 48 49 49 17 26 1.670582
17 50 51 51 17 27 1.659904
17 52 53 53 17 28 1.631446
17 54 55 55 17 29 1.614420
17 56 57 57 17 30 1.603440
17 58 59 59 17 31 1.579802
17 60 61 61 17 32 1.573178
17 62 64 63 17 33 1.555589
17 65 67 66 17 34 1.533113
17 68 70 69 17 35 1.514435
17 71 73 72 17 36 1.502186
17 74 76 75 17 37 1.491010
17 77 79 78 17 38 1.479676
17 80 82 81 17 39 1.468856
17 83 85 84 17 40 1.453225
17 86 88 87 17 41 1.439605
17 89 91 90 17 42 1.424001
17 92 94 93 17 43 1.409679
17 95 97 96 17 44 1.401132
17 98 100 99 17 45 1.396983
17 101 103 102 17 46 1.389730
17 104 109 107 17 47 1.381262
17 110 115 113 17 48 1.367153
17 116 121 119 17 49 1.350924
17 122 127 125 17 50 1.338667
17 128 133 131 17 51 1.325757
17 134 139 137 17 52 1.319668
17 140 145 143 17 53 1.307169
17 146 151 149 17 54 1.299523
17 152 157 155 17 55 1.291339
17 158 163 161 17 56 1.287262
17 164 169 167 17 57 1.284595
17 170 175 173 17 58 1.272761
17 176 181 179 17 59 1.271230
17 182 187 185 17 60 1.264139
17 188 193 191 17 61 1.256665
17 194 254 224 17 62 1.232756
17 255 255 255 17 63 1.220884
18 0 0 0 18 0 1.000000   # ieta [19], pt 0
18 15 15 15 18 1 2.000000
18 16 16 16 18 2 2.000000
18 17 17 17 18 3 2.000000
18 18 18 18 18 4 2.000000
18 19 19 19 18 5 2.000000
18 20 20 20 18 6 2.000000
18 21 21 21 18 7 2.000000
18 22 22 22 18 8 2.000000
18 23 23 23 18 9 2.000000
18 24 24 24 18 10 2.000000
18 25 25 25 18 11 2.000000
18 26 26 26 18 12 2.000000
18 27 27 27 18 13 2.000000
18 28 28 28 18 14 2.000000
18 29 29 29 18 15 1.985578
18 30 30 30 18 16 1.958713
18 31 31 31 18 17 1.934571
18 32 33 33 18 18 1.914742
18 34 35 35 18 19 1.904755
18 36 37 37 18 20 1.856168
18 38 39 39 18 21 1.827371
18 40 41 41 18 22 1.801389
18 42 43 43 18 23 1.770230
18 44 45 45 18 24 1.735931
18 46 47 47 18 25 1.711252
18 48 49 49 18 26 1.695590
18 50 51 51 18 27 1.684753
18 52 53 53 18 28 1.656812
18 54 55 55 18 29 1.640471
18 56 57 57 18 30 1.628756
18 58 59 59 18 31 1.602916
18 60 61 61 18 32 1.592630
18 62 64 63 18 33 1.574040
18 65 67 66 18 34 1.551296
18 68 70 69 18 35 1.531854
18 71 73 72 18 36 1.518521
18 74 76 75 18 37 1.505916
18 77 79 78 18 38 1.493182
18 80 82 81 18 39 1.481809
18 83 85 84 18 40 1.466040
18 86 88 87 18 41 1.452299
18 89 91 90 18 42 1.436558
18 92 94 93 18 43 1.422109
18 95 97 96 18 44 1.413070
18 98 100 99 18 45 1.408424
18 101 103 102 18 46 1.400882
18 104 109 107 18 47 1.392117
18 110 115 113 18 48 1.377443
18 116 121 119 18 49 1.361091
18 122 127 125 18 50 1.348702
18 128 133 131 18 51 1.335616
18 134 139 137 18 52 1.327543
18 140 145 143 18 53 1.313074
18 146 151 149 18 54 1.304959
18 152 157 155 18 55 1.296741
18 158 163 161 18 56 1.291446
18 164 169 167 18 57 1.287244
18 170 175 173 18 58 1.275177
18 176 181 179 18 59 1.273643
18 182 187 185 18 60 1.266083
18 188 193 191 18 61 1.258598
18 194 254 224 18 62 1.233849
18 255 255 255 18 63 1.217109
19 0 0 0 19 0 1.000000   # ieta [20], pt 0
19 15 15 15 19 1 2.000000
19 16 16 16 19 2 2.000000
19 17 17 17 19 3 2.000000
19 18 18 18 19 4 2.000000
19 19 19 19 19 5 2.000000
19 20 20 20 19 6 2.000000
19 21 21 21 19 7 2.000000
19 22 22 22 19 8 2.000000
19 23 23 23 19 9 2.000000
19 24 24 24 19 10 2.000000
19 25 25 25 19 11 2.000000
19 26 26 26 19 12 2.000000
19 27 27 27 19 13 2.000000
19 28 28 28 19 14 2.000000
19 29 29 29 19 15 2.000000
19 30 30 30 19 16 1.987577
19 31 31 31 19 17 1.963079
19 32 33 33 19 18 1.939640
19 34 35 35 19 19 1.926204
19 36 37 37 19 20 1.872927
19 38 39 39 19 21 1.841309
19 40 41 41 19 22 1.815129
19 42 43 43 19 23 1.782356
19 44 45 45 19 24 1.747506
19 46 47 47 19 25 1.719996
19 48 49 49 19 26 1.704254
19 50 51 51 19 27 1.693428
19 52 53 53 19 28 1.664541
19 54 55 55 19 29 1.648029
19 56 57 57 19 30 1.636259
19 58 59 59 19 31 1.610300
19 60 61 61 19 32 1.599967
19 62 64 63 19 33 1.581291
19 65 67 66 19 34 1.558443
19 68 70 69 19 35 1.538911
19 71 73 72 19 36 1.525256
19 74 76 75 19 37 1.512078
19 77 79 78 19 38 1.497806
19 80 82 81 19 39 1.485655
19 83 85 84 19 40 1.469845
19 86 88 87 19 41 1.456069
19 89 91 90 19 42 1.440287
19 92 94 93 19 43 1.425381
19 95 97 96 19 44 1.415973
19 98 100 99 19 45 1.410977
19 101 103 102 19 46 1.403109
19 104 109 107 19 47 1.394331
19 110 115 113 19 48 1.379633
19 116 121 119 19 49 1.363255
19 122 127 125 19 50 1.350846
19 128 133 131 19 51 1.337739
19 134 139 137 19 52 1.329516
19 140 145 143 19 53 1.314957
19 146 151 149 19 54 1.306830
19 152 157 155 19 55 1.298572
19 158 163 161 19 56 1.293242
19 164 169 167 19 57 1.289033
19 170 175 173 19 58 1.276949
19 176 181 179 19 59 1.275413
19 182 187 185 19 60 1.267843
19 188 193 191 19 61 1.260347
19 194 254 224 19 62 1.235399
19 255 255 255 19 63 1.218363
20 0 0 0 20 0 1.000000   # ieta [21], pt 0
20 15 15 15 20 1 2.000000
20 16 16 16 20 2 2.000000
20 17 17 17 20 3 2.000000
20 18 18 18 20 4 2.000000
20 19 19 19 20 5 2.000000
20 20 20 20 20 6 2.000000
20 21 21 21 20 7 2.000000
20 22 22 22 20 8 2.000000
20 23 23 23 20 9 2.000000
20 24 24 24 20 10 2.000000
20 25 25 25 20 11 2.000000
20 26 26 26 20 12 2.000000
20 27 27 27 20 13 2.000000
20 28 28 28 20 14 2.000000
20 29 29 29 20 15 2.000000
20 30 30 30 20 16 2.000000
20 31 31 31 20 17 2.000000
20 32 33 33 20 18 1.983913
20 34 35 35 20 19 1.967612
20 36 37 37 20 20 1.904243
20 38 39 39 20 21 1.870145
20 40 41 41 20 22 1.843555
20 42 43 43 20 23 1.804935
20 44 45 45 20 24 1.768522
20 46 47 47 20 25 1.739223
20 48 49 49 20 26 1.721440
20 50 51 51 20 27 1.704373
20 52 53 53 20 28 1.675706
20 54 55 55 20 29 1.660776
20 56 57 57 20 30 1.650312
20 58 59 59 20 31 1.626763
20 60 61 61 20 32 1.617576
20 62 64 63 20 33 1.598694
20 65 67 66 20 34 1.576835
20 68 70 69 20 35 1.556123
20 71 73 72 20 36 1.542108
20 74 76 75 20 37 1.528314
20 77 79 78 20 38 1.513255
20 80 82 81 20 39 1.500373
20 83 85 84 20 40 1.483007
20 86 88 87 20 41 1.469107
20 89 91 90 20 42 1.453184
20 92 94 93 20 43 1.438144
20 95 97 96 20 44 1.428349
20 98 100 99 20 45 1.423635
20 101 103 102 20 46 1.413651
20 104 109 107 20 47 1.404427
20 110 115 113 20 48 1.389148
20 116 121 119 20 49 1.372658
20 122 127 125 20 50 1.359564
20 128 133 131 20 51 1.345766
20 134 139 137 20 52 1.337493
20 140 145 143 20 53 1.322847
20 146 151 149 20 54 1.314671
20 152 157 155 20 55 1.306363
20 158 163 161 20 56 1.301001
20 164 169 167 20 57 1.296767
20 170 175 173 20 58 1.285366
20 176 181 179 20 59 1.283820
20 182 187 185 20 60 1.276200
20 188 193 191 20 61 1.268655
20 194 254 224 20 62 1.243386
20 255 255 255 20 63 1.225920
21 0 0 0 21 0 1.000000   # ieta [22], pt 0
21 15 15 15 21 1 2.000000
21 16 16 16 21 2 2.000000
21 17 17 17 21 3 2.000000
21 18 18 18 21 4 2.000000
21 19 19 19 21 5 2.000000
21 20 20 20 21 6 2.000000
21 21 21 21 21 7 2.000000
21 22 22 22 21 8 2.000000
21 23 23 23 21 9 2.000000
21 24 24 24 21 10 2.000000
21 25 25 25 21 11 2.000000
21 26 26 26 21 12 2.000000
21 27 27 27 21 13 2.000000
21 28 28 28 21 14 2.000000
21 29 29 29 21 15 2.000000
21 30 30 30 21 16 2.000000
21 31 31 31 21 17 2.000000
21 32 33 33 21 18 1.993126
21 34 35 35 21 19 1.976750
21 36 37 37 21 20 1.914414
21 38 39 39 21 21 1.880134
21 40 41 41 21 22 1.853402
21 42 43 43 21 23 1.813824
21 44 45 45 21 24 1.777232
21 46 47 47 21 25 1.747789
21 48 49 49 21 26 1.729919
21 50 51 51 21 27 1.712767
21 52 53 53 21 28 1.682765
21 54 55 55 21 29 1.665833
21 56 57 57 21 30 1.655337
21 58 59 59 21 31 1.631716
21 60 61 61 21 32 1.621857
21 62 64 63 21 33 1.602288
21 65 67 66 21 34 1.580380
21 68 70 69 21 35 1.559622
21 71 73 72 21 36 1.545576
21 74 76 75 21 37 1.531751
21 77 79 78 21 38 1.516657
21 80 82 81 21 39 1.503746
21 83 85 84 21 40 1.486341
21 86 88 87 21 41 1.472410
21 89 91 90 21 42 1.456452
21 92 94 93 21 43 1.441378
21 95 97 96 21 44 1.431561
21 98 100 99 21 45 1.425847
21 101 103 102 21 46 1.415847
21 104 109 107 21 47 1.407202
21 110 115 113 21 48 1.394138
21 116 121 119 21 49 1.378620
21 122 127 125 21 50 1.365469
21 128 133 131 21 51 1.351611
21 134 139 137 21 52 1.343303
21 140 145 143 21 53 1.328704
21 146 151 149 21 54 1.320717
21 152 157 155 21 55 1.312418
21 158 163 161 21 56 1.307031
21 164 169 167 21 57 1.302777
21 170 175 173 21 58 1.291986
21 176 181 179 21 59 1.290432
21 182 187 185 21 60 1.282772
21 188 193 191 21 61 1.275290
21 194 254 224 21 62 1.249683
21 255 255 255 21 63 1.232378
22 0 0 0 22 0 1.000000   # ieta [23], pt 0
22 15 15 15 22 1 2.000000
22 16 16 16 22 2 2.000000
22 17 17 17 22 3 2.000000
22 18 18 18 22 4 2.000000
22 19 19 19 22 5 2.000000
22 20 20 20 22 6 2.000000
22 21 21 21 22 7 2.000000
22 22 22 22 22 8 2.000000
22 23 23 23 22 9 2.000000
22 24 24 24 22 10 2.000000
22 25 25 25 22 11 2.000000
22 26 26 26 22 12 2.000000
22 27 27 27 22 13 2.000000
22 28 28 28 22 14 2.000000
22 29 29 29 22 15 2.000000
22 30 30 30 22 16 2.000000
22 31 31 31 22 17 2.000000
22 32 33 33 22 18 1.990626
22 34 35 35 22 19 1.974270
22 36 37 37 22 20 1.912012
22 38 39 39 22 21 1.877775
22 40 41 41 22 22 1.851076
22 42 43 43 22 23 1.811549
22 44 45 45 22 24 1.775002
22 46 47 47 22 25 1.745596
22 48 49 49 22 26 1.727748
22 50 51 51 22 27 1.710618
22 52 53 53 22 28 1.680654
22 54 55 55 22 29 1.663743
22 56 57 57 22 30 1.653260
22 58 59 59 22 31 1.629669
22 60 61 61 22 32 1.619822
22 62 64 63 22 33 1.600278
22 65 67 66 22 34 1.578397
22 68 70 69 22 35 1.557665
22 71 73 72 22 36 1.543636
22 74 76 75 22 37 1.529829
22 77 79 78 22 38 1.514754
22 80 82 81 22 39 1.501859
22 83 85 84 22 40 1.484476
22 86 88 87 22 41 1.470563
22 89 91 90 22 42 1.454624
22 92 94 93 22 43 1.439569
22 95 97 96 22 44 1.429765
22 98 100 99 22 45 1.424058
22 101 103 102 22 46 1.414071
22 104 109 107 22 47 1.405437
22 110 115 113 22 48 1.392389
22 116 121 119 22 49 1.376890
22 122 127 125 22 50 1.363756
22 128 133 131 22 51 1.349915
22 134 139 137 22 52 1.341617
22 140 145 143 22 53 1.327037
22 146 151 149 22 54 1.319060
22 152 157 155 22 55 1.310771
22 158 163 161 22 56 1.305391
22 164 169 167 22 57 1.301143
22 170 175 173 22 58 1.290365
22 176 181 179 22 59 1.288813
22 182 187 185 22 60 1.281163
22 188 193 191 22 61 1.273690
22 194 254 224 22 62 1.248187
22 255 255 255 22 63 1.231096
23 0 0 0 23 0 1.000000   # ieta [24], pt 0
23 15 15 15 23 1 2.000000
23 16 16 16 23 2 2.000000
23 17 17 17 23 3 2.000000
23 18 18 18 23 4 2.000000
23 19 19 19 23 5 2.000000
23 20 20 20 23 6 2.000000
23 21 21 21 23 7 2.000000
23 22 22 22 23 8 2.000000
23 23 23 23 23 9 2.000000
23 24 24 24 23 10 2.000000
23 25 25 25 23 11 2.000000
23 26 26 26 23 12 2.000000
23 27 27 27 23 13 2.000000
23 28 28 28 23 14 2.000000
23 29 29 29 23 15 2.000000
23 30 30 30 23 16 2.000000
23 31 31 31 23 17 2.000000
23 32 33 33 23 18 1.995022
23 34 35 35 23 19 1.978630
23 36 37 37 23 20 1.914979
23 38 39 39 23 21 1.880688
23 40 41 41 23 22 1.853948
23 42 43 43 23 23 1.814359
23 44 45 45 23 24 1.777649
23 46 47 47 23 25 1.747988
23 48 49 49 23 26 1.730116
23 50 51 51 23 27 1.712597
23 52 53 53 23 28 1.682236
23 54 55 55 23 29 1.664159
23 56 57 57 23 30 1.653673
23 58 59 59 23 31 1.630076
23 60 61 61 23 32 1.620227
23 62 64 63 23 33 1.600678
23 65 67 66 23 34 1.578792
23 68 70 69 23 35 1.558054
23 71 73 72 23 36 1.544022
23 74 76 75 23 37 1.530211
23 77 79 78 23 38 1.515133
23 80 82 81 23 39 1.502235
23 83 85 84 23 40 1.484847
23 86 88 87 23 41 1.470931
23 89 91 90 23 42 1.454988
23 92 94 93 23 43 1.439827
23 95 97 96 23 44 1.430870
23 98 100 99 23 45 1.424261
23 101 103 102 23 46 1.414273
23 104 109 107 23 47 1.405638
23 110 115 113 23 48 1.392588
23 116 121 119 23 49 1.377087
23 122 127 125 23 50 1.363951
23 128 133 131 23 51 1.350108
23 134 139 137 23 52 1.341809
23 140 145 143 23 53 1.327227
23 146 151 149 23 54 1.319249
23 152 157 155 23 55 1.310959
23 158 163 161 23 56 1.305577
23 164 169 167 23 57 1.301329
23 170 175 173 23 58 1.290549
23 176 181 179 23 59 1.288997
23 182 187 185 23 60 1.281346
23 188 193 191 23 61 1.273873
23 194 254 224 23 62 1.248340
23 255 255 255 23 63 1.231180
24 0 0 0 24 0 1.000000   # ieta [25], pt 0
24 15 15 15 24 1 2.000000
24 16 16 16 24 2 2.000000
24 17 17 17 24 3 2.000000
24 18 18 18 24 4 2.000000
24 19 19 19 24 5 2.000000
24 20 20 20 24 6 2.000000
24 21 21 21 24 7 2.000000
24 22 22 22 24 8 2.000000
24 23 23 23 24 9 2.000000
24 24 24 24 24 10 2.000000
24 25 25 25 24 11 2.000000
24 26 26 26 24 12 2.000000
24 27 27 27 24 13 2.000000
24 28 28 28 24 14 2.000000
24 29 29 29 24 15 2.000000
24 30 30 30 24 16 2.000000
24 31 31 31 24 17 2.000000
24 32 33 33 24 18 1.995958
24 34 35 35 24 19 1.979559
24 36 37 37 24 20 1.915877
24 38 39 39 24 21 1.881571
24 40 41 41 24 22 1.854818
24 42 43 43 24 23 1.815210
24 44 45 45 24 24 1.778483
24 46 47 47 24 25 1.748808
24 48 49 49 24 26 1.730928
24 50 51 51 24 27 1.713401
24 52 53 53 24 28 1.683026
24 54 55 55 24 29 1.664940
24 56 57 57 24 30 1.655118
24 58 59 59 24 31 1.631501
24 60 61 61 24 32 1.621643
24 62 64 63 24 33 1.602076
24 65 67 66 24 34 1.580293
24 68 70 69 24 35 1.559777
24 71 73 72 24 36 1.545730
24 74 76 75 24 37 1.531903
24 77 79 78 24 38 1.517423
24 80 82 81 24 39 1.504674
24 83 85 84 24 40 1.487496
24 86 88 87 24 41 1.475102
24 89 91 90 24 42 1.459443
24 92 94 93 24 43 1.444235
24 95 97 96 24 44 1.435251
24 98 100 99 24 45 1.429188
24 101 103 102 24 46 1.420294
24 104 109 107 24 47 1.411622
24 110 115 113 24 48 1.400255
24 116 121 119 24 49 1.388037
24 122 127 125 24 50 1.375595
24 128 133 131 24 51 1.361556
24 134 139 137 24 52 1.353187
24 140 145 143 24 53 1.338728
24 146 151 149 24 54 1.330929
24 152 157 155 24 55 1.322005
24 158 163 161 24 56 1.315942
24 164 169 167 24 57 1.311660
24 170 175 173 24 58 1.299558
24 176 181 179 24 59 1.297550
24 182 187 185 24 60 1.289849
24 188 193 191 24 61 1.282325
24 194 254 224 24 62 1.256194
24 255 255 255 24 63 1.239839
25 0 0 0 25 0 1.000000   # ieta [26], pt 0
25 15 15 15 25 1 2.000000
25 16 16 16 25 2 2.000000
25 17 17 17 25 3 2.000000
25 18 18 18 25 4 2.000000
25 19 19 19 25 5 2.000000
25 20 20 20 25 6 2.000000
25 21 21 21 25 7 2.000000
25 22 22 22 25 8 2.000000
25 23 23 23 25 9 2.000000
25 24 24 24 25 10 2.000000
25 25 25 25 25 11 2.000000
25 26 26 26 25 12 2.000000
25 27 27 27 25 13 2.000000
25 28 28 28 25 14 2.000000
25 29 29 29 25 15 2.000000
25 30 30 30 25 16 2.000000
25 31 31 31 25 17 2.000000
25 32 33 33 25 18 2.000000
25 34 35 35 25 19 2.000000
25 36 37 37 25 20 2.000000
25 38 39 39 25 21 1.999569
25 40 41 41 25 22 1.962256
25 42 43 43 25 23 1.922488
25 44 45 45 25 24 1.876182
25 46 47 47 25 25 1.839821
25 48 49 49 25 26 1.819907
25 50 51 51 25 27 1.804194
25 52 53 53 25 28 1.771773
25 54 55 55 25 29 1.750799
25 56 57 57 25 30 1.739410
25 58 59 59 25 31 1.712816
25 60 61 61 25 32 1.696595
25 62 64 63 25 33 1.673896
25 65 67 66 25 34 1.647820
25 68 70 69 25 35 1.616724
25 71 73 72 25 36 1.599309
25 74 76 75 25 37 1.570040
25 77 79 78 25 38 1.557057
25 80 82 81 25 39 1.545009
25 83 85 84 25 40 1.527906
25 86 88 87 25 41 1.512326
25 89 91 90 25 42 1.494677
25 92 94 93 25 43 1.480209
25 95 97 96 25 44 1.475890
25 98 100 99 25 45 1.468965
25 101 103 102 25 46 1.457835
25 104 109 107 25 47 1.447404
25 110 115 113 25 48 1.431352
25 116 121 119 25 49 1.419997
25 122 127 125 25 50 1.404322
25 128 133 131 25 51 1.390452
25 134 139 137 25 52 1.381546
25 140 145 143 25 53 1.367267
25 146 151 149 25 54 1.359788
25 152 157 155 25 55 1.349037
25 158 163 161 25 56 1.336569
25 164 169 167 25 57 1.331947
25 170 175 173 25 58 1.319067
25 176 181 179 25 59 1.317278
25 182 187 185 25 60 1.309859
25 188 193 191 25 61 1.301838
25 194 254 224 25 62 1.275574
25 255 255 255 25 63 1.258227
26 0 0 0 26 0 1.000000   # ieta [27], pt 0
26 15 15 15 26 1 2.000000
26 16 16 16 26 2 2.000000
26 17 17 17 26 3 2.000000
26 18 18 18 26 4 2.000000
26 19 19 19 26 5 2.000000
26 20 20 20 26 6 2.000000
26 21 21 21 26 7 2.000000
26 22 22 22 26 8 2.000000
26 23 23 23 26 9 2.000000
26 24 24 24 26 10 2.000000
26 25 25 25 26 11 2.000000
26 26 26 26 26 12 2.000000
26 27 27 27 26 13 2.000000
26 28 28 28 26 14 2.000000
26 29 29 29 26 15 2.000000
26 30 30 30 26 16 2.000000
26 31 31 31 26 17 2.000000
26 32 33 33 26 18 2.000000
26 34 35 35 26 19 2.000000
26 36 37 37 26 20 2.000000
26 38 39 39 26 21 2.000000
26 40 41 41 26 22 2.000000
26 42 43 43 26 23 2.000000
26 44 45 45 26 24 2.000000
26 46 47 47 26 25 2.000000
26 48 49 49 26 26 2.000000
26 50 51 51 26 27 2.000000
26 52 53 53 26 28 2.000000
26 54 55 55 26 29 2.000000
26 56 57 57 26 30 2.000000
26 58 59 59 26 31 1.979384
26 60 61 61 26 32 1.950576
26 62 64 63 26 33 1.914539
26 65 67 66 26 34 1.872131
26 68 70 69 26 35 1.843181
26 71 73 72 26 36 1.809580
26 74 76 75 26 37 1.784023
26 77 79 78 26 38 1.755825
26 80 82 81 26 39 1.744784
26 83 85 84 26 40 1.727097
26 86 88 87 26 41 1.711380
26 89 91 90 26 42 1.693649
26 92 94 93 26 43 1.668122
26 95 97 96 26 44 1.657602
26 98 100 99 26 45 1.642304
26 101 103 102 26 46 1.618552
26 104 109 107 26 47 1.610817
26 110 115 113 26 48 1.590179
26 116 121 119 26 49 1.578199
26 122 127 125 26 50 1.562029
26 128 133 131 26 51 1.541485
26 134 139 137 26 52 1.527095
26 140 145 143 26 53 1.506074
26 146 151 149 26 54 1.493193
26 152 157 155 26 55 1.484481
26 158 163 161 26 56 1.473057
26 164 169 167 26 57 1.468777
26 170 175 173 26 58 1.454622
26 176 181 179 26 59 1.450024
26 182 187 185 26 60 1.444999
26 188 193 191 26 61 1.443469
26 194 254 224 26 62 1.395470
26 255 255 255 26 63 1.367442
27 0 0 0 27 0 1.000000   # ieta [28], pt 0
27 15 15 15 27 1 2.000000
27 16 16 16 27 2 2.000000
27 17 17 17 27 3 2.000000
27 18 18 18 27 4 2.000000
27 19 19 19 27 5 2.000000
27 20 20 20 27 6 2.000000
27 21 21 21 27 7 2.000000
27 22 22 22 27 8 2.000000
27 23 23 23 27 9 2.000000
27 24 24 24 27 10 2.000000
27 25 25 25 27 11 2.000000
27 26 26 26 27 12 2.000000
27 27 27 27 27 13 2.000000
27 28 28 28 27 14 2.000000
27 29 29 29 27 15 2.000000
27 30 30 30 27 16 2.000000
27 31 31 31 27 17 2.000000
27 32 33 33 27 18 2.000000
27 34 35 35 27 19 2.000000
27 36 37 37 27 20 2.000000
27 38 39 39 27 21 2.000000
27 40 41 41 27 22 2.000000
27 42 43 43 27 23 2.000000
27 44 45 45 27 24 2.000000
27 46 47 47 27 25 2.000000
27 48 49 49 27 26 2.000000
27 50 51 51 27 27 2.000000
27 52 53 53 27 28 2.000000
27 54 55 55 27 29 2.000000
27 56 57 57 27 30 2.000000
27 58 59 59 27 31 2.000000
27 60 61 61 27 32 2.000000
27 62 64 63 27 33 2.000000
27 65 67 66 27 34 2.000000
27 68 70 69 27 35 2.000000
27 71 73 72 27 36 1.995008
27 74 76 75 27 37 1.971884
27 77 79 78 27 38 1.948133
27 80 82 81 27 39 1.925110
27 83 85 84 27 40 1.902324
27 86 88 87 27 41 1.881501
27 89 91 90 27 42 1.851882
27 92 94 93 27 43 1.825985
27 95 97 96 27 44 1.810876
27 98 100 99 27 45 1.805126
27 101 103 102 27 46 1.783422
27 104 109 107 27 47 1.765819
27 110 115 113 27 48 1.741960
27 116 121 119 27 49 1.714113
27 122 127 125 27 50 1.689561
27 128 133 131 27 51 1.669927
27 134 139 137 27 52 1.653937
27 140 145 143 27 53 1.628923
27 146 151 149 27 54 1.611216
27 152 157 155 27 55 1.601958
27 158 163 161 27 56 1.591367
27 164 169 167 27 57 1.590440
27 170 175 173 27 58 1.567057
27 176 181 179 27 59 1.562013
27 182 187 185 27 60 1.556204
27 188 193 191 27 61 1.555247
27 194 254 224 27 62 1.501878
27 255 255 255 27 63 1.471783
28 0 0 0 28 0 1.000000   # ieta [29], pt 0
28 15 15 15 28 1 2.000000
28 16 16 16 28 2 2.000000
28 17 17 17 28 3 2.000000
28 18 18 18 28 4 2.000000
28 19 19 19 28 5 2.000000
28 20 20 20 28 6 2.000000
28 21 21 21 28 7 2.000000
28 22 22 22 28 8 2.000000
28 23 23 23 28 9 2.000000
28 24 24 24 28 10 2.000000
28 25 25 25 28 11 2.000000
28 26 26 26 28 12 2.000000
28 27 27 27 28 13 2.000000
28 28 28 28 28 14 2.000000
28 29 29 29 28 15 2.000000
28 30 30 30 28 16 2.000000
28 31 31 31 28 17 2.000000
28 32 33 33 28 18 2.000000
28 34 35 35 28 19 2.000000
28 36 37 37 28 20 2.000000
28 38 39 39 28 21 1.992282
28 40 41 41 28 22 1.981827
28 42 43 43 28 23 1.955373
28 44 45 45 28 24 1.908843
28 46 47 47 28 25 1.888563
28 48 49 49 28 26 1.871708
28 50 51 51 28 27 1.839728
28 52 53 53 28 28 1.834471
28 54 55 55 28 29 1.833970
28 56 57 57 28 30 1.824867
28 58 59 59 28 31 1.797964
28 60 61 61 28 32 1.770277
28 62 64 63 28 33 1.738175
28 65 67 66 28 34 1.696713
28 68 70 69 28 35 1.673555
28 71 73 72 28 36 1.652820
28 74 76 75 28 37 1.629674
28 77 79 78 28 38 1.607017
28 80 82 81 28 39 1.594325
28 83 85 84 28 40 1.595722
28 86 88 87 28 41 1.580238
28 89 91 90 28 42 1.569084
28 92 94 93 28 43 1.569533
28 95 97 96 28 44 1.567484
28 98 100 99 28 45 1.567246
28 101 103 102 28 46 1.555615
28 104 109 107 28 47 1.532768
28 110 115 113 28 48 1.485604
28 116 121 119 28 49 1.431030
28 122 127 125 28 50 1.420830
28 128 133 131 28 51 1.408633
28 134 139 137 28 52 1.387996
28 140 145 143 28 53 1.382102
28 146 151 149 28 54 1.375379
28 152 157 155 28 55 1.374318
28 158 163 161 28 56 1.372140
28 164 169 167 28 57 1.371697
28 170 175 173 28 58 1.367865
28 176 181 179 28 59 1.364994
28 182 187 185 28 60 1.362980
28 188 193 191 28 61 1.361147
28 194 254 224 28 62 1.323073
28 255 255 255 28 63 1.303120
29 0 0 0 29 0 1.000000   # ieta [30], pt 0
29 15 15 15 29 1 2.000000
29 16 16 16 29 2 2.000000
29 17 17 17 29 3 2.000000
29 18 18 18 29 4 2.000000
29 19 19 19 29 5 2.000000
29 20 20 20 29 6 2.000000
29 21 21 21 29 7 1.966005
29 22 22 22 29 8 1.963637
29 23 23 23 29 9 1.946008
29 24 24 24 29 10 1.933273
29 25 25 25 29 11 1.915544
29 26 26 26 29 12 1.893002
29 27 27 27 29 13 1.861744
29 28 28 28 29 14 1.828030
29 29 29 29 29 15 1.808323
29 30 30 30 29 16 1.775780
29 31 31 31 29 17 1.740820
29 32 33 33 29 18 1.726682
29 34 35 35 29 19 1.718944
29 36 37 37 29 20 1.727957
29 38 39 39 29 21 1.727586
29 40 41 41 29 22 1.726115
29 42 43 43 29 23 1.672457
29 44 45 45 29 24 1.620325
29 46 47 47 29 25 1.611066
29 48 49 49 29 26 1.587801
29 50 51 51 29 27 1.562250
29 52 53 53 29 28 1.553638
29 54 55 55 29 29 1.553137
29 56 57 57 29 30 1.551734
29 58 59 59 29 31 1.535994
29 60 61 61 29 32 1.523569
29 62 64 63 29 33 1.518169
29 65 67 66 29 34 1.495992
29 68 70 69 29 35 1.477077
29 71 73 72 29 36 1.457181
29 74 76 75 29 37 1.441277
29 77 79 78 29 38 1.430402
29 80 82 81 29 39 1.417173
29 83 85 84 29 40 1.401594
29 86 88 87 29 41 1.386111
29 89 91 90 29 42 1.380345
29 92 94 93 29 43 1.380795
29 95 97 96 29 44 1.373032
29 98 100 99 29 45 1.371876
29 101 103 102 29 46 1.358409
29 104 109 107 29 47 1.352250
29 110 115 113 29 48 1.339062
29 116 121 119 29 49 1.328177
29 122 127 125 29 50 1.315774
29 128 133 131 29 51 1.304763
29 134 139 137 29 52 1.293455
29 140 145 143 29 53 1.286829
29 146 151 149 29 54 1.284490
29 152 157 155 29 55 1.283429
29 158 163 161 29 56 1.281251
29 164 169 167 29 57 1.280808
29 170 175 173 29 58 1.276976
29 176 181 179 29 59 1.274105
29 182 187 185 29 60 1.272091
29 188 193 191 29 61 1.270258
29 194 254 224 29 62 1.235738
29 255 255 255 29 63 1.217588
30 0 0 0 30 0 1.000000   # ieta [31], pt 0
30 15 15 15 30 1 2.000000
30 16 16 16 30 2 2.000000
30 17 17 17 30 3 2.000000
30 18 18 18 30 4 2.000000
30 19 19 19 30 5 2.000000
30 20 20 20 30 6 1.985384
30 21 21 21 30 7 1.926710
30 22 22 22 30 8 1.918296
30 23 23 23 30 9 1.903500
30 24 24 24 30 10 1.883053
30 25 25 25 30 11 1.867235
30 26 26 26 30 12 1.852249
30 27 27 27 30 13 1.818825
30 28 28 28 30 14 1.789959
30 29 29 29 30 15 1.764114
30 30 30 30 30 16 1.731571
30 31 31 31 30 17 1.705099
30 32 33 33 30 18 1.683298
30 34 35 35 30 19 1.669511
30 36 37 37 30 20 1.633797
30 38 39 39 30 21 1.623780
30 40 41 41 30 22 1.622309
30 42 43 43 30 23 1.581706
30 44 45 45 30 24 1.549439
30 46 47 47 30 25 1.539262
30 48 49 49 30 26 1.527191
30 50 51 51 30 27 1.502927
30 52 53 53 30 28 1.493638
30 54 55 55 30 29 1.491338
30 56 57 57 30 30 1.490559
30 58 59 59 30 31 1.479519
30 60 61 61 30 32 1.472467
30 62 64 63 30 33 1.468036
30 65 67 66 30 34 1.445858
30 68 70 69 30 35 1.428619
30 71 73 72 30 36 1.408709
30 74 76 75 30 37 1.392551
30 77 79 78 30 38 1.378169
30 80 82 81 30 39 1.362819
30 83 85 84 30 40 1.351163
30 86 88 87 30 41 1.352075
30 89 91 90 30 42 1.353287
30 92 94 93 30 43 1.350979
30 95 97 96 30 44 1.341966
30 98 100 99 30 45 1.340810
30 101 103 102 30 46 1.327343
30 104 109 107 30 47 1.321184
30 110 115 113 30 48 1.307996
30 116 121 119 30 49 1.297111
30 122 127 125 30 50 1.283917
30 128 133 131 30 51 1.272510
30 134 139 137 30 52 1.267894
30 140 145 143 30 53 1.262924
30 146 151 149 30 54 1.258896
30 152 157 155 30 55 1.257835
30 158 163 161 30 56 1.255657
30 164 169 167 30 57 1.255214
30 170 175 173 30 58 1.252348
30 176 181 179 30 59 1.249959
30 182 187 185 30 60 1.247946
30 188 193 191 30 61 1.246112
30 194 254 224 30 62 1.219443
30 255 255 255 30 63 1.205570
31 0 0 0 31 0 1.000000   # ieta [32], pt 0
31 15 15 15 31 1 2.000000
31 16 16 16 31 2 2.000000
31 17 17 17 31 3 1.999587
31 18 18 18 31 4 1.961921
31 19 19 19 31 5 1.931380
31 20 20 20 31 6 1.885292
31 21 21 21 31 7 1.828883
31 22 22 22 31 8 1.822405
31 23 23 23 31 9 1.819091
31 24 24 24 31 10 1.799930
31 25 25 25 31 11 1.784799
31 26 26 26 31 12 1.763816
31 27 27 27 31 13 1.732352
31 28 28 28 31 14 1.701785
31 29 29 29 31 15 1.674292
31 30 30 30 31 16 1.649960
31 31 31 31 31 17 1.631274
31 32 33 33 31 18 1.614440
31 34 35 35 31 19 1.596894
31 36 37 37 31 20 1.571009
31 38 39 39 31 21 1.560992
31 40 41 41 31 22 1.559521
31 42 43 43 31 23 1.526927
31 44 45 45 31 24 1.503561
31 46 47 47 31 25 1.493383
31 48 49 49 31 26 1.479653
31 50 51 51 31 27 1.463506
31 52 53 53 31 28 1.455279
31 54 55 55 31 29 1.452979
31 56 57 57 31 30 1.452200
31 58 59 59 31 31 1.442845
31 60 61 61 31 32 1.435692
31 62 64 63 31 33 1.427991
31 65 67 66 31 34 1.406817
31 68 70 69 31 35 1.392171
31 71 73 72 31 36 1.373137
31 74 76 75 31 37 1.356143
31 77 79 78 31 38 1.343107
31 80 82 81 31 39 1.329986
31 83 85 84 31 40 1.321442
31 86 88 87 31 41 1.318208
31 89 91 90 31 42 1.316971
31 92 94 93 31 43 1.316750
31 95 97 96 31 44 1.307966
31 98 100 99 31 45 1.306103
31 101 103 102 31 46 1.298879
31 104 109 107 31 47 1.294108
31 110 115 113 31 48 1.281840
31 116 121 119 31 49 1.271508
31 122 127 125 31 50 1.259851
31 128 133 131 31 51 1.250600
31 134 139 137 31 52 1.245984
31 140 145 143 31 53 1.242025
31 146 151 149 31 54 1.239008
31 152 157 155 31 55 1.237946
31 158 163 161 31 56 1.235769
31 164 169 167 31 57 1.235326
31 170 175 173 31 58 1.233401
31 176 181 179 31 59 1.231482
31 182 187 185 31 60 1.229469
31 188 193 191 31 61 1.227636
31 194 254 224 31 62 1.202657
31 255 255 255 31 63 1.189438
32 0 0 0 32 0 1.000000   # ieta [33], pt 0
32 15 15 15 32 1 2.000000
32 16 16 16 32 2 1.996648
32 17 17 17 32 3 1.986449
32 18 18 18 32 4 1.948783
32 19 19 19 32 5 1.924344
32 20 20 20 32 6 1.881768
32 21 21 21 32 7 1.825359
32 22 22 22 32 8 1.818881
32 23 23 23 32 9 1.815567
32 24 24 24 32 10 1.798135
32 25 25 25 32 11 1.783004
32 26 26 26 32 12 1.760574
32 27 27 27 32 13 1.720849
32 28 28 28 32 14 1.690283
32 29 29 29 32 15 1.662789
32 30 30 30 32 16 1.640984
32 31 31 31 32 17 1.622298
32 32 33 33 32 18 1.605463
32 34 35 35 32 19 1.587917
32 36 37 37 32 20 1.556097
32 38 39 39 32 21 1.546080
32 40 41 41 32 22 1.544609
32 42 43 43 32 23 1.512434
32 44 45 45 32 24 1.489068
32 46 47 47 32 25 1.478890
32 48 49 49 32 26 1.465160
32 50 51 51 32 27 1.453838
32 52 53 53 32 28 1.445611
32 54 55 55 32 29 1.443311
32 56 57 57 32 30 1.442532
32 58 59 59 32 31 1.438289
32 60 61 61 32 32 1.431553
32 62 64 63 32 33 1.423259
32 65 67 66 32 34 1.401948
32 68 70 69 32 35 1.389402
32 71 73 72 32 36 1.370368
32 74 76 75 32 37 1.353374
32 77 79 78 32 38 1.340337
32 80 82 81 32 39 1.328327
32 83 85 84 32 40 1.319784
32 86 88 87 32 41 1.316550
32 89 91 90 32 42 1.315313
32 92 94 93 32 43 1.315092
32 95 97 96 32 44 1.306308
32 98 100 99 32 45 1.304445
32 101 103 102 32 46 1.296644
32 104 109 107 32 47 1.290719
32 110 115 113 32 48 1.278451
32 116 121 119 32 49 1.268119
32 122 127 125 32 50 1.256462
32 128 133 131 32 51 1.247212
32 134 139 137 32 52 1.242596
32 140 145 143 32 53 1.239318
32 146 151 149 32 54 1.236981
32 152 157 155 32 55 1.235920
32 158 163 161 32 56 1.233742
32 164 169 167 32 57 1.233299
32 170 175 173 32 58 1.231374
32 176 181 179 32 59 1.229456
32 182 187 185 32 60 1.227442
32 188 193 191 32 61 1.225609
32 194 254 224 32 62 1.200631
32 255 255 255 32 63 1.187411
33 0 0 0 33 0 1.000000   # ieta [34], pt 0
33 15 15 15 33 1 2.000000
33 16 16 16 33 2 1.924992
33 17 17 17 33 3 1.914793
33 18 18 18 33 4 1.882463
33 19 19 19 33 5 1.847807
33 20 20 20 33 6 1.788478
33 21 21 21 33 7 1.733365
33 22 22 22 33 8 1.723148
33 23 23 23 33 9 1.719835
33 24 24 24 33 10 1.695204
33 25 25 25 33 11 1.688600
33 26 26 26 33 12 1.676106
33 27 27 27 33 13 1.643610
33 28 28 28 33 14 1.628315
33 29 29 29 33 15 1.591550
33 30 30 30 33 16 1.567249
33 31 31 31 33 17 1.542950
33 32 33 33 33 18 1.516030
33 34 35 35 33 19 1.514287
33 36 37 37 33 20 1.481912
33 38 39 39 33 21 1.474455
33 40 41 41 33 22 1.472984
33 42 43 43 33 23 1.445157
33 44 45 45 33 24 1.431163
33 46 47 47 33 25 1.425279
33 48 49 49 33 26 1.414625
33 50 51 51 33 27 1.407653
33 52 53 53 33 28 1.402710
33 54 55 55 33 29 1.398939
33 56 57 57 33 30 1.398855
33 58 59 59 33 31 1.388872
33 60 61 61 33 32 1.378967
33 62 64 63 33 33 1.372144
33 65 67 66 33 34 1.362940
33 68 70 69 33 35 1.353064
33 71 73 72 33 36 1.331675
33 74 76 75 33 37 1.310796
33 77 79 78 33 38 1.292994
33 80 82 81 33 39 1.276915
33 83 85 84 33 40 1.268816
33 86 88 87 33 41 1.265750
33 89 91 90 33 42 1.266527
33 92 94 93 33 43 1.271101
33 95 97 96 33 44 1.265288
33 98 100 99 33 45 1.265225
33 101 103 102 33 46 1.258056
33 104 109 107 33 47 1.251505
33 110 115 113 33 48 1.235326
33 116 121 119 33 49 1.230169
33 122 127 125 33 50 1.225658
33 128 133 131 33 51 1.222352
33 134 139 137 33 52 1.228224
33 140 145 143 33 53 1.227219
33 146 151 149 33 54 1.224882
33 152 157 155 33 55 1.223821
33 158 163 161 33 56 1.221643
33 164 169 167 33 57 1.221200
33 170 175 173 33 58 1.219275
33 176 181 179 33 59 1.217357
33 182 187 185 33 60 1.215344
33 188 193 191 33 61 1.213510
33 194 254 224 33 62 1.191944
33 255 255 255 33 63 1.180042
34 0 0 0 34 0 1.000000   # ieta [35], pt 0
34 15 15 15 34 1 1.815714
34 16 16 16 34 2 1.748771
34 17 17 17 34 3 1.723442
34 18 18 18 34 4 1.704626
34 19 19 19 34 5 1.687658
34 20 20 20 34 6 1.637485
34 21 21 21 34 7 1.602619
34 22 22 22 34 8 1.592402
34 23 23 23 34 9 1.586637
34 24 24 24 34 10 1.568490
34 25 25 25 34 11 1.561886
34 26 26 26 34 12 1.549391
34 27 27 27 34 13 1.534028
34 28 28 28 34 14 1.528185
34 29 29 29 34 15 1.496038
34 30 30 30 34 16 1.474184
34 31 31 31 34 17 1.456671
34 32 33 33 34 18 1.422521
34 34 35 35 34 19 1.409647
34 36 37 37 34 20 1.376453
34 38 39 39 34 21 1.367683
34 40 41 41 34 22 1.366543
34 42 43 43 34 23 1.354930
34 44 45 45 34 24 1.350477
34 46 47 47 34 25 1.340433
34 48 49 49 34 26 1.334752
34 50 51 51 34 27 1.328933
34 52 53 53 34 28 1.325145
34 54 55 55 34 29 1.321373
34 56 57 57 34 30 1.321289
34 58 59 59 34 31 1.308432
34 60 61 61 34 32 1.298527
34 62 64 63 34 33 1.292723
34 65 67 66 34 34 1.279001
34 68 70 69 34 35 1.257738
34 71 73 72 34 36 1.245489
34 74 76 75 34 37 1.233594
34 77 79 78 34 38 1.222325
34 80 82 81 34 39 1.208609
34 83 85 84 34 40 1.199007
34 86 88 87 34 41 1.199614
34 89 91 90 34 42 1.201393
34 92 94 93 34 43 1.201372
34 95 97 96 34 44 1.196576
34 98 100 99 34 45 1.198429
34 101 103 102 34 46 1.190067
34 104 109 107 34 47 1.186259
34 110 115 113 34 48 1.172859
34 116 121 119 34 49 1.168249
34 122 127 125 34 50 1.171881
34 128 133 131 34 51 1.172647
34 134 139 137 34 52 1.178520
34 140 145 143 34 53 1.173111
34 146 151 149 34 54 1.161433
34 152 157 155 34 55 1.160372
34 158 163 161 34 56 1.164297
34 164 169 167 34 57 1.166905
34 170 175 173 34 58 1.171741
34 176 181 179 34 59 1.173203
34 182 187 185 34 60 1.172684
34 188 193 191 34 61 1.172346
34 194 254 224 34 62 1.153088
34 255 255 255 34 63 1.147163
35 0 0 0 35 0 1.000000   # ieta [36], pt 0
35 15 15 15 35 1 1.645659
35 16 16 16 35 2 1.611158
35 17 17 17 35 3 1.599535
35 18 18 18 35 4 1.579403
35 19 19 19 35 5 1.552451
35 20 20 20 35 6 1.517670
35 21 21 21 35 7 1.496105
35 22 22 22 35 8 1.487107
35 23 23 23 35 9 1.478664
35 24 24 24 35 10 1.464859
35 25 25 25 35 11 1.454409
35 26 26 26 35 12 1.446998
35 27 27 27 35 13 1.432031
35 28 28 28 35 14 1.428797
35 29 29 29 35 15 1.405966
35 30 30 30 35 16 1.389218
35 31 31 31 35 17 1.366920
35 32 33 33 35 18 1.337366
35 34 35 35 35 19 1.313780
35 36 37 37 35 20 1.296021
35 38 39 39 35 21 1.287331
35 40 41 41 35 22 1.285597
35 42 43 43 35 23 1.269133
35 44 45 45 35 24 1.266541
35 46 47 47 35 25 1.257547
35 48 49 49 35 26 1.249869
35 50 51 51 35 27 1.244970
35 52 53 53 35 28 1.245783
35 54 55 55 35 29 1.242996
35 56 57 57 35 30 1.242913
35 58 59 59 35 31 1.233345
35 60 61 61 35 32 1.233099
35 62 64 63 35 33 1.230199
35 65 67 66 35 34 1.218563
35 68 70 69 35 35 1.201470
35 71 73 72 35 36 1.196689
35 74 76 75 35 37 1.185537
35 77 79 78 35 38 1.181775
35 80 82 81 35 39 1.175043
35 83 85 84 35 40 1.170147
35 86 88 87 35 41 1.170824
35 89 91 90 35 42 1.168814
35 92 94 93 35 43 1.168836
35 95 97 96 35 44 1.164627
35 98 100 99 35 45 1.167150
35 101 103 102 35 46 1.161285
35 104 109 107 35 47 1.158408
35 110 115 113 35 48 1.148779
35 116 121 119 35 49 1.145822
35 122 127 125 35 50 1.149454
35 128 133 131 35 51 1.150220
35 134 139 137 35 52 1.156093
35 140 145 143 35 53 1.153187
35 146 151 149 35 54 1.144012
35 152 157 155 35 55 1.145580
35 158 163 161 35 56 1.152134
35 164 169 167 35 57 1.154742
35 170 175 173 35 58 1.160857
35 176 181 179 35 59 1.162958
35 182 187 185 35 60 1.167025
35 188 193 191 35 61 1.166686
35 194 254 224 35 62 1.147429
35 255 255 255 35 63 1.141504
36 0 0 0 36 0 1.000000   # ieta [37], pt 0
36 15 15 15 36 1 1.559207
36 16 16 16 36 2 1.530766
36 17 17 17 36 3 1.519143
36 18 18 18 36 4 1.500633
36 19 19 19 36 5 1.492681
36 20 20 20 36 6 1.462814
36 21 21 21 36 7 1.443841
36 22 22 22 36 8 1.439049
36 23 23 23 36 9 1.429459
36 24 24 24 36 10 1.425718
36 25 25 25 36 11 1.423313
36 26 26 26 36 12 1.418498
36 27 27 27 36 13 1.408255
36 28 28 28 36 14 1.405022
36 29 29 29 36 15 1.382191
36 30 30 30 36 16 1.369358
36 31 31 31 36 17 1.347060
36 32 33 33 36 18 1.316437
36 34 35 35 36 19 1.291781
36 36 37 37 36 20 1.275068
36 38 39 39 36 21 1.261972
36 40 41 41 36 22 1.258569
36 42 43 43 36 23 1.242373
36 44 45 45 36 24 1.241022
36 46 47 47 36 25 1.234529
36 48 49 49 36 26 1.229619
36 50 51 51 36 27 1.229070
36 52 53 53 36 28 1.230387
36 54 55 55 36 29 1.229648
36 56 57 57 36 30 1.230167
36 58 59 59 36 31 1.220600
36 60 61 61 36 32 1.220353
36 62 64 63 36 33 1.217551
36 65 67 66 36 34 1.205963
36 68 70 69 36 35 1.188871
36 71 73 72 36 36 1.184089
36 74 76 75 36 37 1.172937
36 77 79 78 36 38 1.169176
36 80 82 81 36 39 1.162444
36 83 85 84 36 40 1.160284
36 86 88 87 36 41 1.163003
36 89 91 90 36 42 1.162014
36 92 94 93 36 43 1.163020
36 95 97 96 36 44 1.159303
36 98 100 99 36 45 1.161826
36 101 103 102 36 46 1.156538
36 104 109 107 36 47 1.155049
36 110 115 113 36 48 1.145889
36 116 121 119 36 49 1.142932
36 122 127 125 36 50 1.146564
36 128 133 131 36 51 1.147330
36 134 139 137 36 52 1.153203
36 140 145 143 36 53 1.150933
36 146 151 149 36 54 1.142393
36 152 157 155 36 55 1.143961
36 158 163 161 36 56 1.150515
36 164 169 167 36 57 1.153123
36 170 175 173 36 58 1.159237
36 176 181 179 36 59 1.161339
36 182 187 185 36 60 1.165406
36 188 193 191 36 61 1.165067
36 194 254 224 36 62 1.145810
36 255 255 255 36 63 1.139885
37 0 0 0 37 0 1.000000   # ieta [38], pt 0
37 15 15 15 37 1 1.556600
37 16 16 16 37 2 1.528158
37 17 17 17 37 3 1.516535
37 18 18 18 37 4 1.498026
37 19 19 19 37 5 1.491697
37 20 20 20 37 6 1.463230
37 21 21 21 37 7 1.444257
37 22 22 22 37 8 1.439465
37 23 23 23 37 9 1.429875
37 24 24 24 37 10 1.426134
37 25 25 25 37 11 1.423729
37 26 26 26 37 12 1.418914
37 27 27 27 37 13 1.408671
37 28 28 28 37 14 1.405438
37 29 29 29 37 15 1.382606
37 30 30 30 37 16 1.369774
37 31 31 31 37 17 1.347476
37 32 33 33 37 18 1.316852
37 34 35 35 37 19 1.292197
37 36 37 37 37 20 1.275484
37 38 39 39 37 21 1.262388
37 40 41 41 37 22 1.258984
37 42 43 43 37 23 1.242788
37 44 45 45 37 24 1.241438
37 46 47 47 37 25 1.234944
37 48 49 49 37 26 1.230034
37 50 51 51 37 27 1.229485
37 52 53 53 37 28 1.230802
37 54 55 55 37 29 1.230064
37 56 57 57 37 30 1.230583
37 58 59 59 37 31 1.221016
37 60 61 61 37 32 1.220769
37 62 64 63 37 33 1.217967
37 65 67 66 37 34 1.206379
37 68 70 69 37 35 1.189286
37 71 73 72 37 36 1.184505
37 74 76 75 37 37 1.173353
37 77 79 78 37 38 1.169591
37 80 82 81 37 39 1.162859
37 83 85 84 37 40 1.160700
37 86 88 87 37 41 1.162486
37 89 91 90 37 42 1.161030
37 92 94 93 37 43 1.162036
37 95 97 96 37 44 1.158320
37 98 100 99 37 45 1.160842
37 101 103 102 37 46 1.155554
37 104 109 107 37 47 1.154393
37 110 115 113 37 48 1.145889
37 116 121 119 37 49 1.142932
37 122 127 125 37 50 1.146564
37 128 133 131 37 51 1.147330
37 134 139 137 37 52 1.153203
37 140 145 143 37 53 1.150933
37 146 151 149 37 54 1.142393
37 152 157 155 37 55 1.143961
37 158 163 161 37 56 1.150515
37 164 169 167 37 57 1.153123
37 170 175 173 37 58 1.159237
37 176 181 179 37 59 1.161339
37 182 187 185 37 60 1.165406
37 188 193 191 37 61 1.165067
37 194 254 224 37 62 1.145810
37 255 255 255 37 63 1.139885
38 0 0 0 38 0 1.000000   # ieta [39], pt 0
38 15 15 15 38 1 1.670268
38 16 16 16 38 2 1.623238
38 17 17 17 38 3 1.596486
38 18 18 18 38 4 1.576354
38 19 19 19 38 5 1.570006
38 20 20 20 38 6 1.536807
38 21 21 21 38 7 1.517834
38 22 22 22 38 8 1.526906
38 23 23 23 38 9 1.521182
38 24 24 24 38 10 1.485026
38 25 25 25 38 11 1.475499
38 26 26 26 38 12 1.452509
38 27 27 27 38 13 1.442266
38 28 28 28 38 14 1.443974
38 29 29 29 38 15 1.421143
38 30 30 30 38 16 1.408310
38 31 31 31 38 17 1.386012
38 32 33 33 38 18 1.357752
38 34 35 35 38 19 1.335459
38 36 37 37 38 20 1.318527
38 38 39 39 38 21 1.295255
38 40 41 41 38 22 1.291852
38 42 43 43 38 23 1.275656
38 44 45 45 38 24 1.271115
38 46 47 47 38 25 1.264621
38 48 49 49 38 26 1.259711
38 50 51 51 38 27 1.256710
38 52 53 53 38 28 1.251709
38 54 55 55 38 29 1.250970
38 56 57 57 38 30 1.250513
38 58 59 59 38 31 1.240946
38 60 61 61 38 32 1.239360
38 62 64 63 38 33 1.234812
38 65 67 66 38 34 1.220703
38 68 70 69 38 35 1.200316
38 71 73 72 38 36 1.195535
38 74 76 75 38 37 1.186928
38 77 79 78 38 38 1.180016
38 80 82 81 38 39 1.171709
38 83 85 84 38 40 1.169549
38 86 88 87 38 41 1.169570
38 89 91 90 38 42 1.167232
38 92 94 93 38 43 1.168238
38 95 97 96 38 44 1.164522
38 98 100 99 38 45 1.167044
38 101 103 102 38 46 1.161756
38 104 109 107 38 47 1.160595
38 110 115 113 38 48 1.152091
38 116 121 119 38 49 1.149134
38 122 127 125 38 50 1.152766
38 128 133 131 38 51 1.153532
38 134 139 137 38 52 1.159405
38 140 145 143 38 53 1.157135
38 146 151 149 38 54 1.148595
38 152 157 155 38 55 1.150163
38 158 163 161 38 56 1.156717
38 164 169 167 38 57 1.159325
38 170 175 173 38 58 1.165440
38 176 181 179 38 59 1.167541
38 182 187 185 38 60 1.171608
38 188 193 191 38 61 1.171269
38 194 254 224 38 62 1.152012
38 255 255 255 38 63 1.146087
39 0 0 0 39 0 1.000000   # ieta [40], pt 0
39 15 15 15 39 1 1.729983
39 16 16 16 39 2 1.687790
39 17 17 17 39 3 1.661039
39 18 18 18 39 4 1.640906
39 19 19 19 39 5 1.634559
39 20 20 20 39 6 1.606566
39 21 21 21 39 7 1.591600
39 22 22 22 39 8 1.588566
39 23 23 23 39 9 1.582842
39 24 24 24 39 10 1.544199
39 25 25 25 39 11 1.524972
39 26 26 26 39 12 1.484740
39 27 27 27 39 13 1.475644
39 28 28 28 39 14 1.470728
39 29 29 29 39 15 1.447896
39 30 30 30 39 16 1.435063
39 31 31 31 39 17 1.412766
39 32 33 33 39 18 1.377035
39 34 35 35 39 19 1.354742
39 36 37 37 39 20 1.337809
39 38 39 39 39 21 1.314538
39 40 41 41 39 22 1.311135
39 42 43 43 39 23 1.293470
39 44 45 45 39 24 1.281261
39 46 47 47 39 25 1.274767
39 48 49 49 39 26 1.265360
39 50 51 51 39 27 1.259945
39 52 53 53 39 28 1.252529
39 54 55 55 39 29 1.251791
39 56 57 57 39 30 1.251334
39 58 59 59 39 31 1.241767
39 60 61 61 39 32 1.240181
39 62 64 63 39 33 1.234338
39 65 67 66 39 34 1.219583
39 68 70 69 39 35 1.199196
39 71 73 72 39 36 1.194415
39 74 76 75 39 37 1.185808
39 77 79 78 39 38 1.178895
39 80 82 81 39 39 1.170588
39 83 85 84 39 40 1.168429
39 86 88 87 39 41 1.168358
39 89 91 90 39 42 1.165974
39 92 94 93 39 43 1.166980
39 95 97 96 39 44 1.163264
39 98 100 99 39 45 1.165786
39 101 103 102 39 46 1.160498
39 104 109 107 39 47 1.161790
39 110 115 113 39 48 1.158191
39 116 121 119 39 49 1.155234
39 122 127 125 39 50 1.158866
39 128 133 131 39 51 1.159632
39 134 139 137 39 52 1.165505
39 140 145 143 39 53 1.163235
39 146 151 149 39 54 1.154695
39 152 157 155 39 55 1.156263
39 158 163 161 39 56 1.162818
39 164 169 167 39 57 1.165426
39 170 175 173 39 58 1.171540
39 176 181 179 39 59 1.173641
39 182 187 185 39 60 1.177708
39 188 193 191 39 61 1.177370
39 194 254 224 39 62 1.158112
39 255 255 255 39 63 1.152187
