# address to addend+multiplicative factor LUT
# maps 12 bits to 18 bits
# 18 bits = (addend<<10) + multiplier)
# addend is signed 8 bits, multiplier is 10 bits
# anything after # is ignored with the exception of the header
# the header is first valid line starting with #<header> versionStr nrBitsAddress nrBitsData </header>
#<header> v1 12 18 </header>
0 512  # compresses ieta bin 0, pt 0
1 14335
2 12287
3 12287
4 10239
5 8191
6 8191
7 7167
8 5119
9 5119
10 2047
11 2046
12 1019
13 1002
14 992
15 993
16 970
17 962
18 951
19 933
20 911
21 903
22 884
23 867
24 857
25 847
26 829
27 826
28 819
29 812
30 802
31 792
32 783
33 775
34 763
35 759
36 752
37 743
38 734
39 729
40 721
41 717
42 710
43 703
44 700
45 697
46 689
47 686
48 681
49 675
50 667
51 662
52 657
53 651
54 646
55 642
56 642
57 639
58 636
59 633
60 631
61 629
62 618
63 611
64 512  # compresses ieta bin 1, pt 0
65 9215
66 8191
67 7167
68 5119
69 4095
70 3071
71 1020
72 1007
73 996
74 976
75 969
76 960
77 955
78 948
79 958
80 936
81 929
82 912
83 903
84 889
85 870
86 859
87 849
88 839
89 831
90 807
91 802
92 799
93 794
94 788
95 780
96 775
97 766
98 755
99 748
100 742
101 736
102 727
103 722
104 715
105 708
106 704
107 698
108 692
109 689
110 684
111 679
112 674
113 671
114 661
115 656
116 652
117 646
118 640
119 637
120 636
121 634
122 631
123 629
124 626
125 625
126 614
127 608
128 512  # compresses ieta bin 2, pt 0
129 14335
130 12287
131 12287
132 10239
133 9215
134 8191
135 7167
136 6143
137 5119
138 3071
139 3071
140 2046
141 1019
142 1002
143 1002
144 986
145 979
146 966
147 947
148 931
149 916
150 903
151 891
152 874
153 869
154 849
155 841
156 833
157 826
158 820
159 810
160 800
161 795
162 782
163 774
164 766
165 756
166 747
167 741
168 733
169 731
170 727
171 720
172 716
173 713
174 709
175 705
176 697
177 692
178 681
179 676
180 670
181 665
182 659
183 655
184 653
185 651
186 646
187 643
188 642
189 639
190 629
191 623
192 512  # compresses ieta bin 3, pt 0
193 14335
194 12287
195 12287
196 11263
197 9215
198 9215
199 8191
200 7167
201 6143
202 4095
203 4095
204 3071
205 2047
206 1019
207 1011
208 995
209 987
210 975
211 956
212 944
213 923
214 909
215 896
216 885
217 875
218 854
219 847
220 838
221 832
222 824
223 814
224 804
225 803
226 790
227 785
228 777
229 766
230 760
231 754
232 745
233 743
234 736
235 731
236 727
237 723
238 717
239 714
240 706
241 701
242 692
243 687
244 682
245 676
246 671
247 668
248 666
249 660
250 658
251 655
252 653
253 650
254 641
255 636
256 512  # compresses ieta bin 4, pt 0
257 15359
258 13311
259 13311
260 12287
261 11263
262 10239
263 9215
264 8191
265 8191
266 6143
267 6143
268 4095
269 4095
270 1021
271 1020
272 1003
273 995
274 983
275 963
276 951
277 936
278 921
279 908
280 896
281 886
282 865
283 861
284 849
285 845
286 833
287 823
288 817
289 811
290 801
291 792
292 784
293 777
294 766
295 760
296 751
297 749
298 744
299 736
300 732
301 728
302 722
303 717
304 711
305 705
306 698
307 693
308 687
309 682
310 676
311 673
312 671
313 666
314 664
315 662
316 660
317 658
318 646
319 641
320 512  # compresses ieta bin 5, pt 0
321 14335
322 13311
323 13311
324 11263
325 10239
326 9215
327 8191
328 7167
329 7167
330 5119
331 5119
332 3071
333 3071
334 1019
335 1020
336 1003
337 995
338 982
339 962
340 951
341 930
342 921
343 908
344 891
345 885
346 865
347 857
348 848
349 841
350 833
351 823
352 812
353 807
354 798
355 792
356 784
357 773
358 764
359 760
360 751
361 746
362 741
363 736
364 729
365 728
366 722
367 717
368 708
369 705
370 696
371 691
372 685
373 682
374 676
375 672
376 671
377 665
378 662
379 660
380 658
381 656
382 645
383 640
384 512  # compresses ieta bin 6, pt 0
385 13311
386 12287
387 12287
388 10239
389 9215
390 8191
391 8191
392 7167
393 6143
394 4095
395 4095
396 3071
397 2047
398 1019
399 1012
400 996
401 988
402 982
403 962
404 945
405 929
406 916
407 908
408 891
409 885
410 865
411 856
412 848
413 840
414 833
415 823
416 812
417 807
418 798
419 789
420 784
421 773
422 763
423 757
424 751
425 746
426 741
427 734
428 729
429 726
430 722
431 717
432 708
433 705
434 696
435 691
436 685
437 680
438 676
439 672
440 669
441 665
442 662
443 660
444 658
445 656
446 645
447 640
448 512  # compresses ieta bin 7, pt 0
449 13311
450 12287
451 12287
452 10239
453 9215
454 8191
455 8191
456 6143
457 6143
458 4095
459 4095
460 3071
461 2047
462 1011
463 1011
464 994
465 987
466 974
467 956
468 944
469 929
470 915
471 902
472 886
473 880
474 865
475 856
476 843
477 836
478 829
479 818
480 808
481 807
482 794
483 789
484 781
485 773
486 763
487 757
488 748
489 746
490 741
491 734
492 729
493 726
494 719
495 715
496 708
497 703
498 696
499 691
500 685
501 680
502 675
503 672
504 669
505 665
506 662
507 660
508 658
509 656
510 645
511 640
512 512  # compresses ieta bin 8, pt 0
513 13311
514 11263
515 11263
516 10239
517 9215
518 8191
519 7167
520 6143
521 6143
522 4095
523 4095
524 2047
525 2043
526 1010
527 1004
528 994
529 980
530 974
531 955
532 938
533 923
534 910
535 902
536 885
537 880
538 860
539 856
540 843
541 836
542 829
543 818
544 808
545 807
546 794
547 789
548 781
549 773
550 763
551 757
552 748
553 746
554 741
555 734
556 729
557 726
558 722
559 717
560 711
561 705
562 698
563 693
564 687
565 683
566 678
567 675
568 674
569 669
570 667
571 665
572 662
573 660
574 652
575 647
576 512  # compresses ieta bin 9, pt 0
577 14335
578 13311
579 13311
580 11263
581 11263
582 10239
583 9215
584 8191
585 7167
586 6143
587 6143
588 4095
589 4095
590 2046
591 2044
592 1011
593 1004
594 990
595 977
596 958
597 942
598 928
599 920
600 902
601 896
602 875
603 871
604 862
605 855
606 847
607 836
608 825
609 819
610 809
611 804
612 791
613 784
614 776
615 770
616 763
617 758
618 752
619 747
620 740
621 738
622 734
623 729
624 724
625 720
626 710
627 707
628 702
629 699
630 694
631 690
632 688
633 683
634 680
635 679
636 676
637 674
638 662
639 656
640 512  # compresses ieta bin 10, pt 0
641 14335
642 13311
643 13311
644 11263
645 10239
646 10239
647 9215
648 8191
649 7167
650 6143
651 6143
652 4095
653 4095
654 2046
655 2044
656 1011
657 1004
658 990
659 977
660 958
661 942
662 928
663 920
664 902
665 896
666 875
667 871
668 862
669 855
670 847
671 840
672 829
673 823
674 813
675 807
676 798
677 790
678 780
679 776
680 766
681 764
682 758
683 750
684 745
685 741
686 737
687 731
688 726
689 722
690 714
691 709
692 706
693 701
694 697
695 693
696 691
697 688
698 685
699 682
700 680
701 678
702 666
703 660
704 512  # compresses ieta bin 11, pt 0
705 14335
706 13311
707 13311
708 11263
709 10239
710 9215
711 8191
712 7167
713 7167
714 5119
715 5119
716 4095
717 3071
718 1019
719 1020
720 1003
721 995
722 983
723 969
724 951
725 936
726 922
727 914
728 902
729 891
730 871
731 866
732 857
733 854
734 843
735 836
736 825
737 819
738 809
739 800
740 795
741 787
742 776
743 773
744 763
745 761
746 755
747 747
748 743
749 738
750 734
751 729
752 724
753 718
754 710
755 707
756 702
757 699
758 694
759 690
760 690
761 685
762 682
763 680
764 678
765 675
766 663
767 658
768 512  # compresses ieta bin 12, pt 0
769 14335
770 13311
771 13311
772 12287
773 11263
774 10239
775 9215
776 8191
777 8191
778 6143
779 6143
780 5119
781 4095
782 2047
783 2047
784 1012
785 1004
786 997
787 977
788 965
789 943
790 934
791 920
792 908
793 902
794 886
795 881
796 872
797 864
798 856
799 849
800 838
801 831
802 821
803 815
804 806
805 801
806 789
807 785
808 776
809 772
810 767
811 759
812 753
813 751
814 747
815 741
816 733
817 729
818 720
819 715
820 711
821 708
822 704
823 700
824 698
825 694
826 691
827 687
828 686
829 684
830 670
831 665
832 512  # compresses ieta bin 13, pt 0
833 14335
834 13311
835 13311
836 12287
837 11263
838 10239
839 9215
840 8191
841 8191
842 6143
843 6143
844 5119
845 4095
846 2047
847 2047
848 1012
849 1004
850 997
851 977
852 965
853 943
854 934
855 920
856 908
857 902
858 886
859 881
860 872
861 864
862 856
863 849
864 842
865 832
866 821
867 815
868 809
869 801
870 789
871 785
872 776
873 772
874 767
875 761
876 756
877 751
878 747
879 743
880 736
881 729
882 720
883 717
884 713
885 710
886 704
887 701
888 699
889 694
890 692
891 689
892 687
893 684
894 673
895 667
896 512  # compresses ieta bin 14, pt 0
897 10239
898 9215
899 9215
900 7167
901 6143
902 6143
903 5119
904 4095
905 4095
906 2047
907 2047
908 1019
909 1019
910 1010
911 1011
912 994
913 987
914 975
915 962
916 945
917 930
918 922
919 914
920 902
921 896
922 880
923 872
924 862
925 859
926 851
927 844
928 838
929 831
930 821
931 815
932 809
933 804
934 793
935 789
936 782
937 778
938 772
939 764
940 759
941 757
942 752
943 748
944 740
945 735
946 726
947 723
948 719
949 716
950 709
951 705
952 702
953 699
954 696
955 693
956 693
957 690
958 681
959 676
960 512  # compresses ieta bin 15, pt 0
961 19455
962 19455
963 20479
964 19455
965 18431
966 18431
967 17407
968 16383
969 17407
970 16383
971 16383
972 14335
973 14335
974 11263
975 12287
976 11263
977 8191
978 7167
979 5119
980 3071
981 1014
982 997
983 986
984 970
985 967
986 948
987 941
988 930
989 924
990 914
991 905
992 896
993 884
994 871
995 867
996 859
997 852
998 839
999 833
1000 824
1001 820
1002 815
1003 808
1004 802
1005 801
1006 795
1007 789
1008 776
1009 772
1010 763
1011 758
1012 756
1013 753
1014 747
1015 743
1016 740
1017 737
1018 733
1019 732
1020 730
1021 727
1022 718
1023 713
1024 512  # compresses ieta bin 16, pt 0
1025 14335
1026 14335
1027 15359
1028 13311
1029 12287
1030 12287
1031 11263
1032 10239
1033 9215
1034 8191
1035 8191
1036 7167
1037 6143
1038 4095
1039 4095
1040 3071
1041 1021
1042 1013
1043 999
1044 980
1045 962
1046 947
1047 938
1048 925
1049 918
1050 901
1051 896
1052 886
1053 882
1054 874
1055 866
1056 855
1057 848
1058 836
1059 833
1060 824
1061 818
1062 806
1063 801
1064 791
1065 790
1066 784
1067 778
1068 772
1069 767
1070 762
1071 758
1072 747
1073 742
1074 735
1075 730
1076 728
1077 725
1078 719
1079 715
1080 713
1081 709
1082 707
1083 705
1084 702
1085 700
1086 692
1087 689
1088 512  # compresses ieta bin 17, pt 0
1089 6143
1090 5119
1091 5119
1092 3071
1093 2047
1094 1018
1095 1006
1096 996
1097 986
1098 976
1099 969
1100 960
1101 953
1102 937
1103 940
1104 918
1105 921
1106 912
1107 896
1108 882
1109 870
1110 860
1111 855
1112 839
1113 831
1114 813
1115 806
1116 795
1117 789
1118 779
1119 770
1120 758
1121 758
1122 751
1123 744
1124 742
1125 732
1126 727
1127 722
1128 715
1129 711
1130 707
1131 701
1132 697
1133 692
1134 689
1135 686
1136 679
1137 675
1138 669
1139 668
1140 663
1141 660
1142 656
1143 654
1144 651
1145 648
1146 646
1147 643
1148 642
1149 640
1150 631
1151 627
1152 512  # compresses ieta bin 18, pt 0
1153 3071
1154 2047
1155 2047
1156 1004
1157 991
1158 981
1159 971
1160 972
1161 963
1162 945
1163 948
1164 932
1165 934
1166 919
1167 916
1168 902
1169 906
1170 904
1171 889
1172 875
1173 864
1174 859
1175 849
1176 839
1177 831
1178 808
1179 806
1180 795
1181 789
1182 779
1183 766
1184 758
1185 758
1186 747
1187 744
1188 738
1189 732
1190 724
1191 719
1192 712
1193 708
1194 704
1195 698
1196 695
1197 692
1198 687
1199 683
1200 677
1201 673
1202 667
1203 666
1204 661
1205 658
1206 654
1207 652
1208 650
1209 646
1210 645
1211 642
1212 640
1213 637
1214 628
1215 624
1216 512  # compresses ieta bin 19, pt 0
1217 10239
1218 10239
1219 9215
1220 8191
1221 6143
1222 6143
1223 5119
1224 4095
1225 3071
1226 1020
1227 1020
1228 1010
1229 1001
1230 983
1231 977
1232 960
1233 954
1234 936
1235 918
1236 904
1237 891
1238 884
1239 873
1240 862
1241 853
1242 828
1243 826
1244 814
1245 808
1246 798
1247 788
1248 775
1249 775
1250 763
1251 759
1252 752
1253 749
1254 737
1255 732
1256 724
1257 722
1258 718
1259 712
1260 708
1261 702
1262 699
1263 693
1264 688
1265 683
1266 677
1267 674
1268 668
1269 667
1270 663
1271 660
1272 658
1273 653
1274 652
1275 649
1276 647
1277 646
1278 636
1279 631
1280 512  # compresses ieta bin 20, pt 0
1281 15359
1282 14335
1283 14335
1284 11263
1285 10239
1286 9215
1287 8191
1288 7167
1289 6143
1290 4095
1291 4095
1292 2047
1293 1020
1294 1002
1295 1002
1296 978
1297 971
1298 958
1299 934
1300 924
1301 909
1302 896
1303 885
1304 874
1305 864
1306 844
1307 836
1308 824
1309 822
1310 811
1311 797
1312 787
1313 783
1314 774
1315 770
1316 763
1317 760
1318 750
1319 744
1320 736
1321 732
1322 727
1323 723
1324 716
1325 713
1326 709
1327 703
1328 697
1329 692
1330 686
1331 683
1332 678
1333 674
1334 671
1335 667
1336 664
1337 660
1338 658
1339 656
1340 654
1341 652
1342 642
1343 637
1344 512  # compresses ieta bin 21, pt 0
1345 16383
1346 16383
1347 16383
1348 12287
1349 11263
1350 10239
1351 9215
1352 8191
1353 7167
1354 5119
1355 5119
1356 4095
1357 3071
1358 1019
1359 1012
1360 994
1361 987
1362 967
1363 947
1364 931
1365 916
1366 909
1367 891
1368 879
1369 869
1370 849
1371 842
1372 833
1373 826
1374 815
1375 805
1376 792
1377 791
1378 782
1379 778
1380 770
1381 766
1382 757
1383 751
1384 742
1385 740
1386 735
1387 728
1388 724
1389 720
1390 714
1391 710
1392 702
1393 696
1394 690
1395 687
1396 682
1397 680
1398 675
1399 672
1400 669
1401 665
1402 662
1403 660
1404 658
1405 656
1406 646
1407 640
1408 512  # compresses ieta bin 22, pt 0
1409 17407
1410 16383
1411 16383
1412 13311
1413 11263
1414 10239
1415 9215
1416 8191
1417 8191
1418 6143
1419 6143
1420 4095
1421 3071
1422 1020
1423 1020
1424 994
1425 987
1426 967
1427 947
1428 931
1429 916
1430 909
1431 896
1432 879
1433 869
1434 849
1435 842
1436 833
1437 826
1438 815
1439 805
1440 792
1441 791
1442 782
1443 778
1444 770
1445 766
1446 757
1447 751
1448 742
1449 740
1450 735
1451 728
1452 724
1453 720
1454 714
1455 710
1456 702
1457 696
1458 690
1459 687
1460 682
1461 680
1462 675
1463 672
1464 669
1465 663
1466 661
1467 659
1468 657
1469 655
1470 641
1471 634
1472 512  # compresses ieta bin 23, pt 0
1473 18431
1474 17407
1475 17407
1476 14335
1477 12287
1478 11263
1479 10239
1480 9215
1481 9215
1482 6143
1483 6143
1484 4095
1485 3071
1486 1020
1487 1020
1488 995
1489 987
1490 974
1491 947
1492 931
1493 916
1494 909
1495 896
1496 879
1497 869
1498 849
1499 846
1500 833
1501 826
1502 815
1503 805
1504 796
1505 791
1506 782
1507 778
1508 774
1509 766
1510 757
1511 751
1512 742
1513 740
1514 735
1515 728
1516 724
1517 720
1518 714
1519 710
1520 702
1521 696
1522 690
1523 687
1524 682
1525 680
1526 675
1527 672
1528 669
1529 665
1530 662
1531 660
1532 658
1533 655
1534 642
1535 634
1536 512  # compresses ieta bin 24, pt 0
1537 15359
1538 14335
1539 13311
1540 10239
1541 8191
1542 7167
1543 6143
1544 5119
1545 4095
1546 2043
1547 1019
1548 1010
1549 992
1550 976
1551 976
1552 953
1553 946
1554 935
1555 918
1556 903
1557 883
1558 866
1559 855
1560 845
1561 836
1562 813
1563 811
1564 799
1565 794
1566 784
1567 779
1568 766
1569 766
1570 755
1571 752
1572 745
1573 739
1574 730
1575 725
1576 718
1577 717
1578 713
1579 706
1580 700
1581 700
1582 694
1583 691
1584 686
1585 681
1586 673
1587 670
1588 663
1589 658
1590 652
1591 649
1592 647
1593 642
1594 640
1595 637
1596 635
1597 632
1598 617
1599 609
1600 512  # compresses ieta bin 25, pt 0
1601 15359
1602 14335
1603 13311
1604 10239
1605 8191
1606 7167
1607 6143
1608 4095
1609 4095
1610 1020
1611 1019
1612 1010
1613 991
1614 974
1615 968
1616 952
1617 939
1618 927
1619 905
1620 889
1621 870
1622 859
1623 843
1624 829
1625 820
1626 797
1627 796
1628 785
1629 780
1630 771
1631 762
1632 750
1633 750
1634 739
1635 733
1636 727
1637 719
1638 711
1639 703
1640 696
1641 693
1642 687
1643 681
1644 676
1645 674
1646 664
1647 659
1648 654
1649 649
1650 640
1651 637
1652 631
1653 626
1654 621
1655 617
1656 615
1657 613
1658 609
1659 609
1660 607
1661 607
1662 589
1663 581
1664 512  # compresses ieta bin 26, pt 0
1665 24575
1666 22527
1667 23551
1668 20479
1669 19455
1670 17407
1671 16383
1672 14335
1673 13311
1674 10239
1675 8191
1676 6143
1677 5119
1678 3071
1679 3071
1680 1020
1681 1012
1682 997
1683 970
1684 951
1685 929
1686 915
1687 891
1688 879
1689 858
1690 833
1691 831
1692 819
1693 813
1694 802
1695 797
1696 787
1697 783
1698 770
1699 763
1700 756
1701 746
1702 740
1703 732
1704 724
1705 722
1706 715
1707 709
1708 703
1709 700
1710 694
1711 688
1712 683
1713 679
1714 669
1715 664
1716 659
1717 655
1718 651
1719 647
1720 643
1721 642
1722 640
1723 639
1724 637
1725 636
1726 620
1727 605
1728 512  # compresses ieta bin 27, pt 0
1729 2047
1730 985
1731 986
1732 947
1733 937
1734 928
1735 921
1736 914
1737 907
1738 901
1739 897
1740 892
1741 887
1742 882
1743 878
1744 867
1745 863
1746 858
1747 845
1748 841
1749 837
1750 828
1751 819
1752 806
1753 799
1754 786
1755 782
1756 771
1757 766
1758 762
1759 757
1760 750
1761 746
1762 739
1763 733
1764 731
1765 722
1766 717
1767 713
1768 706
1769 705
1770 698
1771 692
1772 687
1773 684
1774 679
1775 674
1776 670
1777 664
1778 655
1779 650
1780 646
1781 640
1782 637
1783 634
1784 631
1785 630
1786 627
1787 626
1788 625
1789 624
1790 611
1791 599
1792 512  # compresses ieta bin 28, pt 0
1793 913
1794 856
1795 836
1796 832
1797 803
1798 787
1799 764
1800 763
1801 762
1802 743
1803 733
1804 734
1805 716
1806 718
1807 703
1808 697
1809 690
1810 679
1811 670
1812 668
1813 647
1814 647
1815 646
1816 635
1817 624
1818 620
1819 615
1820 616
1821 604
1822 600
1823 593
1824 594
1825 592
1826 588
1827 585
1828 578
1829 575
1830 576
1831 574
1832 574
1833 569
1834 565
1835 561
1836 561
1837 560
1838 561
1839 559
1840 557
1841 557
1842 557
1843 554
1844 554
1845 553
1846 549
1847 548
1848 548
1849 547
1850 547
1851 546
1852 545
1853 545
1854 542
1855 540
1856 512  # compresses ieta bin 29, pt 0
1857 796
1858 760
1859 733
1860 733
1861 694
1862 672
1863 653
1864 648
1865 641
1866 645
1867 630
1868 626
1869 602
1870 599
1871 596
1872 593
1873 591
1874 579
1875 574
1876 571
1877 556
1878 553
1879 551
1880 549
1881 548
1882 541
1883 540
1884 539
1885 533
1886 528
1887 519
1888 514
1889 514
1890 507
1891 503
1892 503
1893 500
1894 501
1895 501
1896 501
1897 496
1898 491
1899 489
1900 489
1901 490
1902 488
1903 487
1904 484
1905 483
1906 483
1907 484
1908 482
1909 479
1910 475
1911 475
1912 475
1913 475
1914 475
1915 474
1916 474
1917 473
1918 471
1919 469
1920 512  # compresses ieta bin 30, pt 0
1921 794
1922 744
1923 702
1924 692
1925 655
1926 634
1927 628
1928 612
1929 607
1930 603
1931 569
1932 568
1933 545
1934 553
1935 552
1936 542
1937 533
1938 525
1939 523
1940 522
1941 510
1942 509
1943 504
1944 499
1945 493
1946 489
1947 489
1948 486
1949 483
1950 479
1951 467
1952 464
1953 466
1954 460
1955 459
1956 457
1957 456
1958 455
1959 457
1960 456
1961 455
1962 454
1963 453
1964 452
1965 454
1966 453
1967 451
1968 450
1969 451
1970 450
1971 451
1972 450
1973 449
1974 446
1975 445
1976 446
1977 446
1978 446
1979 446
1980 445
1981 444
1982 443
1983 440
1984 512  # compresses ieta bin 31, pt 0
1985 661
1986 632
1987 610
1988 605
1989 573
1990 557
1991 531
1992 518
1993 508
1994 498
1995 487
1996 488
1997 470
1998 471
1999 456
2000 457
2001 443
2002 439
2003 435
2004 427
2005 424
2006 416
2007 414
2008 413
2009 406
2010 405
2011 404
2012 403
2013 398
2014 393
2015 393
2016 393
2017 393
2018 390
2019 392
2020 390
2021 391
2022 392
2023 390
2024 392
2025 390
2026 391
2027 390
2028 391
2029 389
2030 391
2031 391
2032 393
2033 393
2034 393
2035 392
2036 392
2037 392
2038 390
2039 389
2040 389
2041 390
2042 390
2043 390
2044 390
2045 388
2046 388
2047 386
2048 512  # compresses ieta bin 32, pt 0
2049 640
2050 616
2051 595
2052 591
2053 548
2054 532
2055 506
2056 495
2057 484
2058 476
2059 457
2060 459
2061 442
2062 453
2063 438
2064 440
2065 426
2066 423
2067 421
2068 412
2069 405
2070 397
2071 396
2072 396
2073 390
2074 389
2075 389
2076 389
2077 384
2078 380
2079 380
2080 380
2081 376
2082 379
2083 377
2084 379
2085 377
2086 376
2087 378
2088 376
2089 378
2090 377
2091 376
2092 377
2093 376
2094 376
2095 377
2096 380
2097 380
2098 380
2099 379
2100 379
2101 379
2102 379
2103 378
2104 378
2105 378
2106 378
2107 378
2108 379
2109 377
2110 377
2111 375
2112 512  # compresses ieta bin 33, pt 0
2113 589
2114 568
2115 550
2116 548
2117 508
2118 493
2119 470
2120 460
2121 442
2122 432
2123 406
2124 409
2125 384
2126 389
2127 375
2128 380
2129 376
2130 369
2131 363
2132 358
2133 358
2134 347
2135 344
2136 345
2137 341
2138 338
2139 339
2140 337
2141 338
2142 335
2143 332
2144 334
2145 332
2146 332
2147 332
2148 333
2149 333
2150 333
2151 331
2152 331
2153 331
2154 331
2155 332
2156 332
2157 332
2158 333
2159 334
2160 337
2161 337
2162 337
2163 340
2164 340
2165 340
2166 340
2167 340
2168 340
2169 340
2170 338
2171 338
2172 339
2173 339
2174 338
2175 336
2176 512  # compresses ieta bin 34, pt 0
2177 591
2178 570
2179 551
2180 550
2181 519
2182 506
2183 482
2184 462
2185 452
2186 443
2187 416
2188 419
2189 394
2190 398
2191 384
2192 381
2193 377
2194 377
2195 370
2196 364
2197 359
2198 353
2199 349
2200 345
2201 342
2202 342
2203 339
2204 341
2205 338
2206 335
2207 337
2208 334
2209 336
2210 336
2211 336
2212 333
2213 333
2214 333
2215 334
2216 334
2217 334
2218 334
2219 335
2220 335
2221 333
2222 333
2223 334
2224 339
2225 339
2226 339
2227 340
2228 340
2229 340
2230 341
2231 341
2232 341
2233 340
2234 340
2235 340
2236 340
2237 340
2238 339
2239 338
2240 512  # compresses ieta bin 35, pt 0
2241 691
2242 665
2243 640
2244 634
2245 627
2246 610
2247 592
2248 576
2249 564
2250 560
2251 528
2252 528
2253 545
2254 544
2255 535
2256 526
2257 517
2258 508
2259 501
2260 495
2261 489
2262 478
2263 462
2264 464
2265 460
2266 458
2267 454
2268 452
2269 445
2270 439
2271 437
2272 435
2273 433
2274 425
2275 421
2276 422
2277 418
2278 415
2279 413
2280 413
2281 411
2282 408
2283 409
2284 409
2285 407
2286 406
2287 399
2288 396
2289 395
2290 395
2291 394
2292 394
2293 395
2294 395
2295 394
2296 394
2297 393
2298 393
2299 393
2300 394
2301 392
2302 391
2303 391
2304 512  # compresses ieta bin 36, pt 0
2305 794
2306 776
2307 760
2308 749
2309 737
2310 726
2311 714
2312 694
2313 696
2314 688
2315 662
2316 665
2317 650
2318 645
2319 624
2320 619
2321 600
2322 594
2323 582
2324 578
2325 575
2326 553
2327 539
2328 527
2329 520
2330 520
2331 510
2332 510
2333 501
2334 497
2335 493
2336 485
2337 482
2338 476
2339 470
2340 471
2341 466
2342 461
2343 460
2344 462
2345 458
2346 457
2347 456
2348 455
2349 454
2350 451
2351 439
2352 436
2353 436
2354 436
2355 435
2356 435
2357 435
2358 434
2359 436
2360 435
2361 435
2362 435
2363 434
2364 434
2365 434
2366 433
2367 432
2368 512  # compresses ieta bin 37, pt 0
2369 828
2370 795
2371 791
2372 775
2373 761
2374 749
2375 726
2376 704
2377 697
2378 689
2379 671
2380 675
2381 651
2382 646
2383 631
2384 620
2385 607
2386 594
2387 589
2388 579
2389 581
2390 559
2391 545
2392 532
2393 526
2394 525
2395 516
2396 514
2397 506
2398 501
2399 497
2400 489
2401 486
2402 479
2403 477
2404 475
2405 473
2406 468
2407 466
2408 468
2409 463
2410 462
2411 461
2412 460
2413 459
2414 456
2415 444
2416 443
2417 443
2418 442
2419 441
2420 440
2421 440
2422 441
2423 440
2424 440
2425 439
2426 439
2427 440
2428 440
2429 439
2430 438
2431 437
2432 512  # compresses ieta bin 38, pt 0
2433 828
2434 794
2435 791
2436 775
2437 761
2438 738
2439 716
2440 704
2441 696
2442 688
2443 671
2444 666
2445 650
2446 645
2447 631
2448 619
2449 600
2450 594
2451 583
2452 578
2453 575
2454 559
2455 539
2456 527
2457 526
2458 521
2459 515
2460 514
2461 505
2462 497
2463 497
2464 489
2465 486
2466 479
2467 473
2468 475
2469 473
2470 468
2471 463
2472 465
2473 463
2474 459
2475 458
2476 457
2477 457
2478 453
2479 444
2480 441
2481 440
2482 440
2483 439
2484 439
2485 440
2486 439
2487 439
2488 438
2489 438
2490 438
2491 439
2492 438
2493 438
2494 437
2495 436
2496 512  # compresses ieta bin 39, pt 0
2497 831
2498 810
2499 808
2500 804
2501 777
2502 749
2503 738
2504 717
2505 718
2506 700
2507 682
2508 685
2509 669
2510 663
2511 641
2512 636
2513 616
2514 603
2515 596
2516 592
2517 588
2518 572
2519 552
2520 544
2521 537
2522 536
2523 525
2524 524
2525 515
2526 510
2527 506
2528 498
2529 494
2530 487
2531 485
2532 482
2533 480
2534 474
2535 470
2536 471
2537 469
2538 465
2539 464
2540 465
2541 464
2542 461
2543 449
2544 448
2545 447
2546 446
2547 445
2548 446
2549 445
2550 446
2551 445
2552 446
2553 446
2554 445
2555 446
2556 445
2557 444
2558 444
2559 443
2560 0 # dummy
2561 0 # dummy
2562 0 # dummy
2563 0 # dummy
2564 0 # dummy
2565 0 # dummy
2566 0 # dummy
2567 0 # dummy
2568 0 # dummy
2569 0 # dummy
2570 0 # dummy
2571 0 # dummy
2572 0 # dummy
2573 0 # dummy
2574 0 # dummy
2575 0 # dummy
2576 0 # dummy
2577 0 # dummy
2578 0 # dummy
2579 0 # dummy
2580 0 # dummy
2581 0 # dummy
2582 0 # dummy
2583 0 # dummy
2584 0 # dummy
2585 0 # dummy
2586 0 # dummy
2587 0 # dummy
2588 0 # dummy
2589 0 # dummy
2590 0 # dummy
2591 0 # dummy
2592 0 # dummy
2593 0 # dummy
2594 0 # dummy
2595 0 # dummy
2596 0 # dummy
2597 0 # dummy
2598 0 # dummy
2599 0 # dummy
2600 0 # dummy
2601 0 # dummy
2602 0 # dummy
2603 0 # dummy
2604 0 # dummy
2605 0 # dummy
2606 0 # dummy
2607 0 # dummy
2608 0 # dummy
2609 0 # dummy
2610 0 # dummy
2611 0 # dummy
2612 0 # dummy
2613 0 # dummy
2614 0 # dummy
2615 0 # dummy
2616 0 # dummy
2617 0 # dummy
2618 0 # dummy
2619 0 # dummy
2620 0 # dummy
2621 0 # dummy
2622 0 # dummy
2623 0 # dummy
2624 0 # dummy
2625 0 # dummy
2626 0 # dummy
2627 0 # dummy
2628 0 # dummy
2629 0 # dummy
2630 0 # dummy
2631 0 # dummy
2632 0 # dummy
2633 0 # dummy
2634 0 # dummy
2635 0 # dummy
2636 0 # dummy
2637 0 # dummy
2638 0 # dummy
2639 0 # dummy
2640 0 # dummy
2641 0 # dummy
2642 0 # dummy
2643 0 # dummy
2644 0 # dummy
2645 0 # dummy
2646 0 # dummy
2647 0 # dummy
2648 0 # dummy
2649 0 # dummy
2650 0 # dummy
2651 0 # dummy
2652 0 # dummy
2653 0 # dummy
2654 0 # dummy
2655 0 # dummy
2656 0 # dummy
2657 0 # dummy
2658 0 # dummy
2659 0 # dummy
2660 0 # dummy
2661 0 # dummy
2662 0 # dummy
2663 0 # dummy
2664 0 # dummy
2665 0 # dummy
2666 0 # dummy
2667 0 # dummy
2668 0 # dummy
2669 0 # dummy
2670 0 # dummy
2671 0 # dummy
2672 0 # dummy
2673 0 # dummy
2674 0 # dummy
2675 0 # dummy
2676 0 # dummy
2677 0 # dummy
2678 0 # dummy
2679 0 # dummy
2680 0 # dummy
2681 0 # dummy
2682 0 # dummy
2683 0 # dummy
2684 0 # dummy
2685 0 # dummy
2686 0 # dummy
2687 0 # dummy
2688 0 # dummy
2689 0 # dummy
2690 0 # dummy
2691 0 # dummy
2692 0 # dummy
2693 0 # dummy
2694 0 # dummy
2695 0 # dummy
2696 0 # dummy
2697 0 # dummy
2698 0 # dummy
2699 0 # dummy
2700 0 # dummy
2701 0 # dummy
2702 0 # dummy
2703 0 # dummy
2704 0 # dummy
2705 0 # dummy
2706 0 # dummy
2707 0 # dummy
2708 0 # dummy
2709 0 # dummy
2710 0 # dummy
2711 0 # dummy
2712 0 # dummy
2713 0 # dummy
2714 0 # dummy
2715 0 # dummy
2716 0 # dummy
2717 0 # dummy
2718 0 # dummy
2719 0 # dummy
2720 0 # dummy
2721 0 # dummy
2722 0 # dummy
2723 0 # dummy
2724 0 # dummy
2725 0 # dummy
2726 0 # dummy
2727 0 # dummy
2728 0 # dummy
2729 0 # dummy
2730 0 # dummy
2731 0 # dummy
2732 0 # dummy
2733 0 # dummy
2734 0 # dummy
2735 0 # dummy
2736 0 # dummy
2737 0 # dummy
2738 0 # dummy
2739 0 # dummy
2740 0 # dummy
2741 0 # dummy
2742 0 # dummy
2743 0 # dummy
2744 0 # dummy
2745 0 # dummy
2746 0 # dummy
2747 0 # dummy
2748 0 # dummy
2749 0 # dummy
2750 0 # dummy
2751 0 # dummy
2752 0 # dummy
2753 0 # dummy
2754 0 # dummy
2755 0 # dummy
2756 0 # dummy
2757 0 # dummy
2758 0 # dummy
2759 0 # dummy
2760 0 # dummy
2761 0 # dummy
2762 0 # dummy
2763 0 # dummy
2764 0 # dummy
2765 0 # dummy
2766 0 # dummy
2767 0 # dummy
2768 0 # dummy
2769 0 # dummy
2770 0 # dummy
2771 0 # dummy
2772 0 # dummy
2773 0 # dummy
2774 0 # dummy
2775 0 # dummy
2776 0 # dummy
2777 0 # dummy
2778 0 # dummy
2779 0 # dummy
2780 0 # dummy
2781 0 # dummy
2782 0 # dummy
2783 0 # dummy
2784 0 # dummy
2785 0 # dummy
2786 0 # dummy
2787 0 # dummy
2788 0 # dummy
2789 0 # dummy
2790 0 # dummy
2791 0 # dummy
2792 0 # dummy
2793 0 # dummy
2794 0 # dummy
2795 0 # dummy
2796 0 # dummy
2797 0 # dummy
2798 0 # dummy
2799 0 # dummy
2800 0 # dummy
2801 0 # dummy
2802 0 # dummy
2803 0 # dummy
2804 0 # dummy
2805 0 # dummy
2806 0 # dummy
2807 0 # dummy
2808 0 # dummy
2809 0 # dummy
2810 0 # dummy
2811 0 # dummy
2812 0 # dummy
2813 0 # dummy
2814 0 # dummy
2815 0 # dummy
2816 0 # dummy
2817 0 # dummy
2818 0 # dummy
2819 0 # dummy
2820 0 # dummy
2821 0 # dummy
2822 0 # dummy
2823 0 # dummy
2824 0 # dummy
2825 0 # dummy
2826 0 # dummy
2827 0 # dummy
2828 0 # dummy
2829 0 # dummy
2830 0 # dummy
2831 0 # dummy
2832 0 # dummy
2833 0 # dummy
2834 0 # dummy
2835 0 # dummy
2836 0 # dummy
2837 0 # dummy
2838 0 # dummy
2839 0 # dummy
2840 0 # dummy
2841 0 # dummy
2842 0 # dummy
2843 0 # dummy
2844 0 # dummy
2845 0 # dummy
2846 0 # dummy
2847 0 # dummy
2848 0 # dummy
2849 0 # dummy
2850 0 # dummy
2851 0 # dummy
2852 0 # dummy
2853 0 # dummy
2854 0 # dummy
2855 0 # dummy
2856 0 # dummy
2857 0 # dummy
2858 0 # dummy
2859 0 # dummy
2860 0 # dummy
2861 0 # dummy
2862 0 # dummy
2863 0 # dummy
2864 0 # dummy
2865 0 # dummy
2866 0 # dummy
2867 0 # dummy
2868 0 # dummy
2869 0 # dummy
2870 0 # dummy
2871 0 # dummy
2872 0 # dummy
2873 0 # dummy
2874 0 # dummy
2875 0 # dummy
2876 0 # dummy
2877 0 # dummy
2878 0 # dummy
2879 0 # dummy
2880 0 # dummy
2881 0 # dummy
2882 0 # dummy
2883 0 # dummy
2884 0 # dummy
2885 0 # dummy
2886 0 # dummy
2887 0 # dummy
2888 0 # dummy
2889 0 # dummy
2890 0 # dummy
2891 0 # dummy
2892 0 # dummy
2893 0 # dummy
2894 0 # dummy
2895 0 # dummy
2896 0 # dummy
2897 0 # dummy
2898 0 # dummy
2899 0 # dummy
2900 0 # dummy
2901 0 # dummy
2902 0 # dummy
2903 0 # dummy
2904 0 # dummy
2905 0 # dummy
2906 0 # dummy
2907 0 # dummy
2908 0 # dummy
2909 0 # dummy
2910 0 # dummy
2911 0 # dummy
2912 0 # dummy
2913 0 # dummy
2914 0 # dummy
2915 0 # dummy
2916 0 # dummy
2917 0 # dummy
2918 0 # dummy
2919 0 # dummy
2920 0 # dummy
2921 0 # dummy
2922 0 # dummy
2923 0 # dummy
2924 0 # dummy
2925 0 # dummy
2926 0 # dummy
2927 0 # dummy
2928 0 # dummy
2929 0 # dummy
2930 0 # dummy
2931 0 # dummy
2932 0 # dummy
2933 0 # dummy
2934 0 # dummy
2935 0 # dummy
2936 0 # dummy
2937 0 # dummy
2938 0 # dummy
2939 0 # dummy
2940 0 # dummy
2941 0 # dummy
2942 0 # dummy
2943 0 # dummy
2944 0 # dummy
2945 0 # dummy
2946 0 # dummy
2947 0 # dummy
2948 0 # dummy
2949 0 # dummy
2950 0 # dummy
2951 0 # dummy
2952 0 # dummy
2953 0 # dummy
2954 0 # dummy
2955 0 # dummy
2956 0 # dummy
2957 0 # dummy
2958 0 # dummy
2959 0 # dummy
2960 0 # dummy
2961 0 # dummy
2962 0 # dummy
2963 0 # dummy
2964 0 # dummy
2965 0 # dummy
2966 0 # dummy
2967 0 # dummy
2968 0 # dummy
2969 0 # dummy
2970 0 # dummy
2971 0 # dummy
2972 0 # dummy
2973 0 # dummy
2974 0 # dummy
2975 0 # dummy
2976 0 # dummy
2977 0 # dummy
2978 0 # dummy
2979 0 # dummy
2980 0 # dummy
2981 0 # dummy
2982 0 # dummy
2983 0 # dummy
2984 0 # dummy
2985 0 # dummy
2986 0 # dummy
2987 0 # dummy
2988 0 # dummy
2989 0 # dummy
2990 0 # dummy
2991 0 # dummy
2992 0 # dummy
2993 0 # dummy
2994 0 # dummy
2995 0 # dummy
2996 0 # dummy
2997 0 # dummy
2998 0 # dummy
2999 0 # dummy
3000 0 # dummy
3001 0 # dummy
3002 0 # dummy
3003 0 # dummy
3004 0 # dummy
3005 0 # dummy
3006 0 # dummy
3007 0 # dummy
3008 0 # dummy
3009 0 # dummy
3010 0 # dummy
3011 0 # dummy
3012 0 # dummy
3013 0 # dummy
3014 0 # dummy
3015 0 # dummy
3016 0 # dummy
3017 0 # dummy
3018 0 # dummy
3019 0 # dummy
3020 0 # dummy
3021 0 # dummy
3022 0 # dummy
3023 0 # dummy
3024 0 # dummy
3025 0 # dummy
3026 0 # dummy
3027 0 # dummy
3028 0 # dummy
3029 0 # dummy
3030 0 # dummy
3031 0 # dummy
3032 0 # dummy
3033 0 # dummy
3034 0 # dummy
3035 0 # dummy
3036 0 # dummy
3037 0 # dummy
3038 0 # dummy
3039 0 # dummy
3040 0 # dummy
3041 0 # dummy
3042 0 # dummy
3043 0 # dummy
3044 0 # dummy
3045 0 # dummy
3046 0 # dummy
3047 0 # dummy
3048 0 # dummy
3049 0 # dummy
3050 0 # dummy
3051 0 # dummy
3052 0 # dummy
3053 0 # dummy
3054 0 # dummy
3055 0 # dummy
3056 0 # dummy
3057 0 # dummy
3058 0 # dummy
3059 0 # dummy
3060 0 # dummy
3061 0 # dummy
3062 0 # dummy
3063 0 # dummy
3064 0 # dummy
3065 0 # dummy
3066 0 # dummy
3067 0 # dummy
3068 0 # dummy
3069 0 # dummy
3070 0 # dummy
3071 0 # dummy
3072 0 # dummy
3073 0 # dummy
3074 0 # dummy
3075 0 # dummy
3076 0 # dummy
3077 0 # dummy
3078 0 # dummy
3079 0 # dummy
3080 0 # dummy
3081 0 # dummy
3082 0 # dummy
3083 0 # dummy
3084 0 # dummy
3085 0 # dummy
3086 0 # dummy
3087 0 # dummy
3088 0 # dummy
3089 0 # dummy
3090 0 # dummy
3091 0 # dummy
3092 0 # dummy
3093 0 # dummy
3094 0 # dummy
3095 0 # dummy
3096 0 # dummy
3097 0 # dummy
3098 0 # dummy
3099 0 # dummy
3100 0 # dummy
3101 0 # dummy
3102 0 # dummy
3103 0 # dummy
3104 0 # dummy
3105 0 # dummy
3106 0 # dummy
3107 0 # dummy
3108 0 # dummy
3109 0 # dummy
3110 0 # dummy
3111 0 # dummy
3112 0 # dummy
3113 0 # dummy
3114 0 # dummy
3115 0 # dummy
3116 0 # dummy
3117 0 # dummy
3118 0 # dummy
3119 0 # dummy
3120 0 # dummy
3121 0 # dummy
3122 0 # dummy
3123 0 # dummy
3124 0 # dummy
3125 0 # dummy
3126 0 # dummy
3127 0 # dummy
3128 0 # dummy
3129 0 # dummy
3130 0 # dummy
3131 0 # dummy
3132 0 # dummy
3133 0 # dummy
3134 0 # dummy
3135 0 # dummy
3136 0 # dummy
3137 0 # dummy
3138 0 # dummy
3139 0 # dummy
3140 0 # dummy
3141 0 # dummy
3142 0 # dummy
3143 0 # dummy
3144 0 # dummy
3145 0 # dummy
3146 0 # dummy
3147 0 # dummy
3148 0 # dummy
3149 0 # dummy
3150 0 # dummy
3151 0 # dummy
3152 0 # dummy
3153 0 # dummy
3154 0 # dummy
3155 0 # dummy
3156 0 # dummy
3157 0 # dummy
3158 0 # dummy
3159 0 # dummy
3160 0 # dummy
3161 0 # dummy
3162 0 # dummy
3163 0 # dummy
3164 0 # dummy
3165 0 # dummy
3166 0 # dummy
3167 0 # dummy
3168 0 # dummy
3169 0 # dummy
3170 0 # dummy
3171 0 # dummy
3172 0 # dummy
3173 0 # dummy
3174 0 # dummy
3175 0 # dummy
3176 0 # dummy
3177 0 # dummy
3178 0 # dummy
3179 0 # dummy
3180 0 # dummy
3181 0 # dummy
3182 0 # dummy
3183 0 # dummy
3184 0 # dummy
3185 0 # dummy
3186 0 # dummy
3187 0 # dummy
3188 0 # dummy
3189 0 # dummy
3190 0 # dummy
3191 0 # dummy
3192 0 # dummy
3193 0 # dummy
3194 0 # dummy
3195 0 # dummy
3196 0 # dummy
3197 0 # dummy
3198 0 # dummy
3199 0 # dummy
3200 0 # dummy
3201 0 # dummy
3202 0 # dummy
3203 0 # dummy
3204 0 # dummy
3205 0 # dummy
3206 0 # dummy
3207 0 # dummy
3208 0 # dummy
3209 0 # dummy
3210 0 # dummy
3211 0 # dummy
3212 0 # dummy
3213 0 # dummy
3214 0 # dummy
3215 0 # dummy
3216 0 # dummy
3217 0 # dummy
3218 0 # dummy
3219 0 # dummy
3220 0 # dummy
3221 0 # dummy
3222 0 # dummy
3223 0 # dummy
3224 0 # dummy
3225 0 # dummy
3226 0 # dummy
3227 0 # dummy
3228 0 # dummy
3229 0 # dummy
3230 0 # dummy
3231 0 # dummy
3232 0 # dummy
3233 0 # dummy
3234 0 # dummy
3235 0 # dummy
3236 0 # dummy
3237 0 # dummy
3238 0 # dummy
3239 0 # dummy
3240 0 # dummy
3241 0 # dummy
3242 0 # dummy
3243 0 # dummy
3244 0 # dummy
3245 0 # dummy
3246 0 # dummy
3247 0 # dummy
3248 0 # dummy
3249 0 # dummy
3250 0 # dummy
3251 0 # dummy
3252 0 # dummy
3253 0 # dummy
3254 0 # dummy
3255 0 # dummy
3256 0 # dummy
3257 0 # dummy
3258 0 # dummy
3259 0 # dummy
3260 0 # dummy
3261 0 # dummy
3262 0 # dummy
3263 0 # dummy
3264 0 # dummy
3265 0 # dummy
3266 0 # dummy
3267 0 # dummy
3268 0 # dummy
3269 0 # dummy
3270 0 # dummy
3271 0 # dummy
3272 0 # dummy
3273 0 # dummy
3274 0 # dummy
3275 0 # dummy
3276 0 # dummy
3277 0 # dummy
3278 0 # dummy
3279 0 # dummy
3280 0 # dummy
3281 0 # dummy
3282 0 # dummy
3283 0 # dummy
3284 0 # dummy
3285 0 # dummy
3286 0 # dummy
3287 0 # dummy
3288 0 # dummy
3289 0 # dummy
3290 0 # dummy
3291 0 # dummy
3292 0 # dummy
3293 0 # dummy
3294 0 # dummy
3295 0 # dummy
3296 0 # dummy
3297 0 # dummy
3298 0 # dummy
3299 0 # dummy
3300 0 # dummy
3301 0 # dummy
3302 0 # dummy
3303 0 # dummy
3304 0 # dummy
3305 0 # dummy
3306 0 # dummy
3307 0 # dummy
3308 0 # dummy
3309 0 # dummy
3310 0 # dummy
3311 0 # dummy
3312 0 # dummy
3313 0 # dummy
3314 0 # dummy
3315 0 # dummy
3316 0 # dummy
3317 0 # dummy
3318 0 # dummy
3319 0 # dummy
3320 0 # dummy
3321 0 # dummy
3322 0 # dummy
3323 0 # dummy
3324 0 # dummy
3325 0 # dummy
3326 0 # dummy
3327 0 # dummy
3328 0 # dummy
3329 0 # dummy
3330 0 # dummy
3331 0 # dummy
3332 0 # dummy
3333 0 # dummy
3334 0 # dummy
3335 0 # dummy
3336 0 # dummy
3337 0 # dummy
3338 0 # dummy
3339 0 # dummy
3340 0 # dummy
3341 0 # dummy
3342 0 # dummy
3343 0 # dummy
3344 0 # dummy
3345 0 # dummy
3346 0 # dummy
3347 0 # dummy
3348 0 # dummy
3349 0 # dummy
3350 0 # dummy
3351 0 # dummy
3352 0 # dummy
3353 0 # dummy
3354 0 # dummy
3355 0 # dummy
3356 0 # dummy
3357 0 # dummy
3358 0 # dummy
3359 0 # dummy
3360 0 # dummy
3361 0 # dummy
3362 0 # dummy
3363 0 # dummy
3364 0 # dummy
3365 0 # dummy
3366 0 # dummy
3367 0 # dummy
3368 0 # dummy
3369 0 # dummy
3370 0 # dummy
3371 0 # dummy
3372 0 # dummy
3373 0 # dummy
3374 0 # dummy
3375 0 # dummy
3376 0 # dummy
3377 0 # dummy
3378 0 # dummy
3379 0 # dummy
3380 0 # dummy
3381 0 # dummy
3382 0 # dummy
3383 0 # dummy
3384 0 # dummy
3385 0 # dummy
3386 0 # dummy
3387 0 # dummy
3388 0 # dummy
3389 0 # dummy
3390 0 # dummy
3391 0 # dummy
3392 0 # dummy
3393 0 # dummy
3394 0 # dummy
3395 0 # dummy
3396 0 # dummy
3397 0 # dummy
3398 0 # dummy
3399 0 # dummy
3400 0 # dummy
3401 0 # dummy
3402 0 # dummy
3403 0 # dummy
3404 0 # dummy
3405 0 # dummy
3406 0 # dummy
3407 0 # dummy
3408 0 # dummy
3409 0 # dummy
3410 0 # dummy
3411 0 # dummy
3412 0 # dummy
3413 0 # dummy
3414 0 # dummy
3415 0 # dummy
3416 0 # dummy
3417 0 # dummy
3418 0 # dummy
3419 0 # dummy
3420 0 # dummy
3421 0 # dummy
3422 0 # dummy
3423 0 # dummy
3424 0 # dummy
3425 0 # dummy
3426 0 # dummy
3427 0 # dummy
3428 0 # dummy
3429 0 # dummy
3430 0 # dummy
3431 0 # dummy
3432 0 # dummy
3433 0 # dummy
3434 0 # dummy
3435 0 # dummy
3436 0 # dummy
3437 0 # dummy
3438 0 # dummy
3439 0 # dummy
3440 0 # dummy
3441 0 # dummy
3442 0 # dummy
3443 0 # dummy
3444 0 # dummy
3445 0 # dummy
3446 0 # dummy
3447 0 # dummy
3448 0 # dummy
3449 0 # dummy
3450 0 # dummy
3451 0 # dummy
3452 0 # dummy
3453 0 # dummy
3454 0 # dummy
3455 0 # dummy
3456 0 # dummy
3457 0 # dummy
3458 0 # dummy
3459 0 # dummy
3460 0 # dummy
3461 0 # dummy
3462 0 # dummy
3463 0 # dummy
3464 0 # dummy
3465 0 # dummy
3466 0 # dummy
3467 0 # dummy
3468 0 # dummy
3469 0 # dummy
3470 0 # dummy
3471 0 # dummy
3472 0 # dummy
3473 0 # dummy
3474 0 # dummy
3475 0 # dummy
3476 0 # dummy
3477 0 # dummy
3478 0 # dummy
3479 0 # dummy
3480 0 # dummy
3481 0 # dummy
3482 0 # dummy
3483 0 # dummy
3484 0 # dummy
3485 0 # dummy
3486 0 # dummy
3487 0 # dummy
3488 0 # dummy
3489 0 # dummy
3490 0 # dummy
3491 0 # dummy
3492 0 # dummy
3493 0 # dummy
3494 0 # dummy
3495 0 # dummy
3496 0 # dummy
3497 0 # dummy
3498 0 # dummy
3499 0 # dummy
3500 0 # dummy
3501 0 # dummy
3502 0 # dummy
3503 0 # dummy
3504 0 # dummy
3505 0 # dummy
3506 0 # dummy
3507 0 # dummy
3508 0 # dummy
3509 0 # dummy
3510 0 # dummy
3511 0 # dummy
3512 0 # dummy
3513 0 # dummy
3514 0 # dummy
3515 0 # dummy
3516 0 # dummy
3517 0 # dummy
3518 0 # dummy
3519 0 # dummy
3520 0 # dummy
3521 0 # dummy
3522 0 # dummy
3523 0 # dummy
3524 0 # dummy
3525 0 # dummy
3526 0 # dummy
3527 0 # dummy
3528 0 # dummy
3529 0 # dummy
3530 0 # dummy
3531 0 # dummy
3532 0 # dummy
3533 0 # dummy
3534 0 # dummy
3535 0 # dummy
3536 0 # dummy
3537 0 # dummy
3538 0 # dummy
3539 0 # dummy
3540 0 # dummy
3541 0 # dummy
3542 0 # dummy
3543 0 # dummy
3544 0 # dummy
3545 0 # dummy
3546 0 # dummy
3547 0 # dummy
3548 0 # dummy
3549 0 # dummy
3550 0 # dummy
3551 0 # dummy
3552 0 # dummy
3553 0 # dummy
3554 0 # dummy
3555 0 # dummy
3556 0 # dummy
3557 0 # dummy
3558 0 # dummy
3559 0 # dummy
3560 0 # dummy
3561 0 # dummy
3562 0 # dummy
3563 0 # dummy
3564 0 # dummy
3565 0 # dummy
3566 0 # dummy
3567 0 # dummy
3568 0 # dummy
3569 0 # dummy
3570 0 # dummy
3571 0 # dummy
3572 0 # dummy
3573 0 # dummy
3574 0 # dummy
3575 0 # dummy
3576 0 # dummy
3577 0 # dummy
3578 0 # dummy
3579 0 # dummy
3580 0 # dummy
3581 0 # dummy
3582 0 # dummy
3583 0 # dummy
3584 0 # dummy
3585 0 # dummy
3586 0 # dummy
3587 0 # dummy
3588 0 # dummy
3589 0 # dummy
3590 0 # dummy
3591 0 # dummy
3592 0 # dummy
3593 0 # dummy
3594 0 # dummy
3595 0 # dummy
3596 0 # dummy
3597 0 # dummy
3598 0 # dummy
3599 0 # dummy
3600 0 # dummy
3601 0 # dummy
3602 0 # dummy
3603 0 # dummy
3604 0 # dummy
3605 0 # dummy
3606 0 # dummy
3607 0 # dummy
3608 0 # dummy
3609 0 # dummy
3610 0 # dummy
3611 0 # dummy
3612 0 # dummy
3613 0 # dummy
3614 0 # dummy
3615 0 # dummy
3616 0 # dummy
3617 0 # dummy
3618 0 # dummy
3619 0 # dummy
3620 0 # dummy
3621 0 # dummy
3622 0 # dummy
3623 0 # dummy
3624 0 # dummy
3625 0 # dummy
3626 0 # dummy
3627 0 # dummy
3628 0 # dummy
3629 0 # dummy
3630 0 # dummy
3631 0 # dummy
3632 0 # dummy
3633 0 # dummy
3634 0 # dummy
3635 0 # dummy
3636 0 # dummy
3637 0 # dummy
3638 0 # dummy
3639 0 # dummy
3640 0 # dummy
3641 0 # dummy
3642 0 # dummy
3643 0 # dummy
3644 0 # dummy
3645 0 # dummy
3646 0 # dummy
3647 0 # dummy
3648 0 # dummy
3649 0 # dummy
3650 0 # dummy
3651 0 # dummy
3652 0 # dummy
3653 0 # dummy
3654 0 # dummy
3655 0 # dummy
3656 0 # dummy
3657 0 # dummy
3658 0 # dummy
3659 0 # dummy
3660 0 # dummy
3661 0 # dummy
3662 0 # dummy
3663 0 # dummy
3664 0 # dummy
3665 0 # dummy
3666 0 # dummy
3667 0 # dummy
3668 0 # dummy
3669 0 # dummy
3670 0 # dummy
3671 0 # dummy
3672 0 # dummy
3673 0 # dummy
3674 0 # dummy
3675 0 # dummy
3676 0 # dummy
3677 0 # dummy
3678 0 # dummy
3679 0 # dummy
3680 0 # dummy
3681 0 # dummy
3682 0 # dummy
3683 0 # dummy
3684 0 # dummy
3685 0 # dummy
3686 0 # dummy
3687 0 # dummy
3688 0 # dummy
3689 0 # dummy
3690 0 # dummy
3691 0 # dummy
3692 0 # dummy
3693 0 # dummy
3694 0 # dummy
3695 0 # dummy
3696 0 # dummy
3697 0 # dummy
3698 0 # dummy
3699 0 # dummy
3700 0 # dummy
3701 0 # dummy
3702 0 # dummy
3703 0 # dummy
3704 0 # dummy
3705 0 # dummy
3706 0 # dummy
3707 0 # dummy
3708 0 # dummy
3709 0 # dummy
3710 0 # dummy
3711 0 # dummy
3712 0 # dummy
3713 0 # dummy
3714 0 # dummy
3715 0 # dummy
3716 0 # dummy
3717 0 # dummy
3718 0 # dummy
3719 0 # dummy
3720 0 # dummy
3721 0 # dummy
3722 0 # dummy
3723 0 # dummy
3724 0 # dummy
3725 0 # dummy
3726 0 # dummy
3727 0 # dummy
3728 0 # dummy
3729 0 # dummy
3730 0 # dummy
3731 0 # dummy
3732 0 # dummy
3733 0 # dummy
3734 0 # dummy
3735 0 # dummy
3736 0 # dummy
3737 0 # dummy
3738 0 # dummy
3739 0 # dummy
3740 0 # dummy
3741 0 # dummy
3742 0 # dummy
3743 0 # dummy
3744 0 # dummy
3745 0 # dummy
3746 0 # dummy
3747 0 # dummy
3748 0 # dummy
3749 0 # dummy
3750 0 # dummy
3751 0 # dummy
3752 0 # dummy
3753 0 # dummy
3754 0 # dummy
3755 0 # dummy
3756 0 # dummy
3757 0 # dummy
3758 0 # dummy
3759 0 # dummy
3760 0 # dummy
3761 0 # dummy
3762 0 # dummy
3763 0 # dummy
3764 0 # dummy
3765 0 # dummy
3766 0 # dummy
3767 0 # dummy
3768 0 # dummy
3769 0 # dummy
3770 0 # dummy
3771 0 # dummy
3772 0 # dummy
3773 0 # dummy
3774 0 # dummy
3775 0 # dummy
3776 0 # dummy
3777 0 # dummy
3778 0 # dummy
3779 0 # dummy
3780 0 # dummy
3781 0 # dummy
3782 0 # dummy
3783 0 # dummy
3784 0 # dummy
3785 0 # dummy
3786 0 # dummy
3787 0 # dummy
3788 0 # dummy
3789 0 # dummy
3790 0 # dummy
3791 0 # dummy
3792 0 # dummy
3793 0 # dummy
3794 0 # dummy
3795 0 # dummy
3796 0 # dummy
3797 0 # dummy
3798 0 # dummy
3799 0 # dummy
3800 0 # dummy
3801 0 # dummy
3802 0 # dummy
3803 0 # dummy
3804 0 # dummy
3805 0 # dummy
3806 0 # dummy
3807 0 # dummy
3808 0 # dummy
3809 0 # dummy
3810 0 # dummy
3811 0 # dummy
3812 0 # dummy
3813 0 # dummy
3814 0 # dummy
3815 0 # dummy
3816 0 # dummy
3817 0 # dummy
3818 0 # dummy
3819 0 # dummy
3820 0 # dummy
3821 0 # dummy
3822 0 # dummy
3823 0 # dummy
3824 0 # dummy
3825 0 # dummy
3826 0 # dummy
3827 0 # dummy
3828 0 # dummy
3829 0 # dummy
3830 0 # dummy
3831 0 # dummy
3832 0 # dummy
3833 0 # dummy
3834 0 # dummy
3835 0 # dummy
3836 0 # dummy
3837 0 # dummy
3838 0 # dummy
3839 0 # dummy
3840 0 # dummy
3841 0 # dummy
3842 0 # dummy
3843 0 # dummy
3844 0 # dummy
3845 0 # dummy
3846 0 # dummy
3847 0 # dummy
3848 0 # dummy
3849 0 # dummy
3850 0 # dummy
3851 0 # dummy
3852 0 # dummy
3853 0 # dummy
3854 0 # dummy
3855 0 # dummy
3856 0 # dummy
3857 0 # dummy
3858 0 # dummy
3859 0 # dummy
3860 0 # dummy
3861 0 # dummy
3862 0 # dummy
3863 0 # dummy
3864 0 # dummy
3865 0 # dummy
3866 0 # dummy
3867 0 # dummy
3868 0 # dummy
3869 0 # dummy
3870 0 # dummy
3871 0 # dummy
3872 0 # dummy
3873 0 # dummy
3874 0 # dummy
3875 0 # dummy
3876 0 # dummy
3877 0 # dummy
3878 0 # dummy
3879 0 # dummy
3880 0 # dummy
3881 0 # dummy
3882 0 # dummy
3883 0 # dummy
3884 0 # dummy
3885 0 # dummy
3886 0 # dummy
3887 0 # dummy
3888 0 # dummy
3889 0 # dummy
3890 0 # dummy
3891 0 # dummy
3892 0 # dummy
3893 0 # dummy
3894 0 # dummy
3895 0 # dummy
3896 0 # dummy
3897 0 # dummy
3898 0 # dummy
3899 0 # dummy
3900 0 # dummy
3901 0 # dummy
3902 0 # dummy
3903 0 # dummy
3904 0 # dummy
3905 0 # dummy
3906 0 # dummy
3907 0 # dummy
3908 0 # dummy
3909 0 # dummy
3910 0 # dummy
3911 0 # dummy
3912 0 # dummy
3913 0 # dummy
3914 0 # dummy
3915 0 # dummy
3916 0 # dummy
3917 0 # dummy
3918 0 # dummy
3919 0 # dummy
3920 0 # dummy
3921 0 # dummy
3922 0 # dummy
3923 0 # dummy
3924 0 # dummy
3925 0 # dummy
3926 0 # dummy
3927 0 # dummy
3928 0 # dummy
3929 0 # dummy
3930 0 # dummy
3931 0 # dummy
3932 0 # dummy
3933 0 # dummy
3934 0 # dummy
3935 0 # dummy
3936 0 # dummy
3937 0 # dummy
3938 0 # dummy
3939 0 # dummy
3940 0 # dummy
3941 0 # dummy
3942 0 # dummy
3943 0 # dummy
3944 0 # dummy
3945 0 # dummy
3946 0 # dummy
3947 0 # dummy
3948 0 # dummy
3949 0 # dummy
3950 0 # dummy
3951 0 # dummy
3952 0 # dummy
3953 0 # dummy
3954 0 # dummy
3955 0 # dummy
3956 0 # dummy
3957 0 # dummy
3958 0 # dummy
3959 0 # dummy
3960 0 # dummy
3961 0 # dummy
3962 0 # dummy
3963 0 # dummy
3964 0 # dummy
3965 0 # dummy
3966 0 # dummy
3967 0 # dummy
3968 0 # dummy
3969 0 # dummy
3970 0 # dummy
3971 0 # dummy
3972 0 # dummy
3973 0 # dummy
3974 0 # dummy
3975 0 # dummy
3976 0 # dummy
3977 0 # dummy
3978 0 # dummy
3979 0 # dummy
3980 0 # dummy
3981 0 # dummy
3982 0 # dummy
3983 0 # dummy
3984 0 # dummy
3985 0 # dummy
3986 0 # dummy
3987 0 # dummy
3988 0 # dummy
3989 0 # dummy
3990 0 # dummy
3991 0 # dummy
3992 0 # dummy
3993 0 # dummy
3994 0 # dummy
3995 0 # dummy
3996 0 # dummy
3997 0 # dummy
3998 0 # dummy
3999 0 # dummy
4000 0 # dummy
4001 0 # dummy
4002 0 # dummy
4003 0 # dummy
4004 0 # dummy
4005 0 # dummy
4006 0 # dummy
4007 0 # dummy
4008 0 # dummy
4009 0 # dummy
4010 0 # dummy
4011 0 # dummy
4012 0 # dummy
4013 0 # dummy
4014 0 # dummy
4015 0 # dummy
4016 0 # dummy
4017 0 # dummy
4018 0 # dummy
4019 0 # dummy
4020 0 # dummy
4021 0 # dummy
4022 0 # dummy
4023 0 # dummy
4024 0 # dummy
4025 0 # dummy
4026 0 # dummy
4027 0 # dummy
4028 0 # dummy
4029 0 # dummy
4030 0 # dummy
4031 0 # dummy
4032 0 # dummy
4033 0 # dummy
4034 0 # dummy
4035 0 # dummy
4036 0 # dummy
4037 0 # dummy
4038 0 # dummy
4039 0 # dummy
4040 0 # dummy
4041 0 # dummy
4042 0 # dummy
4043 0 # dummy
4044 0 # dummy
4045 0 # dummy
4046 0 # dummy
4047 0 # dummy
4048 0 # dummy
4049 0 # dummy
4050 0 # dummy
4051 0 # dummy
4052 0 # dummy
4053 0 # dummy
4054 0 # dummy
4055 0 # dummy
4056 0 # dummy
4057 0 # dummy
4058 0 # dummy
4059 0 # dummy
4060 0 # dummy
4061 0 # dummy
4062 0 # dummy
4063 0 # dummy
4064 0 # dummy
4065 0 # dummy
4066 0 # dummy
4067 0 # dummy
4068 0 # dummy
4069 0 # dummy
4070 0 # dummy
4071 0 # dummy
4072 0 # dummy
4073 0 # dummy
4074 0 # dummy
4075 0 # dummy
4076 0 # dummy
4077 0 # dummy
4078 0 # dummy
4079 0 # dummy
4080 0 # dummy
4081 0 # dummy
4082 0 # dummy
4083 0 # dummy
4084 0 # dummy
4085 0 # dummy
4086 0 # dummy
4087 0 # dummy
4088 0 # dummy
4089 0 # dummy
4090 0 # dummy
4091 0 # dummy
4092 0 # dummy
4093 0 # dummy
4094 0 # dummy
4095 0 # dummy
