# columns 
# CaloToolMPEtaBin PtMin PtMax avgPt IEtaBin_forLUT_col1 PtBin_forLUT SF
0 0 15 15 0 0 1.994304   # ieta [1], pt 0
0 16 16 16 0 1 1.962172
0 17 17 17 0 2 1.946192
0 18 18 18 0 3 1.933568
0 19 19 19 0 4 1.908340
0 20 20 20 0 5 1.904801
0 21 21 21 0 6 1.884817
0 22 22 22 0 7 1.871490
0 23 23 23 0 8 1.859045
0 24 24 24 0 9 1.838934
0 25 25 25 0 10 1.828045
0 26 26 26 0 11 1.812832
0 27 27 27 0 12 1.794859
0 28 28 28 0 13 1.788750
0 29 29 29 0 14 1.778771
0 30 30 30 0 15 1.766678
0 31 31 31 0 16 1.752343
0 32 32 32 0 17 1.744620
0 33 33 33 0 18 1.735903
0 34 34 34 0 19 1.723421
0 35 35 35 0 20 1.710533
0 36 36 36 0 21 1.701362
0 37 37 37 0 22 1.684648
0 38 38 38 0 23 1.675949
0 39 39 39 0 24 1.668590
0 40 40 40 0 25 1.668352
0 41 41 41 0 26 1.654165
0 42 42 42 0 27 1.650324
0 43 43 43 0 28 1.639010
0 44 44 44 0 29 1.630103
0 45 45 45 0 30 1.622364
0 46 46 46 0 31 1.616199
0 47 47 47 0 32 1.608925
0 48 48 48 0 33 1.598541
0 49 49 49 0 34 1.591402
0 50 50 50 0 35 1.583152
0 51 51 51 0 36 1.581036
0 52 52 52 0 37 1.575008
0 53 53 53 0 38 1.569326
0 54 54 54 0 39 1.561906
0 55 55 55 0 40 1.558030
0 56 56 56 0 41 1.554191
0 57 59 58 0 42 1.543762
0 60 61 61 0 43 1.528299
0 62 64 63 0 44 1.512701
0 65 68 67 0 45 1.495446
0 69 71 70 0 46 1.481511
0 72 75 74 0 47 1.465830
0 76 81 79 0 48 1.452250
0 82 84 83 0 49 1.437238
0 85 90 88 0 50 1.421664
0 91 96 94 0 51 1.406466
0 97 101 99 0 52 1.392230
0 102 107 105 0 53 1.379519
0 108 115 112 0 54 1.365462
0 116 121 119 0 55 1.351079
0 122 131 127 0 56 1.336520
0 132 141 137 0 57 1.321650
0 142 150 146 0 58 1.308443
0 151 164 158 0 59 1.294539
0 165 178 172 0 60 1.280326
0 179 195 187 0 61 1.265940
0 196 218 207 0 62 1.250578
0 219 255 237 0 63 1.234463
1 0 15 15 1 0 1.992082   # ieta [2], pt 0
1 16 16 16 1 1 1.960293
1 17 17 17 1 2 1.944328
1 18 18 18 1 3 1.931716
1 19 19 19 1 4 1.906512
1 20 20 20 1 5 1.902754
1 21 21 21 1 6 1.882791
1 22 22 22 1 7 1.869478
1 23 23 23 1 8 1.857507
1 24 24 24 1 9 1.835334
1 25 25 25 1 10 1.827737
1 26 26 26 1 11 1.814765
1 27 27 27 1 12 1.795820
1 28 28 28 1 13 1.791005
1 29 29 29 1 14 1.780211
1 30 30 30 1 15 1.768108
1 31 31 31 1 16 1.753762
1 32 32 32 1 17 1.746033
1 33 33 33 1 18 1.737308
1 34 34 34 1 19 1.724816
1 35 35 35 1 20 1.711918
1 36 36 36 1 21 1.702739
1 37 37 37 1 22 1.686012
1 38 38 38 1 23 1.677305
1 39 39 39 1 24 1.669941
1 40 40 40 1 25 1.669703
1 41 41 41 1 26 1.655051
1 42 42 42 1 27 1.651208
1 43 43 43 1 28 1.639888
1 44 44 44 1 29 1.630976
1 45 45 45 1 30 1.623233
1 46 46 46 1 31 1.617065
1 47 47 47 1 32 1.609787
1 48 48 48 1 33 1.599398
1 49 49 49 1 34 1.592255
1 50 50 50 1 35 1.584000
1 51 51 51 1 36 1.581883
1 52 52 52 1 37 1.575852
1 53 53 53 1 38 1.570167
1 54 54 54 1 39 1.562743
1 55 55 55 1 40 1.558865
1 56 56 56 1 41 1.555024
1 57 59 58 1 42 1.544589
1 60 61 61 1 43 1.529118
1 62 64 63 1 44 1.513511
1 65 68 67 1 45 1.496248
1 69 71 70 1 46 1.482305
1 72 75 74 1 47 1.466616
1 76 81 79 1 48 1.453029
1 82 84 83 1 49 1.438008
1 85 90 88 1 50 1.422594
1 91 96 94 1 51 1.407505
1 97 101 99 1 52 1.393346
1 102 107 105 1 53 1.380753
1 108 115 112 1 54 1.366762
1 116 121 119 1 55 1.352414
1 122 131 127 1 56 1.338013
1 132 141 137 1 57 1.323300
1 142 150 146 1 58 1.310146
1 151 164 158 1 59 1.296552
1 165 178 172 1 60 1.282348
1 179 195 187 1 61 1.268216
1 196 218 207 1 62 1.252929
1 219 255 237 1 63 1.237556
2 0 15 15 2 0 2.025209   # ieta [3], pt 0
2 16 16 16 2 1 1.992454
2 17 17 17 2 2 1.977617
2 18 18 18 2 3 1.960458
2 19 19 19 2 4 1.932399
2 20 20 20 2 5 1.926736
2 21 21 21 2 6 1.906130
2 22 22 22 2 7 1.890707
2 23 23 23 2 8 1.874623
2 24 24 24 2 9 1.853669
2 25 25 25 2 10 1.844157
2 26 26 26 2 11 1.830798
2 27 27 27 2 12 1.811686
2 28 28 28 2 13 1.806088
2 29 29 29 2 14 1.795403
2 30 30 30 2 15 1.781487
2 31 31 31 2 16 1.767918
2 32 32 32 2 17 1.757950
2 33 33 33 2 18 1.747698
2 34 34 34 2 19 1.735131
2 35 35 35 2 20 1.721981
2 36 36 36 2 21 1.712644
2 37 37 37 2 22 1.697133
2 38 38 38 2 23 1.686986
2 39 39 39 2 24 1.679676
2 40 40 40 2 25 1.679437
2 41 41 41 2 26 1.664700
2 42 42 42 2 27 1.661088
2 43 43 43 2 28 1.649701
2 44 44 44 2 29 1.640808
2 45 45 45 2 30 1.633018
2 46 46 46 2 31 1.625692
2 47 47 47 2 32 1.618374
2 48 48 48 2 33 1.607930
2 49 49 49 2 34 1.601709
2 50 50 50 2 35 1.593405
2 51 51 51 2 36 1.591872
2 52 52 52 2 37 1.585804
2 53 53 53 2 38 1.580414
2 54 54 54 2 39 1.572903
2 55 55 55 2 40 1.569000
2 56 56 56 2 41 1.565134
2 57 59 58 2 42 1.554240
2 60 61 61 2 43 1.538169
2 62 64 63 2 44 1.521890
2 65 68 67 2 45 1.504412
2 69 71 70 2 46 1.490212
2 72 75 74 2 47 1.473580
2 76 81 79 2 48 1.459640
2 82 84 83 2 49 1.444385
2 85 90 88 2 50 1.429235
2 91 96 94 2 51 1.414905
2 97 101 99 2 52 1.400403
2 102 107 105 2 53 1.387194
2 108 115 112 2 54 1.373331
2 116 121 119 2 55 1.358499
2 122 131 127 2 56 1.343459
2 132 141 137 2 57 1.328408
2 142 150 146 2 58 1.315471
2 151 164 158 2 59 1.301871
2 165 178 172 2 60 1.287682
2 179 195 187 2 61 1.273391
2 196 218 207 2 62 1.257715
2 219 255 237 2 63 1.239772
3 0 15 15 3 0 2.041503   # ieta [4], pt 0
3 16 16 16 3 1 2.009908
3 17 17 17 3 2 1.994474
3 18 18 18 3 3 1.979089
3 19 19 19 3 4 1.953068
3 20 20 20 3 5 1.947454
3 21 21 21 3 6 1.928112
3 22 22 22 3 7 1.912511
3 23 23 23 3 8 1.897702
3 24 24 24 3 9 1.875925
3 25 25 25 3 10 1.866299
3 26 26 26 3 11 1.852240
3 27 27 27 3 12 1.834256
3 28 28 28 3 13 1.826666
3 29 29 29 3 14 1.819271
3 30 30 30 3 15 1.805170
3 31 31 31 3 16 1.790866
3 32 32 32 3 17 1.777427
3 33 33 33 3 18 1.766531
3 34 34 34 3 19 1.751932
3 35 35 35 3 20 1.736946
3 36 36 36 3 21 1.723791
3 37 37 37 3 22 1.707440
3 38 38 38 3 23 1.698150
3 39 39 39 3 24 1.690164
3 40 40 40 3 25 1.690039
3 41 41 41 3 26 1.674670
3 42 42 42 3 27 1.671037
3 43 43 43 3 28 1.661723
3 44 44 44 3 29 1.652765
3 45 45 45 3 30 1.644918
3 46 46 46 3 31 1.637539
3 47 47 47 3 32 1.630168
3 48 48 48 3 33 1.619648
3 49 49 49 3 34 1.612311
3 50 50 50 3 35 1.603952
3 51 51 51 3 36 1.602409
3 52 52 52 3 37 1.594464
3 53 53 53 3 38 1.589045
3 54 54 54 3 39 1.580196
3 55 55 55 3 40 1.576275
3 56 56 56 3 41 1.572391
3 57 59 58 3 42 1.561413
3 60 61 61 3 43 1.545621
3 62 64 63 3 44 1.529575
3 65 68 67 3 45 1.512225
3 69 71 70 3 46 1.498041
3 72 75 74 3 47 1.480715
3 76 81 79 3 48 1.466752
3 82 84 83 3 49 1.451744
3 85 90 88 3 50 1.436774
3 91 96 94 3 51 1.422099
3 97 101 99 3 52 1.406098
3 102 107 105 3 53 1.392655
3 108 115 112 3 54 1.378895
3 116 121 119 3 55 1.364483
3 122 131 127 3 56 1.348899
3 132 141 137 3 57 1.332521
3 142 150 146 3 58 1.319007
3 151 164 158 3 59 1.305356
3 165 178 172 3 60 1.291326
3 179 195 187 3 61 1.277016
3 196 218 207 3 62 1.260286
3 219 255 237 3 63 1.241756
4 0 15 15 4 0 2.067890   # ieta [5], pt 0
4 16 16 16 4 1 2.034782
4 17 17 17 4 2 2.019281
4 18 18 18 4 3 2.007539
4 19 19 19 4 4 1.975161
4 20 20 20 4 5 1.971341
4 21 21 21 4 6 1.948091
4 22 22 22 4 7 1.929602
4 23 23 23 4 8 1.914661
4 24 24 24 4 9 1.892688
4 25 25 25 4 10 1.882976
4 26 26 26 4 11 1.868767
4 27 27 27 4 12 1.849730
4 28 28 28 4 13 1.842077
4 29 29 29 4 14 1.831607
4 30 30 30 4 15 1.818418
4 31 31 31 4 16 1.804009
4 32 32 32 4 17 1.790471
4 33 33 33 4 18 1.779495
4 34 34 34 4 19 1.766287
4 35 35 35 4 20 1.752886
4 36 36 36 4 21 1.739610
4 37 37 37 4 22 1.722604
4 38 38 38 4 23 1.712572
4 39 39 39 4 24 1.703184
4 40 40 40 4 25 1.703058
4 41 41 41 4 26 1.684716
4 42 42 42 4 27 1.681061
4 43 43 43 4 28 1.670553
4 44 44 44 4 29 1.661548
4 45 45 45 4 30 1.653660
4 46 46 46 4 31 1.646240
4 47 47 47 4 32 1.639821
4 48 48 48 4 33 1.629239
4 49 49 49 4 34 1.621810
4 50 50 50 4 35 1.613402
4 51 51 51 4 36 1.611849
4 52 52 52 4 37 1.603857
4 53 53 53 4 38 1.597633
4 54 54 54 4 39 1.589763
4 55 55 55 4 40 1.585818
4 56 56 56 4 41 1.581815
4 57 59 58 4 42 1.570771
4 60 61 61 4 43 1.553522
4 62 64 63 4 44 1.537668
4 65 68 67 4 45 1.520601
4 69 71 70 4 46 1.506714
4 72 75 74 4 47 1.488791
4 76 81 79 4 48 1.471836
4 82 84 83 4 49 1.455911
4 85 90 88 4 50 1.440898
4 91 96 94 4 51 1.426316
4 97 101 99 4 52 1.410944
4 102 107 105 4 53 1.397017
4 108 115 112 4 54 1.383171
4 116 121 119 4 55 1.368874
4 122 131 127 4 56 1.353742
4 132 141 137 4 57 1.338740
4 142 150 146 4 58 1.325203
4 151 164 158 4 59 1.311087
4 165 178 172 4 60 1.297555
4 179 195 187 4 61 1.283020
4 196 218 207 4 62 1.265927
4 219 255 237 4 63 1.247870
5 0 15 15 5 0 2.076252   # ieta [6], pt 0
5 16 16 16 5 1 2.043010
5 17 17 17 5 2 2.027739
5 18 18 18 5 3 2.013904
5 19 19 19 5 4 1.981423
5 20 20 20 5 5 1.977591
5 21 21 21 5 6 1.954631
5 22 22 22 5 7 1.937400
5 23 23 23 5 8 1.923219
5 24 24 24 5 9 1.899092
5 25 25 25 5 10 1.889348
5 26 26 26 5 11 1.875091
5 27 27 27 5 12 1.855989
5 28 28 28 5 13 1.848310
5 29 29 29 5 14 1.836341
5 30 30 30 5 15 1.824137
5 31 31 31 5 16 1.809467
5 32 32 32 5 17 1.797021
5 33 33 33 5 18 1.786251
5 34 34 34 5 19 1.772993
5 35 35 35 5 20 1.760016
5 36 36 36 5 21 1.748423
5 37 37 37 5 22 1.731331
5 38 38 38 5 23 1.721248
5 39 39 39 5 24 1.711812
5 40 40 40 5 25 1.711686
5 41 41 41 5 26 1.693250
5 42 42 42 5 27 1.689720
5 43 43 43 5 28 1.679158
5 44 44 44 5 29 1.670668
5 45 45 45 5 30 1.662737
5 46 46 46 5 31 1.655278
5 47 47 47 5 32 1.649159
5 48 48 48 5 33 1.638516
5 49 49 49 5 34 1.633018
5 50 50 50 5 35 1.624552
5 51 51 51 5 36 1.622989
5 52 52 52 5 37 1.614941
5 53 53 53 5 38 1.608309
5 54 54 54 5 39 1.600386
5 55 55 55 5 40 1.596415
5 56 56 56 5 41 1.592385
5 57 59 58 5 42 1.581267
5 60 61 61 5 43 1.563923
5 62 64 63 5 44 1.547590
5 65 68 67 5 45 1.529632
5 69 71 70 5 46 1.515963
5 72 75 74 5 47 1.497549
5 76 81 79 5 48 1.479174
5 82 84 83 5 49 1.462169
5 85 90 88 5 50 1.447091
5 91 96 94 5 51 1.432256
5 97 101 99 5 52 1.417669
5 102 107 105 5 53 1.403682
5 108 115 112 5 54 1.388240
5 116 121 119 5 55 1.373485
5 122 131 127 5 56 1.358964
5 132 141 137 5 57 1.343571
5 142 150 146 5 58 1.329556
5 151 164 158 5 59 1.315110
5 165 178 172 5 60 1.301106
5 179 195 187 5 61 1.286167
5 196 218 207 5 62 1.268577
5 219 255 237 5 63 1.249596
6 0 15 15 6 0 2.075026   # ieta [7], pt 0
6 16 16 16 6 1 2.042289
6 17 17 17 6 2 2.027022
6 18 18 18 6 3 2.013705
6 19 19 19 6 4 1.981228
6 20 20 20 6 5 1.977396
6 21 21 21 6 6 1.957015
6 22 22 22 6 7 1.939763
6 23 23 23 6 8 1.925564
6 24 24 24 6 9 1.901560
6 25 25 25 6 10 1.891803
6 26 26 26 6 11 1.877527
6 27 27 27 6 12 1.858576
6 28 28 28 6 13 1.850886
6 29 29 29 6 14 1.839488
6 30 30 30 6 15 1.827263
6 31 31 31 6 16 1.812544
6 32 32 32 6 17 1.800715
6 33 33 33 6 18 1.789923
6 34 34 34 6 19 1.776637
6 35 35 35 6 20 1.763634
6 36 36 36 6 21 1.754220
6 37 37 37 6 22 1.737071
6 38 38 38 6 23 1.726955
6 39 39 39 6 24 1.717488
6 40 40 40 6 25 1.717696
6 41 41 41 6 26 1.696958
6 42 42 42 6 27 1.693420
6 43 43 43 6 28 1.682835
6 44 44 44 6 29 1.674327
6 45 45 45 6 30 1.666378
6 46 46 46 6 31 1.658902
6 47 47 47 6 32 1.652533
6 48 48 48 6 33 1.641868
6 49 49 49 6 34 1.636358
6 50 50 50 6 35 1.627875
6 51 51 51 6 36 1.626309
6 52 52 52 6 37 1.618245
6 53 53 53 6 38 1.611599
6 54 54 54 6 39 1.603660
6 55 55 55 6 40 1.599681
6 56 56 56 6 41 1.595642
6 57 59 58 6 42 1.584502
6 60 61 61 6 43 1.566141
6 62 64 63 6 44 1.548809
6 65 68 67 6 45 1.530836
6 69 71 70 6 46 1.516546
6 72 75 74 6 47 1.498382
6 76 81 79 6 48 1.480244
6 82 84 83 6 49 1.463227
6 85 90 88 6 50 1.448138
6 91 96 94 6 51 1.433292
6 97 101 99 6 52 1.418695
6 102 107 105 6 53 1.404698
6 108 115 112 6 54 1.389244
6 116 121 119 6 55 1.374479
6 122 131 127 6 56 1.359947
6 132 141 137 6 57 1.344490
6 142 150 146 6 58 1.330413
6 151 164 158 6 59 1.315957
6 165 178 172 6 60 1.301202
6 179 195 187 6 61 1.286139
6 196 218 207 6 62 1.268549
6 219 255 237 6 63 1.249516
7 0 15 15 7 0 2.097728   # ieta [8], pt 0
7 16 16 16 7 1 2.064633
7 17 17 17 7 2 2.052688
7 18 18 18 7 3 2.038445
7 19 19 19 7 4 2.009724
7 20 20 20 7 5 2.005063
7 21 21 21 7 6 1.979549
7 22 22 22 7 7 1.960200
7 23 23 23 7 8 1.942824
7 24 24 24 7 9 1.918604
7 25 25 25 7 10 1.908759
7 26 26 26 7 11 1.894355
7 27 27 27 7 12 1.875234
7 28 28 28 7 13 1.866988
7 29 29 29 7 14 1.855490
7 30 30 30 7 15 1.840853
7 31 31 31 7 16 1.825845
7 32 32 32 7 17 1.813336
7 33 33 33 7 18 1.803521
7 34 34 34 7 19 1.792057
7 35 35 35 7 20 1.778899
7 36 36 36 7 21 1.763678
7 37 37 37 7 22 1.746437
7 38 38 38 7 23 1.736266
7 39 39 39 7 24 1.723179
7 40 40 40 7 25 1.723388
7 41 41 41 7 26 1.702581
7 42 42 42 7 27 1.699031
7 43 43 43 7 28 1.688411
7 44 44 44 7 29 1.675466
7 45 45 45 7 30 1.667512
7 46 46 46 7 31 1.660031
7 47 47 47 7 32 1.653657
7 48 48 48 7 33 1.642985
7 49 49 49 7 34 1.639075
7 50 50 50 7 35 1.630578
7 51 51 51 7 36 1.629009
7 52 52 52 7 37 1.620932
7 53 53 53 7 38 1.614275
7 54 54 54 7 39 1.606323
7 55 55 55 7 40 1.602337
7 56 56 56 7 41 1.598292
7 57 59 58 7 42 1.587133
7 60 61 61 7 43 1.569541
7 62 64 63 7 44 1.553273
7 65 68 67 7 45 1.535855
7 69 71 70 7 46 1.523623
7 72 75 74 7 47 1.505851
7 76 81 79 7 48 1.487623
7 82 84 83 7 49 1.469119
7 85 90 88 7 50 1.453025
7 91 96 94 7 51 1.436902
7 97 101 99 7 52 1.422468
7 102 107 105 7 53 1.407415
7 108 115 112 7 54 1.392233
7 116 121 119 7 55 1.377730
7 122 131 127 7 56 1.363772
7 132 141 137 7 57 1.347888
7 142 150 146 7 58 1.333484
7 151 164 158 7 59 1.318920
7 165 178 172 7 60 1.303898
7 179 195 187 7 61 1.288897
7 196 218 207 7 62 1.271269
7 219 255 237 7 63 1.252691
8 0 15 15 8 0 2.119717   # ieta [9], pt 0
8 16 16 16 8 1 2.089364
8 17 17 17 8 2 2.077369
8 18 18 18 8 3 2.062974
8 19 19 19 8 4 2.038371
8 20 20 20 8 5 2.031022
8 21 21 21 8 6 2.002463
8 22 22 22 8 7 1.982276
8 23 23 23 8 8 1.964704
8 24 24 24 8 9 1.936795
8 25 25 25 8 10 1.923875
8 26 26 26 8 11 1.912317
8 27 27 27 8 12 1.893015
8 28 28 28 8 13 1.884133
8 29 29 29 8 14 1.869811
8 30 30 30 8 15 1.853611
8 31 31 31 8 16 1.837051
8 32 32 32 8 17 1.824004
8 33 33 33 8 18 1.811945
8 34 34 34 8 19 1.800756
8 35 35 35 8 20 1.784891
8 36 36 36 8 21 1.769806
8 37 37 37 8 22 1.752505
8 38 38 38 8 23 1.742298
8 39 39 39 8 24 1.729165
8 40 40 40 8 25 1.729375
8 41 41 41 8 26 1.708496
8 42 42 42 8 27 1.701854
8 43 43 43 8 28 1.691217
8 44 44 44 8 29 1.678072
8 45 45 45 8 30 1.670106
8 46 46 46 8 31 1.664014
8 47 47 47 8 32 1.657625
8 48 48 48 8 33 1.646927
8 49 49 49 8 34 1.643089
8 50 50 50 8 35 1.634571
8 51 51 51 8 36 1.632998
8 52 52 52 8 37 1.624901
8 53 53 53 8 38 1.618228
8 54 54 54 8 39 1.610257
8 55 55 55 8 40 1.606261
8 56 56 56 8 41 1.602206
8 57 59 58 8 42 1.591019
8 60 61 61 8 43 1.574682
8 62 64 63 8 44 1.558175
8 65 68 67 8 45 1.540683
8 69 71 70 8 46 1.528356
8 72 75 74 8 47 1.511233
8 76 81 79 8 48 1.492939
8 82 84 83 8 49 1.474368
8 85 90 88 8 50 1.458753
8 91 96 94 8 51 1.441476
8 97 101 99 8 52 1.426996
8 102 107 105 8 53 1.411895
8 108 115 112 8 54 1.396276
8 116 121 119 8 55 1.381055
8 122 131 127 8 56 1.366483
8 132 141 137 8 57 1.350559
8 142 150 146 8 58 1.336127
8 151 164 158 8 59 1.320203
8 165 178 172 8 60 1.305167
8 179 195 187 8 61 1.290151
8 196 218 207 8 62 1.272506
8 219 255 237 8 63 1.253917
9 0 15 15 9 0 2.120553   # ieta [10], pt 0
9 16 16 16 9 1 2.090189
9 17 17 17 9 2 2.078188
9 18 18 18 9 3 2.064432
9 19 19 19 9 4 2.039811
9 20 20 20 9 5 2.032458
9 21 21 21 9 6 2.003878
9 22 22 22 9 7 1.983677
9 23 23 23 9 8 1.966092
9 24 24 24 9 9 1.937983
9 25 25 25 9 10 1.932186
9 26 26 26 9 11 1.916105
9 27 27 27 9 12 1.896296
9 28 28 28 9 13 1.890008
9 29 29 29 9 14 1.875641
9 30 30 30 9 15 1.859390
9 31 31 31 9 16 1.842991
9 32 32 32 9 17 1.831229
9 33 33 33 9 18 1.819123
9 34 34 34 9 19 1.807889
9 35 35 35 9 20 1.798293
9 36 36 36 9 21 1.783094
9 37 37 37 9 22 1.765664
9 38 38 38 9 23 1.755380
9 39 39 39 9 24 1.745076
9 40 40 40 9 25 1.745288
9 41 41 41 9 26 1.724217
9 42 42 42 9 27 1.717513
9 43 43 43 9 28 1.706778
9 44 44 44 9 29 1.693513
9 45 45 45 9 30 1.685473
9 46 46 46 9 31 1.679324
9 47 47 47 9 32 1.672877
9 48 48 48 9 33 1.662081
9 49 49 49 9 34 1.658209
9 50 50 50 9 35 1.646128
9 51 51 51 9 36 1.644544
9 52 52 52 9 37 1.636390
9 53 53 53 9 38 1.629744
9 54 54 54 9 39 1.619949
9 55 55 55 9 40 1.615929
9 56 56 56 9 41 1.611850
9 57 59 58 9 42 1.597241
9 60 61 61 9 43 1.580861
9 62 64 63 9 44 1.564289
9 65 68 67 9 45 1.547346
9 69 71 70 9 46 1.535184
9 72 75 74 9 47 1.517918
9 76 81 79 9 48 1.499191
9 82 84 83 9 49 1.480543
9 85 90 88 9 50 1.466288
9 91 96 94 9 51 1.449772
9 97 101 99 9 52 1.435280
9 102 107 105 9 53 1.419998
9 108 115 112 9 54 1.403267
9 116 121 119 9 55 1.387742
9 122 131 127 9 56 1.373641
9 132 141 137 9 57 1.355361
9 142 150 146 9 58 1.340681
9 151 164 158 9 59 1.324601
9 165 178 172 9 60 1.308351
9 179 195 187 9 61 1.292870
9 196 218 207 9 62 1.275187
9 219 255 237 9 63 1.257089
10 0 15 15 10 0 2.126879   # ieta [11], pt 0
10 16 16 16 10 1 2.100567
10 17 17 17 10 2 2.088507
10 18 18 18 10 3 2.075391
10 19 19 19 10 4 2.057009
10 20 20 20 10 5 2.048719
10 21 21 21 10 6 2.019912
10 22 22 22 10 7 1.998678
10 23 23 23 10 8 1.984489
10 24 24 24 10 9 1.955182
10 25 25 25 10 10 1.949332
10 26 26 26 10 11 1.935558
10 27 27 27 10 12 1.915193
10 28 28 28 10 13 1.909100
10 29 29 29 10 14 1.894987
10 30 30 30 10 15 1.878882
10 31 31 31 10 16 1.861533
10 32 32 32 10 17 1.850881
10 33 33 33 10 18 1.838645
10 34 34 34 10 19 1.827290
10 35 35 35 10 20 1.814915
10 36 36 36 10 21 1.799575
10 37 37 37 10 22 1.779312
10 38 38 38 10 23 1.767325
10 39 39 39 10 24 1.753694
10 40 40 40 10 25 1.753907
10 41 41 41 10 26 1.732732
10 42 42 42 10 27 1.725995
10 43 43 43 10 28 1.715207
10 44 44 44 10 29 1.708900
10 45 45 45 10 30 1.700787
10 46 46 46 10 31 1.694583
10 47 47 47 10 32 1.691415
10 48 48 48 10 33 1.680500
10 49 49 49 10 34 1.676584
10 50 50 50 10 35 1.664370
10 51 51 51 10 36 1.662769
10 52 52 52 10 37 1.654525
10 53 53 53 10 38 1.647283
10 54 54 54 10 39 1.637383
10 55 55 55 10 40 1.633319
10 56 56 56 10 41 1.628994
10 57 59 58 10 42 1.614024
10 60 61 61 10 43 1.597314
10 62 64 63 10 44 1.577796
10 65 68 67 10 45 1.562783
10 69 71 70 10 46 1.548093
10 72 75 74 10 47 1.529009
10 76 81 79 10 48 1.509419
10 82 84 83 10 49 1.492543
10 85 90 88 10 50 1.478608
10 91 96 94 10 51 1.462413
10 97 101 99 10 52 1.447794
10 102 107 105 10 53 1.430977
10 108 115 112 10 54 1.415248
10 116 121 119 10 55 1.398100
10 122 131 127 10 56 1.382772
10 132 141 137 10 57 1.366035
10 142 150 146 10 58 1.350410
10 151 164 158 10 59 1.333606
10 165 178 172 10 60 1.317732
10 179 195 187 10 61 1.302524
10 196 218 207 10 62 1.284606
10 219 255 237 10 63 1.265434
11 0 15 15 11 0 2.175769   # ieta [12], pt 0
11 16 16 16 11 1 2.154587
11 17 17 17 11 2 2.142217
11 18 18 18 11 3 2.128065
11 19 19 19 11 4 2.103670
11 20 20 20 11 5 2.095192
11 21 21 21 11 6 2.079894
11 22 22 22 11 7 2.060141
11 23 23 23 11 8 2.049243
11 24 24 24 11 9 2.018979
11 25 25 25 11 10 1.998108
11 26 26 26 11 11 1.983989
11 27 27 27 11 12 1.970830
11 28 28 28 11 13 1.956064
11 29 29 29 11 14 1.936343
11 30 30 30 11 15 1.917853
11 31 31 31 11 16 1.901715
11 32 32 32 11 17 1.883532
11 33 33 33 11 18 1.878927
11 34 34 34 11 19 1.867323
11 35 35 35 11 20 1.854677
11 36 36 36 11 21 1.839001
11 37 37 37 11 22 1.818295
11 38 38 38 11 23 1.806045
11 39 39 39 11 24 1.792115
11 40 40 40 11 25 1.786551
11 41 41 41 11 26 1.769735
11 42 42 42 11 27 1.762854
11 43 43 43 11 28 1.746843
11 44 44 44 11 29 1.735778
11 45 45 45 11 30 1.727063
11 46 46 46 11 31 1.714048
11 47 47 47 11 32 1.710844
11 48 48 48 11 33 1.692754
11 49 49 49 11 34 1.688951
11 50 50 50 11 35 1.676647
11 51 51 51 11 36 1.675187
11 52 52 52 11 37 1.672788
11 53 53 53 11 38 1.670789
11 54 54 54 11 39 1.655142
11 55 55 55 11 40 1.655234
11 56 56 56 11 41 1.650851
11 57 59 58 11 42 1.635679
11 60 61 61 11 43 1.618746
11 62 64 63 11 44 1.598351
11 65 68 67 11 45 1.588165
11 69 71 70 11 46 1.573237
11 72 75 74 11 47 1.552528
11 76 81 79 11 48 1.528983
11 82 84 83 11 49 1.509408
11 85 90 88 11 50 1.495316
11 91 96 94 11 51 1.479378
11 97 101 99 11 52 1.459805
11 102 107 105 11 53 1.446604
11 108 115 112 11 54 1.430683
11 116 121 119 11 55 1.411104
11 122 131 127 11 56 1.395922
11 132 141 137 11 57 1.378835
11 142 150 146 11 58 1.362868
11 151 164 158 11 59 1.347128
11 165 178 172 11 60 1.330665
11 179 195 187 11 61 1.315819
11 196 218 207 11 62 1.297535
11 219 255 237 11 63 1.277911
12 0 15 15 12 0 2.264398   # ieta [13], pt 0
12 16 16 16 12 1 2.238625
12 17 17 17 12 2 2.215269
12 18 18 18 12 3 2.200633
12 19 19 19 12 4 2.166966
12 20 20 20 12 5 2.158233
12 21 21 21 12 6 2.141567
12 22 22 22 12 7 2.121851
12 23 23 23 12 8 2.110626
12 24 24 24 12 9 2.075757
12 25 25 25 12 10 2.056265
12 26 26 26 12 11 2.037788
12 27 27 27 12 12 2.031782
12 28 28 28 12 13 2.016559
12 29 29 29 12 14 1.996228
12 30 30 30 12 15 1.970497
12 31 31 31 12 16 1.959048
12 32 32 32 12 17 1.940316
12 33 33 33 12 18 1.927202
12 34 34 34 12 19 1.918786
12 35 35 35 12 20 1.896863
12 36 36 36 12 21 1.887988
12 37 37 37 12 22 1.865338
12 38 38 38 12 23 1.858365
12 39 39 39 12 24 1.831583
12 40 40 40 12 25 1.825896
12 41 41 41 12 26 1.813249
12 42 42 42 12 27 1.806199
12 43 43 43 12 28 1.790680
12 44 44 44 12 29 1.779337
12 45 45 45 12 30 1.768426
12 46 46 46 12 31 1.760667
12 47 47 47 12 32 1.757375
12 48 48 48 12 33 1.743804
12 49 49 49 12 34 1.739887
12 50 50 50 12 35 1.725960
12 51 51 51 12 36 1.724457
12 52 52 52 12 37 1.714774
12 53 53 53 12 38 1.706694
12 54 54 54 12 39 1.695548
12 55 55 55 12 40 1.690270
12 56 56 56 12 41 1.686003
12 57 59 58 12 42 1.673909
12 60 61 61 12 43 1.658496
12 62 64 63 12 44 1.641504
12 65 68 67 12 45 1.619883
12 69 71 70 12 46 1.604433
12 72 75 74 12 47 1.582585
12 76 81 79 12 48 1.560603
12 82 84 83 12 49 1.539207
12 85 90 88 12 50 1.527633
12 91 96 94 12 51 1.505335
12 97 101 99 12 52 1.489396
12 102 107 105 12 53 1.471359
12 108 115 112 12 54 1.454342
12 116 121 119 12 55 1.439850
12 122 131 127 12 56 1.419304
12 132 141 137 12 57 1.401931
12 142 150 146 12 58 1.384077
12 151 164 158 12 59 1.365864
12 165 178 172 12 60 1.349129
12 179 195 187 12 61 1.331941
12 196 218 207 12 62 1.313058
12 219 255 237 12 63 1.293081
13 0 15 15 13 0 2.338798   # ieta [14], pt 0
13 16 16 16 13 1 2.320719
13 17 17 17 13 2 2.300128
13 18 18 18 13 3 2.274723
13 19 19 19 13 4 2.246448
13 20 20 20 13 5 2.245198
13 21 21 21 13 6 2.212946
13 22 22 22 13 7 2.185513
13 23 23 23 13 8 2.165077
13 24 24 24 13 9 2.130952
13 25 25 25 13 10 2.116340
13 26 26 26 13 11 2.097323
13 27 27 27 13 12 2.081830
13 28 28 28 13 13 2.065391
13 29 29 29 13 14 2.048114
13 30 30 30 13 15 2.021714
13 31 31 31 13 16 2.009967
13 32 32 32 13 17 1.989612
13 33 33 33 13 18 1.975049
13 34 34 34 13 19 1.968102
13 35 35 35 13 20 1.945616
13 36 36 36 13 21 1.935708
13 37 37 37 13 22 1.917362
13 38 38 38 13 23 1.910194
13 39 39 39 13 24 1.886680
13 40 40 40 13 25 1.880822
13 41 41 41 13 26 1.870946
13 42 42 42 13 27 1.863672
13 43 43 43 13 28 1.847012
13 44 44 44 13 29 1.835312
13 45 45 45 13 30 1.824058
13 46 46 46 13 31 1.814993
13 47 47 47 13 32 1.804858
13 48 48 48 13 33 1.790920
13 49 49 49 13 34 1.786898
13 50 50 50 13 35 1.777283
13 51 51 51 13 36 1.775736
13 52 52 52 13 37 1.761560
13 53 53 53 13 38 1.753259
13 54 54 54 13 39 1.738905
13 55 55 55 13 40 1.733492
13 56 56 56 13 41 1.725538
13 57 59 58 13 42 1.708765
13 60 61 61 13 43 1.694460
13 62 64 63 13 44 1.677505
13 65 68 67 13 45 1.655075
13 69 71 70 13 46 1.637629
13 72 75 74 13 47 1.617790
13 76 81 79 13 48 1.596133
13 82 84 83 13 49 1.576515
13 85 90 88 13 50 1.554290
13 91 96 94 13 51 1.531278
13 97 101 99 13 52 1.514843
13 102 107 105 13 53 1.498112
13 108 115 112 13 54 1.476457
13 116 121 119 13 55 1.457968
13 122 131 127 13 56 1.443528
13 132 141 137 13 57 1.425690
13 142 150 146 13 58 1.407471
13 151 164 158 13 59 1.387974
13 165 178 172 13 60 1.367958
13 179 195 187 13 61 1.350971
13 196 218 207 13 62 1.334860
13 219 255 237 13 63 1.314415
14 0 15 15 14 0 2.376911   # ieta [15], pt 0
14 16 16 16 14 1 2.358538
14 17 17 17 14 2 2.336311
14 18 18 18 14 3 2.318053
14 19 19 19 14 4 2.287716
14 20 20 20 14 5 2.280002
14 21 21 21 14 6 2.247249
14 22 22 22 14 7 2.224750
14 23 23 23 14 8 2.203946
14 24 24 24 14 9 2.178481
14 25 25 25 14 10 2.163543
14 26 26 26 14 11 2.139700
14 27 27 27 14 12 2.117171
14 28 28 28 14 13 2.100453
14 29 29 29 14 14 2.089250
14 30 30 30 14 15 2.062149
14 31 31 31 14 16 2.049174
14 32 32 32 14 17 2.025522
14 33 33 33 14 18 2.010695
14 34 34 34 14 19 2.008165
14 35 35 35 14 20 1.990197
14 36 36 36 14 21 1.980061
14 37 37 37 14 22 1.960253
14 38 38 38 14 23 1.949012
14 39 39 39 14 24 1.930570
14 40 40 40 14 25 1.924576
14 41 41 41 14 26 1.918779
14 42 42 42 14 27 1.911320
14 43 43 43 14 28 1.889771
14 44 44 44 14 29 1.877801
14 45 45 45 14 30 1.866286
14 46 46 46 14 31 1.857012
14 47 47 47 14 32 1.839009
14 48 48 48 14 33 1.824807
14 49 49 49 14 34 1.816898
14 50 50 50 14 35 1.807122
14 51 51 51 14 36 1.805549
14 52 52 52 14 37 1.795770
14 53 53 53 14 38 1.787308
14 54 54 54 14 39 1.772675
14 55 55 55 14 40 1.767157
14 56 56 56 14 41 1.759048
14 57 59 58 14 42 1.744707
14 60 61 61 14 43 1.728427
14 62 64 63 14 44 1.711133
14 65 68 67 14 45 1.689545
14 69 71 70 14 46 1.672559
14 72 75 74 14 47 1.651544
14 76 81 79 14 48 1.625402
14 82 84 83 14 49 1.604052
14 85 90 88 14 50 1.579398
14 91 96 94 14 51 1.556212
14 97 101 99 14 52 1.541497
14 102 107 105 14 53 1.522399
14 108 115 112 14 54 1.503716
14 116 121 119 14 55 1.486828
14 122 131 127 14 56 1.464952
14 132 141 137 14 57 1.443421
14 142 150 146 14 58 1.428162
14 151 164 158 14 59 1.408388
14 165 178 172 14 60 1.387988
14 179 195 187 14 61 1.370898
14 196 218 207 14 62 1.353579
14 219 255 237 14 63 1.328373
15 0 15 15 15 0 2.465582   # ieta [16], pt 0
15 16 16 16 15 1 2.439322
15 17 17 17 15 2 2.410579
15 18 18 18 15 3 2.392711
15 19 19 19 15 4 2.360778
15 20 20 20 15 5 2.352477
15 21 21 21 15 6 2.321533
15 22 22 22 15 7 2.300293
15 23 23 23 15 8 2.276626
15 24 24 24 15 9 2.250032
15 25 25 25 15 10 2.231071
15 26 26 26 15 11 2.206483
15 27 27 27 15 12 2.180805
15 28 28 28 15 13 2.164527
15 29 29 29 15 14 2.154302
15 30 30 30 15 15 2.142130
15 31 31 31 15 16 2.127939
15 32 32 32 15 17 2.096923
15 33 33 33 15 18 2.078002
15 34 34 34 15 19 2.075387
15 35 35 35 15 20 2.059020
15 36 36 36 15 21 2.047994
15 37 37 37 15 22 2.032264
15 38 38 38 15 23 2.026436
15 39 39 39 15 24 2.005731
15 40 40 40 15 25 1.997580
15 41 41 41 15 26 1.991563
15 42 42 42 15 27 1.984752
15 43 43 43 15 28 1.970695
15 44 44 44 15 29 1.956825
15 45 45 45 15 30 1.944825
15 46 46 46 15 31 1.934834
15 47 47 47 15 32 1.926721
15 48 48 48 15 33 1.911842
15 49 49 49 15 34 1.906330
15 50 50 50 15 35 1.896073
15 51 51 51 15 36 1.894838
15 52 52 52 15 37 1.883919
15 53 53 53 15 38 1.877157
15 54 54 54 15 39 1.866754
15 55 55 55 15 40 1.860942
15 56 56 56 15 41 1.852404
15 57 59 58 15 42 1.839038
15 60 61 61 15 43 1.820136
15 62 64 63 15 44 1.799518
15 65 68 67 15 45 1.776625
15 69 71 70 15 46 1.756730
15 72 75 74 15 47 1.735043
15 76 81 79 15 48 1.711191
15 82 84 83 15 49 1.692857
15 85 90 88 15 50 1.669302
15 91 96 94 15 51 1.647173
15 97 101 99 15 52 1.624510
15 102 107 105 15 53 1.606401
15 108 115 112 15 54 1.585895
15 116 121 119 15 55 1.568300
15 122 131 127 15 56 1.557620
15 132 141 137 15 57 1.535873
15 142 150 146 15 58 1.513315
15 151 164 158 15 59 1.492371
15 165 178 172 15 60 1.473160
15 179 195 187 15 61 1.455392
15 196 218 207 15 62 1.440961
15 219 255 237 15 63 1.423244
16 0 15 15 16 0 2.530363   # ieta [17], pt 0
16 16 16 16 16 1 2.498983
16 17 17 17 16 2 2.468955
16 18 18 18 16 3 2.449608
16 19 19 19 16 4 2.416916
16 20 20 20 16 5 2.409237
16 21 21 21 16 6 2.377745
16 22 22 22 16 7 2.354900
16 23 23 23 16 8 2.330672
16 24 24 24 16 9 2.302118
16 25 25 25 16 10 2.282717
16 26 26 26 16 11 2.257561
16 27 27 27 16 12 2.228545
16 28 28 28 16 13 2.209071
16 29 29 29 16 14 2.199243
16 30 30 30 16 15 2.176281
16 31 31 31 16 16 2.158411
16 32 32 32 16 17 2.121306
16 33 33 33 16 18 2.102165
16 34 34 34 16 19 2.098826
16 35 35 35 16 20 2.076623
16 36 36 36 16 21 2.064471
16 37 37 37 16 22 2.048614
16 38 38 38 16 23 2.042739
16 39 39 39 16 24 2.021502
16 40 40 40 16 25 2.015226
16 41 41 41 16 26 2.009156
16 42 42 42 16 27 2.002284
16 43 43 43 16 28 1.988103
16 44 44 44 16 29 1.972365
16 45 45 45 16 30 1.960270
16 46 46 46 16 31 1.946821
16 47 47 47 16 32 1.938657
16 48 48 48 16 33 1.923686
16 49 49 49 16 34 1.918183
16 50 50 50 16 35 1.907862
16 51 51 51 16 36 1.906705
16 52 52 52 16 37 1.895718
16 53 53 53 16 38 1.888914
16 54 54 54 16 39 1.878240
16 55 55 55 16 40 1.871620
16 56 56 56 16 41 1.863146
16 57 59 58 16 42 1.848227
16 60 61 61 16 43 1.829230
16 62 64 63 16 44 1.808805
16 65 68 67 16 45 1.786383
16 69 71 70 16 46 1.765286
16 72 75 74 16 47 1.743493
16 76 81 79 16 48 1.719364
16 82 84 83 16 49 1.700921
16 85 90 88 16 50 1.675472
16 91 96 94 16 51 1.652114
16 97 101 99 16 52 1.629382
16 102 107 105 16 53 1.611219
16 108 115 112 16 54 1.590386
16 116 121 119 16 55 1.572654
16 122 131 127 16 56 1.561735
16 132 141 137 16 57 1.539794
16 142 150 146 16 58 1.516804
16 151 164 158 16 59 1.495765
16 165 178 172 16 60 1.476256
16 179 195 187 16 61 1.458350
16 196 218 207 16 62 1.441779
16 219 255 237 16 63 1.422916
17 0 15 15 17 0 2.407233   # ieta [18], pt 0
17 16 16 16 17 1 2.377654
17 17 17 17 17 2 2.344646
17 18 18 18 17 3 2.326066
17 19 19 19 17 4 2.285862
17 20 20 20 17 5 2.277641
17 21 21 21 17 6 2.247869
17 22 22 22 17 7 2.224492
17 23 23 23 17 8 2.197476
17 24 24 24 17 9 2.169881
17 25 25 25 17 10 2.151595
17 26 26 26 17 11 2.127569
17 27 27 27 17 12 2.106462
17 28 28 28 17 13 2.091094
17 29 29 29 17 14 2.075547
17 30 30 30 17 15 2.048906
17 31 31 31 17 16 2.034702
17 32 32 32 17 17 2.008587
17 33 33 33 17 18 1.991658
17 34 34 34 17 19 1.987271
17 35 35 35 17 20 1.965515
17 36 36 36 17 21 1.955644
17 37 37 37 17 22 1.936370
17 38 38 38 17 23 1.928872
17 39 39 39 17 24 1.905076
17 40 40 40 17 25 1.899162
17 41 41 41 17 26 1.884932
17 42 42 42 17 27 1.878486
17 43 43 43 17 28 1.862310
17 44 44 44 17 29 1.851689
17 45 45 45 17 30 1.840334
17 46 46 46 17 31 1.832835
17 47 47 47 17 32 1.818925
17 48 48 48 17 33 1.804941
17 49 49 49 17 34 1.800949
17 50 50 50 17 35 1.786317
17 51 51 51 17 36 1.785385
17 52 52 52 17 37 1.770674
17 53 53 53 17 38 1.763588
17 54 54 54 17 39 1.749416
17 55 55 55 17 40 1.744130
17 56 56 56 17 41 1.731094
17 57 59 58 17 42 1.715888
17 60 61 61 17 43 1.700512
17 62 64 63 17 44 1.680690
17 65 68 67 17 45 1.657676
17 69 71 70 17 46 1.639856
17 72 75 74 17 47 1.617406
17 76 81 79 17 48 1.597208
17 82 84 83 17 49 1.579282
17 85 90 88 17 50 1.559391
17 91 96 94 17 51 1.537299
17 97 101 99 17 52 1.520222
17 102 107 105 17 53 1.505333
17 108 115 112 17 54 1.487667
17 116 121 119 17 55 1.469266
17 122 131 127 17 56 1.444535
17 132 141 137 17 57 1.420778
17 142 150 146 17 58 1.403362
17 151 164 158 17 59 1.385321
17 165 178 172 17 60 1.366214
17 179 195 187 17 61 1.347904
17 196 218 207 17 62 1.331110
17 219 255 237 17 63 1.306613
18 0 15 15 18 0 2.403017   # ieta [19], pt 0
18 16 16 16 18 1 2.367590
18 17 17 17 18 2 2.334145
18 18 18 18 18 3 2.314802
18 19 19 19 18 4 2.273460
18 20 20 20 18 5 2.263103
18 21 21 21 18 6 2.228981
18 22 22 22 18 7 2.205394
18 23 23 23 18 8 2.178921
18 24 24 24 18 9 2.148769
18 25 25 25 18 10 2.130661
18 26 26 26 18 11 2.106401
18 27 27 27 18 12 2.081024
18 28 28 28 18 13 2.065737
18 29 29 29 18 14 2.049925
18 30 30 30 18 15 2.023613
18 31 31 31 18 16 2.009354
18 32 32 32 18 17 1.983365
18 33 33 33 18 18 1.966649
18 34 34 34 18 19 1.961343
18 35 35 35 18 20 1.939870
18 36 36 36 18 21 1.930128
18 37 37 37 18 22 1.913693
18 38 38 38 18 23 1.907894
18 39 39 39 18 24 1.880168
18 40 40 40 18 25 1.874331
18 41 41 41 18 26 1.860287
18 42 42 42 18 27 1.853925
18 43 43 43 18 28 1.835776
18 44 44 44 18 29 1.825470
18 45 45 45 18 30 1.808820
18 46 46 46 18 31 1.802398
18 47 47 47 18 32 1.788718
18 48 48 48 18 33 1.774967
18 49 49 49 18 34 1.769902
18 50 50 50 18 35 1.755522
18 51 51 51 18 36 1.753619
18 52 52 52 18 37 1.743984
18 53 53 53 18 38 1.738389
18 54 54 54 18 39 1.724419
18 55 55 55 18 40 1.719209
18 56 56 56 18 41 1.706359
18 57 59 58 18 42 1.686184
18 60 61 61 18 43 1.667850
18 62 64 63 18 44 1.648218
18 65 68 67 18 45 1.626345
18 69 71 70 18 46 1.609058
18 72 75 74 18 47 1.585976
18 76 81 79 18 48 1.565303
18 82 84 83 18 49 1.546266
18 85 90 88 18 50 1.530376
18 91 96 94 18 51 1.509605
18 97 101 99 18 52 1.491281
18 102 107 105 18 53 1.472226
18 108 115 112 18 54 1.451246
18 116 121 119 18 55 1.432285
18 122 131 127 18 56 1.410943
18 132 141 137 18 57 1.388129
18 142 150 146 18 58 1.368560
18 151 164 158 18 59 1.349715
18 165 178 172 18 60 1.330878
18 179 195 187 18 61 1.314191
18 196 218 207 18 62 1.295151
18 219 255 237 18 63 1.273082
19 0 15 15 19 0 2.399251   # ieta [20], pt 0
19 16 16 16 19 1 2.363880
19 17 17 17 19 2 2.328190
19 18 18 18 19 3 2.308897
19 19 19 19 19 4 2.267308
19 20 20 20 19 5 2.256823
19 21 21 21 19 6 2.222796
19 22 22 22 19 7 2.199020
19 23 23 23 19 8 2.168621
19 24 24 24 19 9 2.138611
19 25 25 25 19 10 2.117981
19 26 26 26 19 11 2.093866
19 27 27 27 19 12 2.064141
19 28 28 28 19 13 2.042615
19 29 29 29 19 14 2.026980
19 30 30 30 19 15 2.000962
19 31 31 31 19 16 1.988256
19 32 32 32 19 17 1.961063
19 33 33 33 19 18 1.942346
19 34 34 34 19 19 1.938172
19 35 35 35 19 20 1.916468
19 36 36 36 19 21 1.908197
19 37 37 37 19 22 1.891948
19 38 38 38 19 23 1.886216
19 39 39 39 19 24 1.858805
19 40 40 40 19 25 1.853034
19 41 41 41 19 26 1.839150
19 42 42 42 19 27 1.832153
19 43 43 43 19 28 1.814217
19 44 44 44 19 29 1.804032
19 45 45 45 19 30 1.787577
19 46 46 46 19 31 1.781231
19 47 47 47 19 32 1.767712
19 48 48 48 19 33 1.754122
19 49 49 49 19 34 1.749116
19 50 50 50 19 35 1.734905
19 51 51 51 19 36 1.732980
19 52 52 52 19 37 1.723458
19 53 53 53 19 38 1.716475
19 54 54 54 19 39 1.705826
19 55 55 55 19 40 1.700672
19 56 56 56 19 41 1.687961
19 57 59 58 19 42 1.672673
19 60 61 61 19 43 1.657999
19 62 64 63 19 44 1.638926
19 65 68 67 19 45 1.617841
19 69 71 70 19 46 1.599990
19 72 75 74 19 47 1.579577
19 76 81 79 19 48 1.559569
19 82 84 83 19 49 1.541143
19 85 90 88 19 50 1.526177
19 91 96 94 19 51 1.505878
19 97 101 99 19 52 1.487672
19 102 107 105 19 53 1.468663
19 108 115 112 19 54 1.447734
19 116 121 119 19 55 1.428853
19 122 131 127 19 56 1.408273
19 132 141 137 19 57 1.386802
19 142 150 146 19 58 1.367298
19 151 164 158 19 59 1.347566
19 165 178 172 19 60 1.328959
19 179 195 187 19 61 1.312312
19 196 218 207 19 62 1.293488
19 219 255 237 19 63 1.272161
20 0 15 15 20 0 2.487938   # ieta [21], pt 0
20 16 16 16 20 1 2.431844
20 17 17 17 20 2 2.384093
20 18 18 18 20 3 2.356849
20 19 19 19 20 4 2.312850
20 20 20 20 20 5 2.295623
20 21 21 21 20 6 2.258795
20 22 22 22 20 7 2.232540
20 23 23 23 20 8 2.201677
20 24 24 24 20 9 2.166411
20 25 25 25 20 10 2.145512
20 26 26 26 20 11 2.116463
20 27 27 27 20 12 2.078227
20 28 28 28 20 13 2.056555
20 29 29 29 20 14 2.038550
20 30 30 30 20 15 2.012383
20 31 31 31 20 16 1.998319
20 32 32 32 20 17 1.969729
20 33 33 33 20 18 1.950930
20 34 34 34 20 19 1.943464
20 35 35 35 20 20 1.921700
20 36 36 36 20 21 1.909487
20 37 37 37 20 22 1.893228
20 38 38 38 20 23 1.887491
20 39 39 39 20 24 1.860062
20 40 40 40 20 25 1.854287
20 41 41 41 20 26 1.840394
20 42 42 42 20 27 1.833392
20 43 43 43 20 28 1.815009
20 44 44 44 20 29 1.804451
20 45 45 45 20 30 1.787993
20 46 46 46 20 31 1.781035
20 47 47 47 20 32 1.767518
20 48 48 48 20 33 1.753930
20 49 49 49 20 34 1.748858
20 50 50 50 20 35 1.734649
20 51 51 51 20 36 1.732724
20 52 52 52 20 37 1.722752
20 53 53 53 20 38 1.715772
20 54 54 54 20 39 1.705127
20 55 55 55 20 40 1.699818
20 56 56 56 20 41 1.687114
20 57 59 58 20 42 1.671834
20 60 61 61 20 43 1.657174
20 62 64 63 20 44 1.638183
20 65 68 67 20 45 1.616954
20 69 71 70 20 46 1.598832
20 72 75 74 20 47 1.578330
20 76 81 79 20 48 1.555175
20 82 84 83 20 49 1.535542
20 85 90 88 20 50 1.520828
20 91 96 94 20 51 1.500601
20 97 101 99 20 52 1.482458
20 102 107 105 20 53 1.463516
20 108 115 112 20 54 1.443290
20 116 121 119 20 55 1.424556
20 122 131 127 20 56 1.404038
20 132 141 137 20 57 1.383010
20 142 150 146 20 58 1.363933
20 151 164 158 20 59 1.345472
20 165 178 172 20 60 1.326057
20 179 195 187 20 61 1.309505
20 196 218 207 20 62 1.291141
20 219 255 237 20 63 1.269767
21 0 15 15 21 0 2.429328   # ieta [22], pt 0
21 16 16 16 21 1 2.377239
21 17 17 17 21 2 2.338786
21 18 18 18 21 3 2.316087
21 19 19 19 21 4 2.264775
21 20 20 20 21 5 2.244167
21 21 21 21 21 6 2.208164
21 22 22 22 21 7 2.177174
21 23 23 23 21 8 2.147076
21 24 24 24 21 9 2.115040
21 25 25 25 21 10 2.080833
21 26 26 26 21 11 2.052763
21 27 27 27 21 12 2.022614
21 28 28 28 21 13 2.001521
21 29 29 29 21 14 1.986639
21 30 30 30 21 15 1.960067
21 31 31 31 21 16 1.946067
21 32 32 32 21 17 1.921097
21 33 33 33 21 18 1.900068
21 34 34 34 21 19 1.898929
21 35 35 35 21 20 1.877322
21 36 36 36 21 21 1.864115
21 37 37 37 21 22 1.848518
21 38 38 38 21 23 1.842828
21 39 39 39 21 24 1.816048
21 40 40 40 21 25 1.810410
21 41 41 41 21 26 1.800897
21 42 42 42 21 27 1.794046
21 43 43 43 21 28 1.781403
21 44 44 44 21 29 1.769914
21 45 45 45 21 30 1.753770
21 46 46 46 21 31 1.746946
21 47 47 47 21 32 1.737328
21 48 48 48 21 33 1.723972
21 49 49 49 21 34 1.719057
21 50 50 50 21 35 1.705090
21 51 51 51 21 36 1.703198
21 52 52 52 21 37 1.692029
21 53 53 53 21 38 1.685174
21 54 54 54 21 39 1.678526
21 55 55 55 21 40 1.673301
21 56 56 56 21 41 1.667431
21 57 59 58 21 42 1.653707
21 60 61 61 21 43 1.638706
21 62 64 63 21 44 1.620399
21 65 68 67 21 45 1.598064
21 69 71 70 21 46 1.574734
21 72 75 74 21 47 1.556414
21 76 81 79 21 48 1.533641
21 82 84 83 21 49 1.513332
21 85 90 88 21 50 1.490176
21 91 96 94 21 51 1.468596
21 97 101 99 21 52 1.450980
21 102 107 105 21 53 1.431517
21 108 115 112 21 54 1.412757
21 116 121 119 21 55 1.395746
21 122 131 127 21 56 1.376613
21 132 141 137 21 57 1.359483
21 142 150 146 21 58 1.341050
21 151 164 158 21 59 1.322899
21 165 178 172 21 60 1.304266
21 179 195 187 21 61 1.287537
21 196 218 207 21 62 1.267008
21 219 255 237 21 63 1.248315
22 0 15 15 22 0 2.330303   # ieta [23], pt 0
22 16 16 16 22 1 2.284554
22 17 17 17 22 2 2.251027
22 18 18 18 22 3 2.229039
22 19 19 19 22 4 2.175608
22 20 20 20 22 5 2.156507
22 21 21 21 22 6 2.125198
22 22 22 22 22 7 2.091596
22 23 23 23 22 8 2.067601
22 24 24 24 22 9 2.041506
22 25 25 25 22 10 2.018161
22 26 26 26 22 11 1.990937
22 27 27 27 22 12 1.961696
22 28 28 28 22 13 1.941353
22 29 29 29 22 14 1.923615
22 30 30 30 22 15 1.898680
22 31 31 31 22 16 1.882692
22 32 32 32 22 17 1.856370
22 33 33 33 22 18 1.839636
22 34 34 34 22 19 1.837334
22 35 35 35 22 20 1.817490
22 36 36 36 22 21 1.813257
22 37 37 37 22 22 1.794477
22 38 38 38 22 23 1.786777
22 39 39 39 22 24 1.765907
22 40 40 40 22 25 1.760424
22 41 41 41 22 26 1.751008
22 42 42 42 22 27 1.750528
22 43 43 43 22 28 1.729229
22 44 44 44 22 29 1.722495
22 45 45 45 22 30 1.706784
22 46 46 46 22 31 1.700143
22 47 47 47 22 32 1.691258
22 48 48 48 22 33 1.678255
22 49 49 49 22 34 1.676509
22 50 50 50 22 35 1.659913
22 51 51 51 22 36 1.658070
22 52 52 52 22 37 1.647197
22 53 53 53 22 38 1.640524
22 54 54 54 22 39 1.628929
22 55 55 55 22 40 1.623858
22 56 56 56 22 41 1.613638
22 57 59 58 22 42 1.598199
22 60 61 61 22 43 1.586090
22 62 64 63 22 44 1.565431
22 65 68 67 22 45 1.545934
22 69 71 70 22 46 1.522051
22 72 75 74 22 47 1.503040
22 76 81 79 22 48 1.486144
22 82 84 83 22 49 1.465283
22 85 90 88 22 50 1.453178
22 91 96 94 22 51 1.426600
22 97 101 99 22 52 1.406568
22 102 107 105 22 53 1.390623
22 108 115 112 22 54 1.376245
22 116 121 119 22 55 1.358173
22 122 131 127 22 56 1.348162
22 132 141 137 22 57 1.331594
22 142 150 146 22 58 1.314885
22 151 164 158 22 59 1.299445
22 165 178 172 22 60 1.280633
22 179 195 187 22 61 1.262720
22 196 218 207 22 62 1.242789
22 219 255 237 22 63 1.225301
23 0 15 15 23 0 1.993786   # ieta [24], pt 0
23 16 16 16 23 1 1.952728
23 17 17 17 23 2 1.930117
23 18 18 18 23 3 1.910907
23 19 19 19 23 4 1.853598
23 20 20 20 23 5 1.852129
23 21 21 21 23 6 1.822164
23 22 22 22 23 7 1.796469
23 23 23 23 23 8 1.771265
23 24 24 24 23 9 1.762029
23 25 25 25 23 10 1.755236
23 26 26 26 23 11 1.733975
23 27 27 27 23 12 1.730039
23 28 28 28 23 13 1.714573
23 29 29 29 23 14 1.705260
23 30 30 30 23 15 1.686751
23 31 31 31 23 16 1.678752
23 32 32 32 23 17 1.666550
23 33 33 33 23 18 1.647436
23 34 34 34 23 19 1.645375
23 35 35 35 23 20 1.635264
23 36 36 36 23 21 1.631455
23 37 37 37 23 22 1.622056
23 38 38 38 23 23 1.615095
23 39 39 39 23 24 1.607080
23 40 40 40 23 25 1.607275
23 41 41 41 23 26 1.600420
23 42 42 42 23 27 1.599981
23 43 43 43 23 28 1.591523
23 44 44 44 23 29 1.577518
23 45 45 45 23 30 1.561039
23 46 46 46 23 31 1.555934
23 47 47 47 23 32 1.549184
23 48 48 48 23 33 1.539431
23 49 49 49 23 34 1.537830
23 50 50 50 23 35 1.524038
23 51 51 51 23 36 1.522346
23 52 52 52 23 37 1.517364
23 53 53 53 23 38 1.513045
23 54 54 54 23 39 1.498914
23 55 55 55 23 40 1.491553
23 56 56 56 23 41 1.486401
23 57 59 58 23 42 1.477705
23 60 61 61 23 43 1.468075
23 62 64 63 23 44 1.454689
23 65 68 67 23 45 1.442300
23 69 71 70 23 46 1.422410
23 72 75 74 23 47 1.407741
23 76 81 79 23 48 1.395074
23 82 84 83 23 49 1.379421
23 85 90 88 23 50 1.366133
23 91 96 94 23 51 1.351176
23 97 101 99 23 52 1.338516
23 102 107 105 23 53 1.327051
23 108 115 112 23 54 1.315800
23 116 121 119 23 55 1.303619
23 122 131 127 23 56 1.293914
23 132 141 137 23 57 1.280270
23 142 150 146 23 58 1.264640
23 151 164 158 23 59 1.249817
23 165 178 172 23 60 1.235527
23 179 195 187 23 61 1.221974
23 196 218 207 23 62 1.203798
23 219 255 237 23 63 1.186511
24 0 15 15 24 0 1.965770   # ieta [25], pt 0
24 16 16 16 24 1 1.921528
24 17 17 17 24 2 1.891608
24 18 18 18 24 3 1.872781
24 19 19 19 24 4 1.835693
24 20 20 20 24 5 1.826872
24 21 21 21 24 6 1.795320
24 22 22 22 24 7 1.777906
24 23 23 23 24 8 1.753558
24 24 24 24 24 9 1.735967
24 25 25 25 24 10 1.726946
24 26 26 26 24 11 1.706478
24 27 27 27 24 12 1.703572
24 28 28 28 24 13 1.695999
24 29 29 29 24 14 1.686787
24 30 30 30 24 15 1.668479
24 31 31 31 24 16 1.659109
24 32 32 32 24 17 1.648154
24 33 33 33 24 18 1.629547
24 34 34 34 24 19 1.627508
24 35 35 35 24 20 1.622057
24 36 36 36 24 21 1.616069
24 37 37 37 24 22 1.606758
24 38 38 38 24 23 1.599864
24 39 39 39 24 24 1.593041
24 40 40 40 24 25 1.593234
24 41 41 41 24 26 1.586440
24 42 42 42 24 27 1.580032
24 43 43 43 24 28 1.573764
24 44 44 44 24 29 1.560250
24 45 45 45 24 30 1.543952
24 46 46 46 24 31 1.538921
24 47 47 47 24 32 1.532245
24 48 48 48 24 33 1.522599
24 49 49 49 24 34 1.521015
24 50 50 50 24 35 1.512294
24 51 51 51 24 36 1.510616
24 52 52 52 24 37 1.505672
24 53 53 53 24 38 1.501386
24 54 54 54 24 39 1.489609
24 55 55 55 24 40 1.482294
24 56 56 56 24 41 1.477174
24 57 59 58 24 42 1.465638
24 60 61 61 24 43 1.455940
24 62 64 63 24 44 1.445057
24 65 68 67 24 45 1.433146
24 69 71 70 24 46 1.412942
24 72 75 74 24 47 1.396187
24 76 81 79 24 48 1.381826
24 82 84 83 24 49 1.366136
24 85 90 88 24 50 1.350954
24 91 96 94 24 51 1.333484
24 97 101 99 24 52 1.321177
24 102 107 105 24 53 1.310067
24 108 115 112 24 54 1.298520
24 116 121 119 24 55 1.286226
24 122 131 127 24 56 1.277485
24 132 141 137 24 57 1.265278
24 142 150 146 24 58 1.250520
24 151 164 158 24 59 1.236521
24 165 178 172 24 60 1.221806
24 179 195 187 24 61 1.207626
24 196 218 207 24 62 1.193379
24 219 255 237 24 63 1.178685
25 0 15 15 25 0 1.965089   # ieta [26], pt 0
25 16 16 16 25 1 1.920970
25 17 17 17 25 2 1.883900
25 18 18 18 25 3 1.871022
25 19 19 19 25 4 1.830095
25 20 20 20 25 5 1.817526
25 21 21 21 25 6 1.787757
25 22 22 22 25 7 1.769045
25 23 23 23 25 8 1.743567
25 24 24 24 25 9 1.727281
25 25 25 25 25 10 1.717908
25 26 26 26 25 11 1.694911
25 27 27 27 25 12 1.692550
25 28 28 28 25 13 1.685026
25 29 29 29 25 14 1.675874
25 30 30 30 25 15 1.657684
25 31 31 31 25 16 1.646137
25 32 32 32 25 17 1.636576
25 33 33 33 25 18 1.619439
25 34 34 34 25 19 1.616236
25 35 35 35 25 20 1.608351
25 36 36 36 25 21 1.599184
25 37 37 37 25 22 1.589971
25 38 38 38 25 23 1.583148
25 39 39 39 25 24 1.571814
25 40 40 40 25 25 1.572005
25 41 41 41 25 26 1.559599
25 42 42 42 25 27 1.554153
25 43 43 43 25 28 1.542087
25 44 44 44 25 29 1.529557
25 45 45 45 25 30 1.510640
25 46 46 46 25 31 1.509006
25 47 47 47 25 32 1.501841
25 48 48 48 25 33 1.492638
25 49 49 49 25 34 1.495430
25 50 50 50 25 35 1.482707
25 51 51 51 25 36 1.483048
25 52 52 52 25 37 1.478194
25 53 53 53 25 38 1.474808
25 54 54 54 25 39 1.461894
25 55 55 55 25 40 1.451795
25 56 56 56 25 41 1.446781
25 57 59 58 25 42 1.432030
25 60 61 61 25 43 1.422489
25 62 64 63 25 44 1.414856
25 65 68 67 25 45 1.403332
25 69 71 70 25 46 1.389648
25 72 75 74 25 47 1.374664
25 76 81 79 25 48 1.359642
25 82 84 83 25 49 1.344868
25 85 90 88 25 50 1.327457
25 91 96 94 25 51 1.308152
25 97 101 99 25 52 1.295523
25 102 107 105 25 53 1.281537
25 108 115 112 25 54 1.268549
25 116 121 119 25 55 1.256402
25 122 131 127 25 56 1.243443
25 132 141 137 25 57 1.234623
25 142 150 146 25 58 1.217774
25 151 164 158 25 59 1.204525
25 165 178 172 25 60 1.192277
25 179 195 187 25 61 1.181022
25 196 218 207 25 62 1.165619
25 219 255 237 25 63 1.152461
26 0 15 15 26 0 2.078025   # ieta [27], pt 0
26 16 16 16 26 1 1.999053
26 17 17 17 26 2 1.960476
26 18 18 18 26 3 1.939248
26 19 19 19 26 4 1.889153
26 20 20 20 26 5 1.836241
26 21 21 21 26 6 1.812619
26 22 22 22 26 7 1.788015
26 23 23 23 26 8 1.755316
26 24 24 24 26 9 1.738920
26 25 25 25 26 10 1.725290
26 26 26 26 26 11 1.701854
26 27 27 27 26 12 1.698180
26 28 28 28 26 13 1.691247
26 29 29 29 26 14 1.682061
26 30 30 30 26 15 1.663805
26 31 31 31 26 16 1.647576
26 32 32 32 26 17 1.637919
26 33 33 33 26 18 1.620744
26 34 34 34 26 19 1.617332
26 35 35 35 26 20 1.609442
26 36 36 36 26 21 1.594934
26 37 37 37 26 22 1.585745
26 38 38 38 26 23 1.578941
26 39 39 39 26 24 1.567637
26 40 40 40 26 25 1.567827
26 41 41 41 26 26 1.555454
26 42 42 42 26 27 1.550023
26 43 43 43 26 28 1.538567
26 44 44 44 26 29 1.526065
26 45 45 45 26 30 1.503907
26 46 46 46 26 31 1.502109
26 47 47 47 26 32 1.492580
26 48 48 48 26 33 1.484220
26 49 49 49 26 34 1.485993
26 50 50 50 26 35 1.473350
26 51 51 51 26 36 1.473689
26 52 52 52 26 37 1.463593
26 53 53 53 26 38 1.456244
26 54 54 54 26 39 1.438657
26 55 55 55 26 40 1.428718
26 56 56 56 26 41 1.419625
26 57 59 58 26 42 1.402788
26 60 61 61 26 43 1.392261
26 62 64 63 26 44 1.386120
26 65 68 67 26 45 1.374552
26 69 71 70 26 46 1.359586
26 72 75 74 26 47 1.343723
26 76 81 79 26 48 1.325804
26 82 84 83 26 49 1.315613
26 85 90 88 26 50 1.299499
26 91 96 94 26 51 1.277204
26 97 101 99 26 52 1.254530
26 102 107 105 26 53 1.233829
26 108 115 112 26 54 1.217668
26 116 121 119 26 55 1.206540
26 122 131 127 26 56 1.194457
26 132 141 137 26 57 1.185373
26 142 150 146 26 58 1.171482
26 151 164 158 26 59 1.161024
26 165 178 172 26 60 1.152262
26 179 195 187 26 61 1.139849
26 196 218 207 26 62 1.124399
26 219 255 237 26 63 1.110503
27 0 15 15 27 0 1.794288   # ieta [28], pt 0
27 16 16 16 27 1 1.716017
27 17 17 17 27 2 1.676994
27 18 18 18 27 3 1.660220
27 19 19 19 27 4 1.612761
27 20 20 20 27 5 1.600407
27 21 21 21 27 6 1.564728
27 22 22 22 27 7 1.553012
27 23 23 23 27 8 1.531307
27 24 24 24 27 9 1.508498
27 25 25 25 27 10 1.493523
27 26 26 26 27 11 1.483880
27 27 27 27 27 12 1.477704
27 28 28 28 27 13 1.477101
27 29 29 29 27 14 1.466636
27 30 30 30 27 15 1.463028
27 31 31 31 27 16 1.458365
27 32 32 32 27 17 1.452941
27 33 33 33 27 18 1.449377
27 34 34 34 27 19 1.443201
27 35 35 35 27 20 1.435808
27 36 36 36 27 21 1.427279
27 37 37 37 27 22 1.422299
27 38 38 38 27 23 1.422299
27 39 39 39 27 24 1.418658
27 40 40 40 27 25 1.418830
27 41 41 41 27 26 1.412139
27 42 42 42 27 27 1.407983
27 43 43 43 27 28 1.403448
27 44 44 44 27 29 1.400201
27 45 45 45 27 30 1.389049
27 46 46 46 27 31 1.385045
27 47 47 47 27 32 1.382312
27 48 48 48 27 33 1.370738
27 49 49 49 27 34 1.372816
27 50 50 50 27 35 1.362357
27 51 51 51 27 36 1.362357
27 52 52 52 27 37 1.354816
27 53 53 53 27 38 1.349187
27 54 54 54 27 39 1.342232
27 55 55 55 27 40 1.338357
27 56 56 56 27 41 1.336613
27 57 59 58 27 42 1.322868
27 60 61 61 27 43 1.314087
27 62 64 63 27 44 1.310330
27 65 68 67 27 45 1.299931
27 69 71 70 27 46 1.282346
27 72 75 74 27 47 1.265762
27 76 81 79 27 48 1.250957
27 82 84 83 27 49 1.241777
27 85 90 88 27 50 1.222744
27 91 96 94 27 51 1.201949
27 97 101 99 27 52 1.190035
27 102 107 105 27 53 1.177833
27 108 115 112 27 54 1.162356
27 116 121 119 27 55 1.149997
27 122 131 127 27 56 1.135841
27 132 141 137 27 57 1.127875
27 142 150 146 27 58 1.115178
27 151 164 158 27 59 1.107732
27 165 178 172 27 60 1.095857
27 179 195 187 27 61 1.082156
27 196 218 207 27 62 1.069174
27 219 255 237 27 63 1.055066
28 0 15 15 28 0 1.475167   # ieta [29], pt 0
28 16 16 16 28 1 1.412854
28 17 17 17 28 2 1.371468
28 18 18 18 28 3 1.334859
28 19 19 19 28 4 1.313060
28 20 20 20 28 5 1.287151
28 21 21 21 28 6 1.252882
28 22 22 22 28 7 1.236721
28 23 23 23 28 8 1.229551
28 24 24 24 28 9 1.218107
28 25 25 25 28 10 1.218902
28 26 26 26 28 11 1.222206
28 27 27 27 28 12 1.223794
28 28 28 28 28 13 1.224556
28 29 29 29 28 14 1.216643
28 30 30 30 28 15 1.210187
28 31 31 31 28 16 1.205218
28 32 32 32 28 17 1.199670
28 33 33 33 28 18 1.200869
28 34 34 34 28 19 1.199024
28 35 35 35 28 20 1.197488
28 36 36 36 28 21 1.195372
28 37 37 37 28 22 1.195920
28 38 38 38 28 23 1.195081
28 39 39 39 28 24 1.194763
28 40 40 40 28 25 1.194763
28 41 41 41 28 26 1.193508
28 42 42 42 28 27 1.193003
28 43 43 43 28 28 1.190314
28 44 44 44 28 29 1.190314
28 45 45 45 28 30 1.186031
28 46 46 46 28 31 1.184322
28 47 47 47 28 32 1.183635
28 48 48 48 28 33 1.176986
28 49 49 49 28 34 1.177357
28 50 50 50 28 35 1.175947
28 51 51 51 28 36 1.172562
28 52 52 52 28 37 1.172562
28 53 53 53 28 38 1.172481
28 54 54 54 28 39 1.170479
28 55 55 55 28 40 1.165460
28 56 56 56 28 41 1.165460
28 57 59 58 28 42 1.164392
28 60 61 61 28 43 1.162366
28 62 64 63 28 44 1.162670
28 65 68 67 28 45 1.162713
28 69 71 70 28 46 1.158849
28 72 75 74 28 47 1.158066
28 76 81 79 28 48 1.156086
28 82 84 83 28 49 1.142015
28 85 90 88 28 50 1.140402
28 91 96 94 28 51 1.134244
28 97 101 99 28 52 1.123041
28 102 107 105 28 53 1.109543
28 108 115 112 28 54 1.106921
28 116 121 119 28 55 1.100412
28 122 131 127 28 56 1.093827
28 132 141 137 28 57 1.084517
28 142 150 146 28 58 1.075152
28 151 164 158 28 59 1.072557
28 165 178 172 28 60 1.068666
28 179 195 187 28 61 1.060115
28 196 218 207 28 62 1.052798
28 219 255 237 28 63 1.041050
29 0 15 15 29 0 1.319944   # ieta [30], pt 0
29 16 16 16 29 1 1.251391
29 17 17 17 29 2 1.216213
29 18 18 18 29 3 1.175814
29 19 19 19 29 4 1.148093
29 20 20 20 29 5 1.131913
29 21 21 21 29 6 1.099456
29 22 22 22 29 7 1.086661
29 23 23 23 29 8 1.066860
29 24 24 24 29 9 1.037138
29 25 25 25 29 10 1.027106
29 26 26 26 29 11 1.032035
29 27 27 27 29 12 1.034822
29 28 28 28 29 13 1.036673
29 29 29 29 29 14 1.038086
29 30 30 30 29 15 1.040669
29 31 31 31 29 16 1.037662
29 32 32 32 29 17 1.023714
29 33 33 33 29 18 1.018260
29 34 34 34 29 19 1.015038
29 35 35 35 29 20 1.013502
29 36 36 36 29 21 1.013268
29 37 37 37 29 22 1.011077
29 38 38 38 29 23 1.010238
29 39 39 39 29 24 1.010193
29 40 40 40 29 25 1.010193
29 41 41 41 29 26 1.011270
29 42 42 42 29 27 1.010765
29 43 43 43 29 28 1.010793
29 44 44 44 29 29 1.010793
29 45 45 45 29 30 1.010793
29 46 46 46 29 31 1.010793
29 47 47 47 29 32 1.010105
29 48 48 48 29 33 1.009267
29 49 49 49 29 34 1.009639
29 50 50 50 29 35 1.008229
29 51 51 51 29 36 1.007600
29 52 52 52 29 37 1.007600
29 53 53 53 29 38 1.007331
29 54 54 54 29 39 1.010019
29 55 55 55 29 40 1.008445
29 56 56 56 29 41 1.007107
29 57 59 58 29 42 1.006251
29 60 61 61 29 43 1.006383
29 62 64 63 29 44 1.007137
29 65 68 67 29 45 1.007179
29 69 71 70 29 46 1.007179
29 72 75 74 29 47 1.006396
29 76 81 79 29 48 1.004683
29 82 84 83 29 49 1.001750
29 85 90 88 29 50 0.997052
29 91 96 94 29 51 0.992549
29 97 101 99 29 52 0.988877
29 102 107 105 29 53 0.987082
29 108 115 112 29 54 0.985969
29 116 121 119 29 55 0.984685
29 122 131 127 29 56 0.977665
29 132 141 137 29 57 0.973803
29 142 150 146 29 58 0.972348
29 151 164 158 29 59 0.970808
29 165 178 172 29 60 0.970205
29 179 195 187 29 61 0.968038
29 196 218 207 29 62 0.960719
29 219 255 237 29 63 0.956181
30 0 15 15 30 0 1.242803   # ieta [31], pt 0
30 16 16 16 30 1 1.189437
30 17 17 17 30 2 1.145514
30 18 18 18 30 3 1.100640
30 19 19 19 30 4 1.077981
30 20 20 20 30 5 1.071124
30 21 21 21 30 6 1.035598
30 22 22 22 30 7 1.020082
30 23 23 23 30 8 0.998947
30 24 24 24 30 9 0.988630
30 25 25 25 30 10 0.981963
30 26 26 26 30 11 0.986261
30 27 27 27 30 12 0.987897
30 28 28 28 30 13 0.991064
30 29 29 29 30 14 0.990226
30 30 30 30 30 15 0.990107
30 31 31 31 30 16 0.987100
30 32 32 32 30 17 0.979902
30 33 33 33 30 18 0.976573
30 34 34 34 30 19 0.966047
30 35 35 35 30 20 0.963916
30 36 36 36 30 21 0.964410
30 37 37 37 30 22 0.962971
30 38 38 38 30 23 0.962132
30 39 39 39 30 24 0.962088
30 40 40 40 30 25 0.962088
30 41 41 41 30 26 0.963165
30 42 42 42 30 27 0.962659
30 43 43 43 30 28 0.962688
30 44 44 44 30 29 0.962688
30 45 45 45 30 30 0.962688
30 46 46 46 30 31 0.962688
30 47 47 47 30 32 0.962000
30 48 48 48 30 33 0.961162
30 49 49 49 30 34 0.962903
30 50 50 50 30 35 0.962080
30 51 51 51 30 36 0.962238
30 52 52 52 30 37 0.962577
30 53 53 53 30 38 0.962478
30 54 54 54 30 39 0.965166
30 55 55 55 30 40 0.966886
30 56 56 56 30 41 0.964500
30 57 59 58 30 42 0.964810
30 60 61 61 30 43 0.965524
30 62 64 63 30 44 0.968563
30 65 68 67 30 45 0.968606
30 69 71 70 30 46 0.968728
30 72 75 74 30 47 0.970235
30 76 81 79 30 48 0.972407
30 82 84 83 30 49 0.973455
30 85 90 88 30 50 0.971119
30 91 96 94 30 51 0.969009
30 97 101 99 30 52 0.967762
30 102 107 105 30 53 0.966350
30 108 115 112 30 54 0.966171
30 116 121 119 30 55 0.965012
30 122 131 127 30 56 0.959590
30 132 141 137 30 57 0.955860
30 142 150 146 30 58 0.954297
30 151 164 158 30 59 0.953955
30 165 178 172 30 60 0.953417
30 179 195 187 30 61 0.951950
30 196 218 207 30 62 0.946053
30 219 255 237 30 63 0.941250
31 0 15 15 31 0 1.164049   # ieta [32], pt 0
31 16 16 16 31 1 1.111750
31 17 17 17 31 2 1.071140
31 18 18 18 31 3 1.026517
31 19 19 19 31 4 1.003858
31 20 20 20 31 5 0.997001
31 21 21 21 31 6 0.977996
31 22 22 22 31 7 0.964908
31 23 23 23 31 8 0.939703
31 24 24 24 31 9 0.929386
31 25 25 25 31 10 0.923491
31 26 26 26 31 11 0.913234
31 27 27 27 31 12 0.906449
31 28 28 28 31 13 0.899694
31 29 29 29 31 14 0.893671
31 30 30 30 31 15 0.890589
31 31 31 31 31 16 0.888806
31 32 32 32 31 17 0.868484
31 33 33 33 31 18 0.863649
31 34 34 34 31 19 0.846725
31 35 35 35 31 20 0.844594
31 36 36 36 31 21 0.844454
31 37 37 37 31 22 0.842666
31 38 38 38 31 23 0.845113
31 39 39 39 31 24 0.849461
31 40 40 40 31 25 0.849461
31 41 41 41 31 26 0.852476
31 42 42 42 31 27 0.851971
31 43 43 43 31 28 0.851999
31 44 44 44 31 29 0.851999
31 45 45 45 31 30 0.851999
31 46 46 46 31 31 0.851999
31 47 47 47 31 32 0.851999
31 48 48 48 31 33 0.851999
31 49 49 49 31 34 0.853741
31 50 50 50 31 35 0.853741
31 51 51 51 31 36 0.853958
31 52 52 52 31 37 0.853730
31 53 53 53 31 38 0.853197
31 54 54 54 31 39 0.854622
31 55 55 55 31 40 0.857455
31 56 56 56 31 41 0.855203
31 57 59 58 31 42 0.858272
31 60 61 61 31 43 0.860366
31 62 64 63 31 44 0.865664
31 65 68 67 31 45 0.868818
31 69 71 70 31 46 0.872051
31 72 75 74 31 47 0.876292
31 76 81 79 31 48 0.884489
31 82 84 83 31 49 0.887443
31 85 90 88 31 50 0.885318
31 91 96 94 31 51 0.883981
31 97 101 99 31 52 0.888350
31 102 107 105 31 53 0.889516
31 108 115 112 31 54 0.891201
31 116 121 119 31 55 0.890041
31 122 131 127 31 56 0.885006
31 132 141 137 31 57 0.883970
31 142 150 146 31 58 0.882429
31 151 164 158 31 59 0.882089
31 165 178 172 31 60 0.881552
31 179 195 187 31 61 0.880298
31 196 218 207 31 62 0.875157
31 219 255 237 31 63 0.870883
32 0 15 15 32 0 1.240672   # ieta [33], pt 0
32 16 16 16 32 1 1.187305
32 17 17 17 32 2 1.146696
32 18 18 18 32 3 1.102072
32 19 19 19 32 4 1.079414
32 20 20 20 32 5 1.072745
32 21 21 21 32 6 1.040282
32 22 22 22 32 7 1.023979
32 23 23 23 32 8 1.001783
32 24 24 24 32 9 0.991465
32 25 25 25 32 10 0.984092
32 26 26 26 32 11 0.976465
32 27 27 27 32 12 0.969986
32 28 28 28 32 13 0.965965
32 29 29 29 32 14 0.962488
32 30 30 30 32 15 0.958352
32 31 31 31 32 16 0.950568
32 32 32 32 32 17 0.942936
32 33 33 33 32 18 0.938840
32 34 34 34 32 19 0.935244
32 35 35 35 32 20 0.930964
32 36 36 36 32 21 0.929659
32 37 37 37 32 22 0.931157
32 38 38 38 32 23 0.930185
32 39 39 39 32 24 0.928253
32 40 40 40 32 25 0.928253
32 41 41 41 32 26 0.927064
32 42 42 42 32 27 0.926558
32 43 43 43 32 28 0.926586
32 44 44 44 32 29 0.926586
32 45 45 45 32 30 0.926586
32 46 46 46 32 31 0.926586
32 47 47 47 32 32 0.926586
32 48 48 48 32 33 0.926586
32 49 49 49 32 34 0.927753
32 50 50 50 32 35 0.927753
32 51 51 51 32 36 0.927409
32 52 52 52 32 37 0.927553
32 53 53 53 32 38 0.927960
32 54 54 54 32 39 0.928224
32 55 55 55 32 40 0.929932
32 56 56 56 32 41 0.927680
32 57 59 58 32 42 0.925946
32 60 61 61 32 43 0.925638
32 62 64 63 32 44 0.926691
32 65 68 67 32 45 0.926733
32 69 71 70 32 46 0.926733
32 72 75 74 32 47 0.925301
32 76 81 79 32 48 0.921814
32 82 84 83 32 49 0.920398
32 85 90 88 32 50 0.918943
32 91 96 94 32 51 0.917370
32 97 101 99 32 52 0.916018
32 102 107 105 32 53 0.914750
32 108 115 112 32 54 0.912729
32 116 121 119 32 55 0.910577
32 122 131 127 32 56 0.902073
32 132 141 137 32 57 0.900787
32 142 150 146 32 58 0.894791
32 151 164 158 32 59 0.888287
32 165 178 172 32 60 0.884284
32 179 195 187 32 61 0.882384
32 196 218 207 32 62 0.877820
32 219 255 237 32 63 0.892218
33 0 15 15 33 0 1.203433   # ieta [34], pt 0
33 16 16 16 33 1 1.151300
33 17 17 17 33 2 1.110690
33 18 18 18 33 3 1.077999
33 19 19 19 33 4 1.055340
33 20 20 20 33 5 1.049228
33 21 21 21 33 6 1.021432
33 22 22 22 33 7 1.011707
33 23 23 23 33 8 0.987794
33 24 24 24 33 9 0.977476
33 25 25 25 33 10 0.970103
33 26 26 26 33 11 0.962772
33 27 27 27 33 12 0.956467
33 28 28 28 33 13 0.952446
33 29 29 29 33 14 0.948970
33 30 30 30 33 15 0.944833
33 31 31 31 33 16 0.937050
33 32 32 32 33 17 0.926971
33 33 33 33 33 18 0.920710
33 34 34 34 33 19 0.910767
33 35 35 35 33 20 0.907117
33 36 36 36 33 21 0.904777
33 37 37 37 33 22 0.903305
33 38 38 38 33 23 0.903119
33 39 39 39 33 24 0.903367
33 40 40 40 33 25 0.903367
33 41 41 41 33 26 0.901798
33 42 42 42 33 27 0.901293
33 43 43 43 33 28 0.901321
33 44 44 44 33 29 0.901321
33 45 45 45 33 30 0.901321
33 46 46 46 33 31 0.901321
33 47 47 47 33 32 0.901321
33 48 48 48 33 33 0.901321
33 49 49 49 33 34 0.902488
33 50 50 50 33 35 0.902488
33 51 51 51 33 36 0.902322
33 52 52 52 33 37 0.902466
33 53 53 53 33 38 0.902873
33 54 54 54 33 39 0.903137
33 55 55 55 33 40 0.904378
33 56 56 56 33 41 0.902126
33 57 59 58 33 42 0.903131
33 60 61 61 33 43 0.904192
33 62 64 63 33 44 0.907484
33 65 68 67 33 45 0.907526
33 69 71 70 33 46 0.907526
33 72 75 74 33 47 0.906119
33 76 81 79 33 48 0.902339
33 82 84 83 33 49 0.900985
33 85 90 88 33 50 0.900025
33 91 96 94 33 51 0.898452
33 97 101 99 33 52 0.898521
33 102 107 105 33 53 0.897917
33 108 115 112 33 54 0.895595
33 116 121 119 33 55 0.893444
33 122 131 127 33 56 0.884940
33 132 141 137 33 57 0.883654
33 142 150 146 33 58 0.877657
33 151 164 158 33 59 0.871154
33 165 178 172 33 60 0.867151
33 179 195 187 33 61 0.865251
33 196 218 207 33 62 0.860686
33 219 255 237 33 63 0.875084
34 0 15 15 34 0 1.200550   # ieta [35], pt 0
34 16 16 16 34 1 1.148417
34 17 17 17 34 2 1.111134
34 18 18 18 34 3 1.080118
34 19 19 19 34 4 1.057459
34 20 20 20 34 5 1.051346
34 21 21 21 34 6 1.023550
34 22 22 22 34 7 1.013825
34 23 23 23 34 8 0.989912
34 24 24 24 34 9 0.979594
34 25 25 25 34 10 0.972221
34 26 26 26 34 11 0.964890
34 27 27 27 34 12 0.958585
34 28 28 28 34 13 0.954564
34 29 29 29 34 14 0.951088
34 30 30 30 34 15 0.946951
34 31 31 31 34 16 0.939168
34 32 32 32 34 17 0.929089
34 33 33 33 34 18 0.922662
34 34 34 34 34 19 0.912719
34 35 35 35 34 20 0.909069
34 36 36 36 34 21 0.906730
34 37 37 37 34 22 0.905257
34 38 38 38 34 23 0.905071
34 39 39 39 34 24 0.905320
34 40 40 40 34 25 0.905320
34 41 41 41 34 26 0.903751
34 42 42 42 34 27 0.903245
34 43 43 43 34 28 0.903274
34 44 44 44 34 29 0.903274
34 45 45 45 34 30 0.903274
34 46 46 46 34 31 0.903274
34 47 47 47 34 32 0.903274
34 48 48 48 34 33 0.903274
34 49 49 49 34 34 0.904441
34 50 50 50 34 35 0.904441
34 51 51 51 34 36 0.904274
34 52 52 52 34 37 0.904418
34 53 53 53 34 38 0.904825
34 54 54 54 34 39 0.905090
34 55 55 55 34 40 0.907267
34 56 56 56 34 41 0.905016
34 57 59 58 34 42 0.906020
34 60 61 61 34 43 0.907082
34 62 64 63 34 44 0.910373
34 65 68 67 34 45 0.910416
34 69 71 70 34 46 0.910416
34 72 75 74 34 47 0.908493
34 76 81 79 34 48 0.904540
34 82 84 83 34 49 0.903186
34 85 90 88 34 50 0.902226
34 91 96 94 34 51 0.900653
34 97 101 99 34 52 0.900722
34 102 107 105 34 53 0.899840
34 108 115 112 34 54 0.896963
34 116 121 119 34 55 0.894811
34 122 131 127 34 56 0.886307
34 132 141 137 34 57 0.885021
34 142 150 146 34 58 0.879766
34 151 164 158 34 59 0.873355
34 165 178 172 34 60 0.869352
34 179 195 187 34 61 0.867452
34 196 218 207 34 62 0.862846
34 219 255 237 34 63 0.876433
35 0 15 15 35 0 1.159699   # ieta [36], pt 0
35 16 16 16 35 1 1.112303
35 17 17 17 35 2 1.089037
35 18 18 18 35 3 1.070209
35 19 19 19 35 4 1.047550
35 20 20 20 35 5 1.040961
35 21 21 21 35 6 1.009696
35 22 22 22 35 7 0.994878
35 23 23 23 35 8 0.969206
35 24 24 24 35 9 0.958888
35 25 25 25 35 10 0.951028
35 26 26 26 35 11 0.943696
35 27 27 27 35 12 0.937218
35 28 28 28 35 13 0.933600
35 29 29 29 35 14 0.930124
35 30 30 30 35 15 0.925988
35 31 31 31 35 16 0.918204
35 32 32 32 35 17 0.903064
35 33 33 33 35 18 0.896637
35 34 34 34 35 19 0.883578
35 35 35 35 35 20 0.879928
35 36 36 36 35 21 0.871714
35 37 37 37 35 22 0.867136
35 38 38 38 35 23 0.865459
35 39 39 39 35 24 0.864965
35 40 40 40 35 25 0.864965
35 41 41 41 35 26 0.863709
35 42 42 42 35 27 0.862887
35 43 43 43 35 28 0.862915
35 44 44 44 35 29 0.862915
35 45 45 45 35 30 0.862915
35 46 46 46 35 31 0.862915
35 47 47 47 35 32 0.862915
35 48 48 48 35 33 0.862915
35 49 49 49 35 34 0.864425
35 50 50 50 35 35 0.864425
35 51 51 51 35 36 0.864258
35 52 52 52 35 37 0.864254
35 53 53 53 35 38 0.865352
35 54 54 54 35 39 0.865451
35 55 55 55 35 40 0.869243
35 56 56 56 35 41 0.863429
35 57 59 58 35 42 0.857183
35 60 61 61 35 43 0.850699
35 62 64 63 35 44 0.848891
35 65 68 67 35 45 0.849648
35 69 71 70 35 46 0.850511
35 72 75 74 35 47 0.852719
35 76 81 79 35 48 0.856429
35 82 84 83 35 49 0.856734
35 85 90 88 35 50 0.856107
35 91 96 94 35 51 0.858312
35 97 101 99 35 52 0.859320
35 102 107 105 35 53 0.859515
35 108 115 112 35 54 0.858301
35 116 121 119 35 55 0.856602
35 122 131 127 35 56 0.849149
35 132 141 137 35 57 0.847863
35 142 150 146 35 58 0.846564
35 151 164 158 35 59 0.840647
35 165 178 172 35 60 0.836644
35 179 195 187 35 61 0.834848
35 196 218 207 35 62 0.830963
35 219 255 237 35 63 0.837476
36 0 15 15 36 0 1.190529   # ieta [37], pt 0
36 16 16 16 36 1 1.139790
36 17 17 17 36 2 1.115654
36 18 18 18 36 3 1.093291
36 19 19 19 36 4 1.070632
36 20 20 20 36 5 1.066115
36 21 21 21 36 6 1.041885
36 22 22 22 36 7 1.027067
36 23 23 23 36 8 1.001395
36 24 24 24 36 9 0.991168
36 25 25 25 36 10 0.983307
36 26 26 26 36 11 0.976280
36 27 27 27 36 12 0.969801
36 28 28 28 36 13 0.966184
36 29 29 29 36 14 0.962707
36 30 30 30 36 15 0.958571
36 31 31 31 36 16 0.950787
36 32 32 32 36 17 0.935648
36 33 33 33 36 18 0.928462
36 34 34 34 36 19 0.917243
36 35 35 35 36 20 0.915107
36 36 36 36 36 21 0.913170
36 37 37 37 36 22 0.908978
36 38 38 38 36 23 0.905496
36 39 39 39 36 24 0.901800
36 40 40 40 36 25 0.901800
36 41 41 41 36 26 0.895693
36 42 42 42 36 27 0.894537
36 43 43 43 36 28 0.894565
36 44 44 44 36 29 0.893964
36 45 45 45 36 30 0.893964
36 46 46 46 36 31 0.893964
36 47 47 47 36 32 0.893964
36 48 48 48 36 33 0.893964
36 49 49 49 36 34 0.895474
36 50 50 50 36 35 0.895474
36 51 51 51 36 36 0.894148
36 52 52 52 36 37 0.894144
36 53 53 53 36 38 0.893732
36 54 54 54 36 39 0.893831
36 55 55 55 36 40 0.895970
36 56 56 56 36 41 0.892023
36 57 59 58 36 42 0.890458
36 60 61 61 36 43 0.888277
36 62 64 63 36 44 0.888187
36 65 68 67 36 45 0.888456
36 69 71 70 36 46 0.888921
36 72 75 74 36 47 0.888313
36 76 81 79 36 48 0.887743
36 82 84 83 36 49 0.887126
36 85 90 88 36 50 0.886300
36 91 96 94 36 51 0.885748
36 97 101 99 36 52 0.885828
36 102 107 105 36 53 0.886023
36 108 115 112 36 54 0.884809
36 116 121 119 36 55 0.883110
36 122 131 127 36 56 0.875657
36 132 141 137 36 57 0.874371
36 142 150 146 36 58 0.870675
36 151 164 158 36 59 0.864459
36 165 178 172 36 60 0.860456
36 179 195 187 36 61 0.858660
36 196 218 207 36 62 0.854775
36 219 255 237 36 63 0.861288
37 0 15 15 37 0 1.231960   # ieta [38], pt 0
37 16 16 16 37 1 1.179890
37 17 17 17 37 2 1.145868
37 18 18 18 37 3 1.121182
37 19 19 19 37 4 1.098523
37 20 20 20 37 5 1.094299
37 21 21 21 37 6 1.066869
37 22 22 22 37 7 1.064489
37 23 23 23 37 8 1.044894
37 24 24 24 37 9 1.040658
37 25 25 25 37 10 1.035318
37 26 26 26 37 11 1.028290
37 27 27 27 37 12 1.020865
37 28 28 28 37 13 1.017248
37 29 29 29 37 14 1.013772
37 30 30 30 37 15 1.015057
37 31 31 31 37 16 1.005810
37 32 32 32 37 17 0.991560
37 33 33 33 37 18 0.984374
37 34 34 34 37 19 0.977958
37 35 35 35 37 20 0.980715
37 36 36 36 37 21 0.973375
37 37 37 37 37 22 0.963893
37 38 38 38 37 23 0.959350
37 39 39 39 37 24 0.955211
37 40 40 40 37 25 0.955211
37 41 41 41 37 26 0.947347
37 42 42 42 37 27 0.946842
37 43 43 43 37 28 0.946870
37 44 44 44 37 29 0.945531
37 45 45 45 37 30 0.943642
37 46 46 46 37 31 0.943642
37 47 47 47 37 32 0.943642
37 48 48 48 37 33 0.943642
37 49 49 49 37 34 0.945152
37 50 50 50 37 35 0.945152
37 51 51 51 37 36 0.943826
37 52 52 52 37 37 0.943822
37 53 53 53 37 38 0.941881
37 54 54 54 37 39 0.941980
37 55 55 55 37 40 0.934664
37 56 56 56 37 41 0.930716
37 57 59 58 37 42 0.929151
37 60 61 61 37 43 0.926828
37 62 64 63 37 44 0.926483
37 65 68 67 37 45 0.926525
37 69 71 70 37 46 0.926525
37 72 75 74 37 47 0.919100
37 76 81 79 37 48 0.910212
37 82 84 83 37 49 0.911740
37 85 90 88 37 50 0.907135
37 91 96 94 37 51 0.906231
37 97 101 99 37 52 0.902147
37 102 107 105 37 53 0.896274
37 108 115 112 37 54 0.895623
37 116 121 119 37 55 0.895326
37 122 131 127 37 56 0.884956
37 132 141 137 37 57 0.876864
37 142 150 146 37 58 0.866094
37 151 164 158 37 59 0.858993
37 165 178 172 37 60 0.854990
37 179 195 187 37 61 0.853195
37 196 218 207 37 62 0.849309
37 219 255 237 37 63 0.856915
38 0 15 15 38 0 1.600196   # ieta [39], pt 0
38 16 16 16 38 1 1.531608
38 17 17 17 38 2 1.442195
38 18 18 18 38 3 1.390343
38 19 19 19 38 4 1.340703
38 20 20 20 38 5 1.345200
38 21 21 21 38 6 1.320078
38 22 22 22 38 7 1.293614
38 23 23 23 38 8 1.286728
38 24 24 24 38 9 1.225547
38 25 25 25 38 10 1.180692
38 26 26 26 38 11 1.161141
38 27 27 27 38 12 1.160382
38 28 28 28 38 13 1.157681
38 29 29 29 38 14 1.125724
38 30 30 30 38 15 1.111448
38 31 31 31 38 16 1.092474
38 32 32 32 38 17 1.065318
38 33 33 33 38 18 1.053666
38 34 34 34 38 19 1.047127
38 35 35 35 38 20 1.047884
38 36 36 36 38 21 1.031475
38 37 37 37 38 22 1.021992
38 38 38 38 38 23 1.010696
38 39 39 39 38 24 0.993319
38 40 40 40 38 25 0.993319
38 41 41 41 38 26 0.984794
38 42 42 42 38 27 0.985127
38 43 43 43 38 28 0.985155
38 44 44 44 38 29 0.983816
38 45 45 45 38 30 0.981010
38 46 46 46 38 31 0.978057
38 47 47 47 38 32 0.978057
38 48 48 48 38 33 0.978057
38 49 49 49 38 34 0.978728
38 50 50 50 38 35 0.978728
38 51 51 51 38 36 0.978219
38 52 52 52 38 37 0.978215
38 53 53 53 38 38 0.976273
38 54 54 54 38 39 0.976372
38 55 55 55 38 40 0.968650
38 56 56 56 38 41 0.964703
38 57 59 58 38 42 0.963138
38 60 61 61 38 43 0.960814
38 62 64 63 38 44 0.960469
38 65 68 67 38 45 0.960512
38 69 71 70 38 46 0.960512
38 72 75 74 38 47 0.953302
38 76 81 79 38 48 0.945058
38 82 84 83 38 49 0.946587
38 85 90 88 38 50 0.941981
38 91 96 94 38 51 0.941077
38 97 101 99 38 52 0.936993
38 102 107 105 38 53 0.931121
38 108 115 112 38 54 0.930469
38 116 121 119 38 55 0.930172
38 122 131 127 38 56 0.919803
38 132 141 137 38 57 0.911711
38 142 150 146 38 58 0.900940
38 151 164 158 38 59 0.893840
38 165 178 172 38 60 0.889837
38 179 195 187 38 61 0.888041
38 196 218 207 38 62 0.884156
38 219 255 237 38 63 0.891761
39 0 15 15 39 0 1.761365   # ieta [40], pt 0
39 16 16 16 39 1 1.656995
39 17 17 17 39 2 1.567582
39 18 18 18 39 3 1.515730
39 19 19 19 39 4 1.437235
39 20 20 20 39 5 1.425785
39 21 21 21 39 6 1.382260
39 22 22 22 39 7 1.348661
39 23 23 23 39 8 1.337939
39 24 24 24 39 9 1.285862
39 25 25 25 39 10 1.243626
39 26 26 26 39 11 1.225040
39 27 27 27 39 12 1.224282
39 28 28 28 39 13 1.221581
39 29 29 29 39 14 1.189624
39 30 30 30 39 15 1.189584
39 31 31 31 39 16 1.170611
39 32 32 32 39 17 1.151777
39 33 33 33 39 18 1.143469
39 34 34 34 39 19 1.132401
39 35 35 35 39 20 1.131102
39 36 36 36 39 21 1.110454
39 37 37 37 39 22 1.100971
39 38 38 38 39 23 1.089739
39 39 39 39 39 24 1.076553
39 40 40 40 39 25 1.076553
39 41 41 41 39 26 1.065280
39 42 42 42 39 27 1.065613
39 43 43 43 39 28 1.065641
39 44 44 44 39 29 1.064578
39 45 45 45 39 30 1.061772
39 46 46 46 39 31 1.058819
39 47 47 47 39 32 1.058819
39 48 48 48 39 33 1.058819
39 49 49 49 39 34 1.035636
39 50 50 50 39 35 1.023892
39 51 51 51 39 36 1.032915
39 52 52 52 39 37 1.032911
39 53 53 53 39 38 1.028416
39 54 54 54 39 39 1.028515
39 55 55 55 39 40 1.020441
39 56 56 56 39 41 1.016494
39 57 59 58 39 42 1.014510
39 60 61 61 39 43 1.011349
39 62 64 63 39 44 1.011004
39 65 68 67 39 45 1.011047
39 69 71 70 39 46 1.011047
39 72 75 74 39 47 1.004161
39 76 81 79 39 48 0.996893
39 82 84 83 39 49 0.998421
39 85 90 88 39 50 0.993815
39 91 96 94 39 51 0.992911
39 97 101 99 39 52 0.989232
39 102 107 105 39 53 0.983630
39 108 115 112 39 54 0.982979
39 116 121 119 39 55 0.982681
39 122 131 127 39 56 0.972312
39 132 141 137 39 57 0.964220
39 142 150 146 39 58 0.953450
39 151 164 158 39 59 0.946350
39 165 178 172 39 60 0.942346
39 179 195 187 39 61 0.940551
39 196 218 207 39 62 0.937377
39 219 255 237 39 63 0.944944
