# address to addend+multiplicative factor LUT
# maps 11 bits to 18 bits
# 18 bits = (addend<<10) + multiplier)
# addend is signed 8 bits, multiplier is 10 bits
# anything after # is ignored with the exception of the header
# the header is first valid line starting with #<header> versionStr nrBitsAddress nrBitsData </header>
#<header> v1 12 18 </header>
0 2045  # compresses ieta bin 0, pt 0
1 1016
2 1002
3 1003
4 991
5 980
6 970
7 962
8 963
9 945
10 939
11 932
12 925
13 919
14 914
15 909
16 905
17 900
18 896
19 885
20 882
21 873
22 868
23 860
24 857
25 856
26 853
27 851
28 843
29 836
30 834
31 832
32 825
33 820
34 818
35 812
36 811
37 810
38 805
39 804
40 799
41 798
42 793
43 783
44 779
45 766
46 759
47 753
48 744
49 739
50 729
51 721
52 715
53 709
54 701
55 694
56 685
57 678
58 671
59 664
60 656
61 648
62 641
63 632
16 2043  # compresses ieta bin 1, pt 0
17 1016
18 1002
19 1003
20 980
21 980
22 970
23 961
24 954
25 944
26 939
27 932
28 925
29 920
30 915
31 909
16 905
17 900
18 896
19 886
20 882
21 878
22 868
23 860
24 857
25 861
26 853
27 851
28 843
29 841
30 834
31 832
48 826
49 824
50 818
51 813
52 811
53 810
54 805
55 804
56 799
57 798
58 793
59 787
60 779
61 767
62 763
63 753
48 747
49 739
50 729
51 723
52 715
53 709
54 701
55 694
56 687
57 680
58 673
59 665
60 657
61 650
62 643
63 635
32 2047  # compresses ieta bin 2, pt 0
33 2044
34 1018
35 1017
36 993
37 992
38 982
39 973
40 964
41 955
42 948
43 941
44 934
45 928
46 923
47 918
48 913
49 908
50 897
51 892
52 889
53 879
54 875
55 866
56 863
57 861
58 859
59 857
60 849
61 842
62 839
63 838
32 831
33 825
34 823
35 817
36 817
37 815
38 814
39 808
40 808
41 803
42 797
43 791
44 783
45 774
46 766
47 756
48 750
49 742
50 735
51 726
52 718
53 711
54 705
55 696
56 689
57 682
58 675
59 667
60 660
61 653
62 645
63 636
48 2047  # compresses ieta bin 3, pt 0
49 2047
50 2045
51 1018
52 1005
53 1005
54 994
55 984
56 975
57 965
58 959
59 952
60 944
61 938
62 940
63 927
48 921
49 916
50 912
51 900
52 896
53 885
54 876
55 873
56 870
57 868
58 859
59 857
60 855
61 848
62 845
63 843
48 836
49 830
50 828
51 823
52 822
53 820
54 815
55 813
56 808
57 807
58 801
59 796
60 787
61 778
62 770
63 760
48 754
49 745
50 737
51 729
52 720
53 714
54 708
55 701
56 693
57 683
58 676
59 669
60 662
61 655
62 646
63 637
64 2047  # compresses ieta bin 4, pt 0
65 3071
66 3071
67 2047
68 1017
69 1018
70 1006
71 995
72 985
73 976
74 968
75 960
76 953
77 947
78 941
79 935
80 929
81 924
82 913
83 908
84 903
85 893
86 883
87 879
88 877
89 874
90 865
91 863
92 861
93 853
94 851
95 844
96 842
97 836
98 833
99 828
100 827
101 825
102 819
103 818
104 813
105 812
106 806
107 800
108 791
109 782
110 774
111 763
112 757
113 748
114 740
115 731
116 723
117 716
118 710
119 703
120 695
121 687
122 680
123 672
124 665
125 658
126 649
127 639
80 2047  # compresses ieta bin 5, pt 0
81 3071
82 3071
83 3071
84 1019
85 1018
86 1006
87 996
88 987
89 977
90 970
91 970
92 954
93 955
94 949
95 936
80 930
81 924
82 920
83 915
84 904
85 900
86 889
87 886
88 883
89 880
90 871
91 869
92 861
93 859
94 857
95 849
112 847
113 840
114 839
115 833
116 836
117 830
118 824
119 823
120 822
121 817
122 811
123 804
124 795
125 786
126 777
127 770
112 760
113 751
114 743
115 734
116 728
117 721
118 712
119 705
120 697
121 689
122 682
123 675
124 668
125 659
126 650
127 640
96 2047  # compresses ieta bin 6, pt 0
97 3071
98 3071
99 2047
100 1019
101 1018
102 1006
103 997
104 996
105 977
106 978
107 970
108 954
109 955
110 949
111 943
112 931
113 924
114 920
115 915
116 904
117 901
118 896
119 887
120 883
121 881
122 871
123 869
124 867
125 859
126 857
127 855
96 848
97 845
98 839
99 837
100 836
101 830
102 828
103 823
104 822
105 821
106 815
107 804
108 795
109 786
110 777
111 770
112 760
113 751
114 743
115 734
116 728
117 721
118 712
119 705
120 697
121 689
122 682
123 675
124 668
125 659
126 650
127 640
112 2047  # compresses ieta bin 7, pt 0
113 4095
114 4095
115 3071
116 2047
117 2047
118 1018
119 1008
120 998
121 987
122 980
123 980
124 964
125 965
126 958
127 945
112 938
113 932
114 927
115 923
116 918
117 907
118 897
119 893
120 884
121 887
122 878
123 875
124 867
125 859
126 857
127 855
112 848
113 845
114 844
115 837
116 836
117 834
118 828
119 823
120 822
121 821
122 815
123 804
124 799
125 789
126 781
127 773
112 763
113 754
114 746
115 737
116 731
117 723
118 715
119 707
120 699
121 691
122 683
123 677
124 669
125 661
126 651
127 642
128 2047  # compresses ieta bin 8, pt 0
129 5119
130 5119
131 4095
132 3071
133 3071
134 2047
135 1019
136 1009
137 997
138 989
139 982
140 973
141 974
142 960
143 952
144 946
145 940
146 935
147 924
148 918
149 908
150 903
151 894
152 890
153 887
154 878
155 875
156 867
157 864
158 857
159 855
160 853
161 845
162 844
163 838
164 841
165 834
166 833
167 827
168 826
169 821
170 819
171 808
172 799
173 789
174 785
175 777
176 766
177 757
178 749
179 740
180 733
181 723
182 717
183 709
184 701
185 693
186 685
187 677
188 669
189 662
190 652
191 642
144 2047  # compresses ieta bin 9, pt 0
145 5119
146 5119
147 4095
148 4095
149 3071
150 2047
151 1019
152 1009
153 997
154 999
155 990
156 973
157 974
158 967
159 960
144 946
145 940
146 935
147 930
148 925
149 915
150 910
151 900
152 896
153 899
154 884
155 881
156 879
157 870
158 868
159 861
176 858
177 856
178 854
179 847
180 846
181 839
182 838
183 832
184 831
185 830
186 819
187 812
188 803
189 793
190 788
191 780
176 770
177 760
178 752
179 745
180 736
181 728
182 719
183 711
184 705
185 695
186 687
187 680
188 671
189 663
190 654
191 644
160 2047  # compresses ieta bin 10, pt 0
161 5119
162 5119
163 5119
164 4095
165 4095
166 3071
167 2047
168 1020
169 1008
170 1001
171 1000
172 983
173 983
174 976
175 969
176 955
177 949
178 944
179 938
180 933
181 928
182 917
183 907
184 903
185 900
186 890
187 887
188 885
189 876
190 874
191 871
160 869
161 862
162 860
163 854
164 856
165 849
166 848
167 842
168 840
169 835
170 828
171 821
172 811
173 801
174 796
175 784
176 773
177 766
178 758
179 750
180 744
181 735
182 726
183 718
184 709
185 700
186 692
187 683
188 675
189 668
190 659
191 649
176 2047  # compresses ieta bin 11, pt 0
177 7167
178 7167
179 7167
180 6143
181 6143
182 5119
183 5119
184 4095
185 3071
186 2047
187 1019
188 1012
189 1010
190 994
191 986
176 979
177 972
178 966
179 960
180 955
181 943
182 938
183 927
184 922
185 919
186 909
187 906
188 896
189 893
190 886
191 882
176 880
177 872
178 870
179 863
180 861
181 859
182 857
183 851
184 850
185 848
186 841
187 829
188 819
189 816
190 807
191 798
176 786
177 776
178 767
179 759
180 749
181 743
182 733
183 724
184 717
185 708
186 699
187 691
188 683
189 674
190 665
191 655
192 2047  # compresses ieta bin 12, pt 0
193 10239
194 9215
195 9215
196 8191
197 8191
198 8191
199 7167
200 7167
201 6143
202 5119
203 4095
204 4095
205 3071
206 2046
207 1012
208 1005
209 996
210 989
211 984
212 977
213 971
214 958
215 954
216 942
217 938
218 934
219 930
220 920
221 917
222 908
223 905
224 902
225 894
226 896
227 888
228 886
229 879
230 877
231 870
232 868
233 866
234 859
235 850
236 844
237 831
238 825
239 811
240 802
241 791
242 784
243 772
244 764
245 755
246 747
247 739
248 729
249 719
250 710
251 701
252 692
253 683
254 674
255 663
208 2047  # compresses ieta bin 13, pt 0
209 12287
210 12287
211 12287
212 11263
213 12287
214 11263
215 10239
216 10239
217 8191
218 8191
219 7167
220 6143
221 6143
222 5119
223 3071
208 3071
209 1021
210 1014
211 1013
212 999
213 993
214 986
215 981
216 968
217 964
218 959
219 960
220 950
221 946
222 936
223 932
240 929
241 920
242 917
243 914
244 911
245 903
246 901
247 894
248 892
249 885
250 876
251 871
252 860
253 851
254 840
255 829
240 818
241 810
242 799
243 786
244 777
245 769
246 758
247 748
248 741
249 732
250 722
251 712
252 702
253 692
254 685
255 674
224 2047  # compresses ieta bin 14, pt 0
225 13311
226 13311
227 13311
228 13311
229 13311
230 12287
231 12287
232 11263
233 11263
234 10239
235 9215
236 8191
237 8191
238 7167
239 6143
240 5119
241 4095
242 3071
243 3071
244 1021
245 1020
246 1007
247 1001
248 995
249 989
250 984
251 985
252 974
253 963
254 959
255 955
224 945
225 936
226 933
227 929
228 926
229 923
230 916
231 909
232 906
233 903
234 894
235 888
236 880
237 866
238 858
239 846
240 835
241 822
242 810
243 799
244 790
245 782
246 772
247 763
248 751
249 739
250 732
251 722
252 711
253 703
254 693
255 681
240 2047  # compresses ieta bin 15, pt 0
241 16383
242 16383
243 16383
244 16383
245 16383
246 16383
247 15359
248 15359
249 14335
250 14335
251 13311
252 12287
253 11263
254 11263
255 11263
240 10239
241 8191
242 7167
243 7167
244 6143
245 5119
246 4095
247 4095
248 2047
249 2046
250 1021
251 1021
252 1010
253 1004
254 999
255 994
240 989
241 984
242 980
243 975
244 972
245 967
246 964
247 960
248 957
249 949
250 943
251 934
252 925
253 912
254 902
255 891
240 877
241 868
242 857
243 846
244 834
245 823
246 813
247 804
248 800
249 788
250 776
251 766
252 756
253 746
254 739
255 730
256 2047  # compresses ieta bin 16, pt 0
257 18431
258 18431
259 18431
260 18431
261 18431
262 18431
263 18431
264 17407
265 17407
266 16383
267 15359
268 14335
269 14335
270 14335
271 13311
272 12287
273 10239
274 9215
275 9215
276 7167
277 7167
278 6143
279 5119
280 4095
281 3071
282 3071
283 2047
284 1021
285 1016
286 1005
287 999
288 994
289 989
290 985
291 981
292 977
293 972
294 969
295 965
296 961
297 958
298 947
299 938
300 929
301 916
302 905
303 894
304 883
305 871
306 860
307 848
308 837
309 826
310 815
311 806
312 802
313 790
314 778
315 767
316 757
317 747
318 739
319 729
272 2047  # compresses ieta bin 17, pt 0
273 14335
274 14335
275 14335
276 13311
277 13311
278 12287
279 12287
280 11263
281 10239
282 10239
283 9215
284 8191
285 7167
286 6143
287 5119
272 4095
273 3071
274 1021
275 1020
276 1013
277 1006
278 994
279 994
280 982
281 976
282 971
283 967
284 956
285 952
286 948
287 944
304 934
305 926
306 923
307 919
308 916
309 908
310 906
311 898
312 896
313 889
314 881
315 871
316 864
317 851
318 843
319 829
304 818
305 810
306 799
307 789
308 780
309 772
310 763
311 754
312 741
313 728
314 720
315 711
316 701
317 691
318 682
319 669
288 2047  # compresses ieta bin 18, pt 0
289 14335
290 13311
291 13311
292 12287
293 13311
294 12287
295 11263
296 10239
297 9215
298 9215
299 8191
300 6143
301 6143
302 5119
303 3071
304 3071
305 1020
306 1013
307 1006
308 999
309 992
310 986
311 980
312 968
313 963
314 959
315 954
316 944
317 940
318 930
319 927
288 918
289 910
290 908
291 904
292 901
293 894
294 892
295 884
296 882
297 876
298 868
299 855
300 848
301 835
302 825
303 815
304 802
305 794
306 784
307 775
308 764
309 755
310 744
311 735
312 723
313 711
314 703
315 693
316 683
317 674
318 664
319 652
304 2047  # compresses ieta bin 19, pt 0
305 14335
306 13311
307 13311
308 12287
309 12287
310 11263
311 11263
312 10239
313 9215
314 8191
315 7167
316 5119
317 4095
318 4095
319 2047
304 1020
305 1012
306 997
307 998
308 984
309 979
310 972
311 968
312 955
313 951
314 946
315 942
316 932
317 928
318 919
319 916
304 907
305 900
306 897
307 889
308 891
309 884
310 882
311 875
312 873
313 866
314 859
315 850
316 844
317 831
318 821
319 811
304 799
305 791
306 784
307 772
308 764
309 752
310 742
311 733
312 723
313 711
314 701
315 691
316 681
317 673
318 664
319 652
320 2047  # compresses ieta bin 20, pt 0
321 16383
322 15359
323 15359
324 14335
325 14335
326 13311
327 12287
328 11263
329 10239
330 9215
331 8191
332 6143
333 5119
334 4095
335 3071
336 2047
337 1012
338 1005
339 998
340 991
341 979
342 972
343 968
344 955
345 951
346 946
347 942
348 932
349 928
350 919
351 916
352 907
353 900
354 897
355 889
356 891
357 884
358 882
359 875
360 873
361 866
362 859
363 850
364 840
365 831
366 821
367 811
368 799
369 788
370 781
371 769
372 762
373 750
374 740
375 731
376 721
377 710
378 699
379 690
380 680
381 672
382 662
383 651
336 2047  # compresses ieta bin 21, pt 0
337 14335
338 14335
339 13311
340 12287
341 12287
342 11263
343 10239
344 9215
345 8191
346 6143
347 5119
348 3071
349 2047
350 1020
351 1011
336 1004
337 988
338 975
339 975
340 963
341 957
342 951
343 947
344 936
345 931
346 928
347 924
348 914
349 911
350 902
351 899
368 891
369 888
370 881
371 878
372 876
373 869
374 867
375 861
376 859
377 857
378 850
379 842
380 831
381 820
382 807
383 798
368 786
369 776
370 764
371 753
372 744
373 735
374 724
375 716
376 707
377 696
378 689
379 678
380 669
381 661
382 650
383 640
352 2047  # compresses ieta bin 22, pt 0
353 11263
354 11263
355 10239
356 9215
357 8191
358 7167
359 6143
360 5119
361 4095
362 3071
363 2043
364 1010
365 1001
366 993
367 977
368 971
369 956
370 944
371 945
372 933
373 935
374 924
375 920
376 909
377 906
378 903
379 899
380 891
381 888
382 879
383 872
352 869
353 861
354 860
355 853
356 851
357 845
358 843
359 837
360 836
361 830
362 819
363 817
364 803
365 793
366 781
367 770
368 763
369 751
370 746
371 731
372 723
373 713
374 705
375 696
376 691
377 683
378 675
379 667
380 657
381 647
382 638
383 628
368 2044  # compresses ieta bin 23, pt 0
369 1003
370 1001
371 989
372 953
373 954
374 945
375 925
376 909
377 912
378 907
379 891
380 888
381 882
382 878
383 867
368 863
369 860
370 850
371 847
372 839
373 837
374 834
375 832
376 825
377 829
378 822
379 821
380 819
381 812
382 801
383 799
368 798
369 792
370 792
371 782
372 781
373 780
374 776
375 770
376 766
377 762
378 758
379 754
380 746
381 740
382 730
383 722
368 715
369 708
370 700
371 693
372 687
373 682
374 676
375 668
376 665
377 657
378 648
379 641
380 634
381 626
382 617
383 608
384 1015  # compresses ieta bin 24, pt 0
385 987
386 973
387 963
388 950
389 941
390 923
391 915
392 907
393 892
394 887
395 882
396 877
397 873
398 870
399 858
400 855
401 845
402 842
403 840
404 838
405 829
406 827
407 825
408 818
409 817
410 815
411 814
412 807
413 800
414 794
415 793
416 787
417 781
418 781
419 776
420 776
421 775
422 770
423 766
424 761
425 757
426 753
427 750
428 742
429 736
430 726
431 718
432 708
433 702
434 694
435 685
436 679
437 672
438 667
439 660
440 655
441 650
442 641
443 635
444 626
445 620
446 612
447 604
400 1015  # compresses ieta bin 25, pt 0
401 987
402 971
403 962
404 950
405 941
406 921
407 914
408 897
409 891
410 886
411 872
412 869
413 865
414 862
415 851
400 847
401 844
402 834
403 832
404 830
405 821
406 820
407 813
408 811
409 810
410 803
411 802
412 795
413 789
414 777
415 777
432 771
433 766
434 771
435 761
436 761
437 761
438 757
439 752
440 747
441 743
442 735
443 733
444 726
445 721
446 715
447 704
432 698
433 689
434 682
435 671
436 666
437 657
438 651
439 645
440 638
441 633
442 625
443 618
444 611
445 606
446 598
447 590
416 2047  # compresses ieta bin 26, pt 0
417 2047
418 1016
419 1003
420 977
421 944
422 933
423 925
424 907
425 893
426 887
427 874
428 877
429 873
430 870
431 858
432 847
433 844
434 834
435 832
436 830
437 821
438 814
439 812
440 805
441 804
442 803
443 796
444 789
445 783
446 772
447 771
416 766
417 761
418 765
419 756
420 756
421 751
422 747
423 738
424 733
425 729
426 722
427 716
428 714
429 705
430 697
431 690
432 679
433 674
434 668
435 655
436 643
437 633
438 625
439 619
440 612
441 609
442 601
443 596
444 590
445 584
446 577
447 569
432 930  # compresses ieta bin 27, pt 0
433 888
434 866
435 861
436 830
437 826
438 811
439 799
440 787
441 775
442 773
443 763
444 763
445 763
446 755
447 755
432 749
433 748
434 749
435 742
436 743
437 736
438 731
439 731
440 732
441 733
442 728
443 723
444 724
445 719
446 714
447 711
432 711
433 707
434 708
435 699
436 700
437 697
438 693
439 690
440 687
441 688
442 678
443 674
444 673
445 667
446 660
447 649
432 643
433 637
434 627
435 617
436 612
437 604
438 596
439 591
440 584
441 579
442 573
443 568
444 562
445 555
446 549
447 541
448 761  # compresses ieta bin 28, pt 0
449 729
450 715
451 690
452 681
453 662
454 653
455 636
456 640
457 626
458 630
459 635
460 631
461 635
462 631
463 627
464 624
465 620
466 617
467 621
468 618
469 615
470 614
471 617
472 614
473 618
474 615
475 613
476 611
477 614
478 612
479 610
480 608
481 605
482 604
483 607
484 605
485 603
486 602
487 601
488 598
489 601
490 598
491 598
492 596
493 598
494 595
495 594
496 595
497 588
498 586
499 582
500 576
501 570
502 568
503 565
504 562
505 556
506 552
507 550
508 549
509 543
510 540
511 533
464 691  # compresses ieta bin 29, pt 0
465 648
466 627
467 607
468 600
469 584
470 567
471 565
472 551
473 539
474 529
475 537
476 536
477 535
478 535
479 535
464 534
465 532
466 524
467 524
468 523
469 523
470 522
471 522
472 522
473 522
474 522
475 522
476 521
477 521
478 521
479 521
496 520
497 520
498 520
499 520
500 520
501 519
502 519
503 519
504 519
505 519
506 519
507 519
508 519
509 518
510 518
511 517
496 517
497 514
498 511
499 511
500 508
501 506
502 507
503 505
504 501
505 500
506 499
507 499
508 498
509 496
510 493
511 490
480 642  # compresses ieta bin 30, pt 0
481 616
482 595
483 576
484 559
485 557
486 533
487 530
488 518
489 509
490 507
491 508
492 508
493 509
494 509
495 509
496 508
497 508
498 502
499 501
500 495
501 495
502 496
503 495
504 496
505 496
506 497
507 497
508 498
509 498
510 498
511 498
480 494
481 494
482 495
483 494
484 494
485 495
486 495
487 496
488 497
489 496
490 497
491 498
492 498
493 499
494 500
495 500
496 501
497 501
498 499
499 497
500 498
501 496
502 495
503 496
504 493
505 491
506 490
507 489
508 489
509 488
510 486
511 482
496 606  # compresses ieta bin 31, pt 0
497 584
498 553
499 534
500 519
501 518
502 506
503 497
504 485
505 485
506 477
507 470
508 470
509 463
510 464
511 458
496 459
497 452
498 446
499 441
500 435
501 437
502 433
503 435
504 437
505 439
506 441
507 442
508 438
509 440
510 441
511 438
496 439
497 440
498 442
499 439
500 439
501 441
502 438
503 439
504 441
505 441
506 444
507 443
508 445
509 446
510 448
511 452
496 455
497 455
498 455
499 454
500 457
501 457
502 459
503 458
504 455
505 454
506 454
507 453
508 452
509 451
510 448
511 447
512 642  # compresses ieta bin 32, pt 0
513 616
514 595
515 576
516 559
517 557
518 543
519 530
520 518
521 517
522 507
523 507
524 499
525 498
526 499
527 499
528 492
529 485
530 485
531 486
532 479
533 480
534 481
535 482
536 477
537 477
538 478
539 479
540 480
541 480
542 476
543 476
544 477
545 477
546 478
547 479
548 479
549 476
550 477
551 477
552 478
553 478
554 475
555 477
556 478
557 476
558 478
559 476
560 475
561 473
562 473
563 470
564 470
565 470
566 468
567 468
568 463
569 463
570 459
571 456
572 453
573 453
574 450
575 457
528 624  # compresses ieta bin 33, pt 0
529 600
530 580
531 562
532 546
533 544
534 531
535 530
536 508
537 507
538 507
539 498
540 498
541 490
542 490
543 491
528 483
529 477
530 477
531 471
532 466
533 466
534 467
535 468
536 464
537 465
538 466
539 467
540 468
541 463
542 464
543 465
560 466
561 467
562 463
563 464
564 464
565 465
566 466
567 467
568 464
569 464
570 466
571 464
572 466
573 468
574 467
575 466
560 465
561 464
562 461
563 462
564 462
565 462
566 461
567 460
568 455
569 454
570 450
571 447
572 445
573 444
574 441
575 449
544 623  # compresses ieta bin 34, pt 0
545 600
546 580
547 562
548 547
549 544
550 531
551 530
552 518
553 507
554 507
555 498
556 498
557 491
558 490
559 491
560 484
561 477
562 477
563 471
564 472
565 467
566 467
567 468
568 470
569 465
570 466
571 467
572 468
573 464
574 464
575 465
544 466
545 467
546 468
547 464
548 464
549 465
550 466
551 467
552 468
553 465
554 466
555 468
556 470
557 468
558 467
559 466
560 465
561 464
562 464
563 462
564 462
565 462
566 461
567 460
568 455
569 454
570 452
571 448
572 446
573 444
574 442
575 449
560 606  # compresses ieta bin 35, pt 0
561 584
562 565
563 562
564 546
565 544
566 520
567 518
568 506
569 496
570 497
571 488
572 489
573 481
574 481
575 482
560 475
561 468
562 462
563 456
564 457
565 452
566 446
567 448
568 444
569 445
570 447
571 443
572 444
573 445
574 447
575 443
560 444
561 445
562 447
563 444
564 444
565 446
566 447
567 444
568 449
569 446
570 440
571 439
572 437
573 438
574 437
575 438
560 439
561 440
562 441
563 440
564 441
565 441
566 440
567 440
568 437
569 435
570 434
571 432
572 430
573 428
574 426
575 429
576 623  # compresses ieta bin 36, pt 0
577 587
578 580
579 564
580 559
581 557
582 543
583 530
584 518
585 517
586 507
587 507
588 499
589 498
590 499
591 499
592 492
593 484
594 478
595 472
596 472
597 473
598 468
599 468
600 464
601 464
602 460
603 461
604 462
605 463
606 459
607 459
608 460
609 461
610 462
611 463
612 459
613 460
614 461
615 462
616 463
617 460
618 457
619 456
620 458
621 457
622 456
623 455
624 455
625 455
626 455
627 456
628 454
629 455
630 454
631 453
632 449
633 450
634 447
635 443
636 442
637 440
638 439
639 441
592 640  # compresses ieta bin 37, pt 0
593 616
594 595
595 579
596 573
597 570
598 555
599 553
600 540
601 539
602 538
603 529
604 526
605 526
606 525
607 525
592 517
593 509
594 508
595 508
596 508
597 501
598 496
599 495
600 496
601 491
602 491
603 491
604 486
605 486
606 487
607 487
624 488
625 488
626 489
627 489
628 485
629 485
630 486
631 486
632 482
633 478
634 479
635 477
636 478
637 476
638 478
639 472
624 468
625 467
626 467
627 464
628 464
629 460
630 461
631 460
632 455
633 450
634 445
635 440
636 439
637 438
638 436
639 439
608 828  # compresses ieta bin 38, pt 0
609 792
610 745
611 719
612 694
613 698
614 679
615 669
616 663
617 635
618 610
619 597
620 602
621 599
622 579
623 576
624 566
625 548
626 547
627 539
628 539
629 531
630 529
631 522
632 510
633 510
634 509
635 509
636 509
637 509
638 504
639 504
608 504
609 504
610 504
611 504
612 504
613 505
614 501
615 501
616 501
617 496
618 497
619 494
620 494
621 495
622 492
623 490
624 485
625 486
626 484
627 484
628 482
629 479
630 477
631 477
632 473
633 469
634 462
635 458
636 456
637 455
638 453
639 457
624 913  # compresses ieta bin 39, pt 0
625 856
626 808
627 790
628 748
629 736
630 714
631 694
632 696
633 667
634 641
635 635
636 631
637 628
638 614
639 612
624 607
625 596
626 587
627 584
628 582
629 572
630 565
631 563
632 555
633 554
634 547
635 552
636 551
637 550
638 549
639 544
624 548
625 547
626 531
627 526
628 530
629 530
630 529
631 529
632 524
633 524
634 523
635 519
636 519
637 518
638 521
639 517
624 514
625 514
626 511
627 511
628 508
629 506
630 504
631 505
632 499
633 495
634 489
635 486
636 483
637 483
638 481
639 484
640 0 # dummy
641 0 # dummy
642 0 # dummy
643 0 # dummy
644 0 # dummy
645 0 # dummy
646 0 # dummy
647 0 # dummy
648 0 # dummy
649 0 # dummy
650 0 # dummy
651 0 # dummy
652 0 # dummy
653 0 # dummy
654 0 # dummy
655 0 # dummy
656 0 # dummy
657 0 # dummy
658 0 # dummy
659 0 # dummy
660 0 # dummy
661 0 # dummy
662 0 # dummy
663 0 # dummy
664 0 # dummy
665 0 # dummy
666 0 # dummy
667 0 # dummy
668 0 # dummy
669 0 # dummy
670 0 # dummy
671 0 # dummy
672 0 # dummy
673 0 # dummy
674 0 # dummy
675 0 # dummy
676 0 # dummy
677 0 # dummy
678 0 # dummy
679 0 # dummy
680 0 # dummy
681 0 # dummy
682 0 # dummy
683 0 # dummy
684 0 # dummy
685 0 # dummy
686 0 # dummy
687 0 # dummy
688 0 # dummy
689 0 # dummy
690 0 # dummy
691 0 # dummy
692 0 # dummy
693 0 # dummy
694 0 # dummy
695 0 # dummy
696 0 # dummy
697 0 # dummy
698 0 # dummy
699 0 # dummy
700 0 # dummy
701 0 # dummy
702 0 # dummy
703 0 # dummy
704 0 # dummy
705 0 # dummy
706 0 # dummy
707 0 # dummy
708 0 # dummy
709 0 # dummy
710 0 # dummy
711 0 # dummy
712 0 # dummy
713 0 # dummy
714 0 # dummy
715 0 # dummy
716 0 # dummy
717 0 # dummy
718 0 # dummy
719 0 # dummy
720 0 # dummy
721 0 # dummy
722 0 # dummy
723 0 # dummy
724 0 # dummy
725 0 # dummy
726 0 # dummy
727 0 # dummy
728 0 # dummy
729 0 # dummy
730 0 # dummy
731 0 # dummy
732 0 # dummy
733 0 # dummy
734 0 # dummy
735 0 # dummy
736 0 # dummy
737 0 # dummy
738 0 # dummy
739 0 # dummy
740 0 # dummy
741 0 # dummy
742 0 # dummy
743 0 # dummy
744 0 # dummy
745 0 # dummy
746 0 # dummy
747 0 # dummy
748 0 # dummy
749 0 # dummy
750 0 # dummy
751 0 # dummy
752 0 # dummy
753 0 # dummy
754 0 # dummy
755 0 # dummy
756 0 # dummy
757 0 # dummy
758 0 # dummy
759 0 # dummy
760 0 # dummy
761 0 # dummy
762 0 # dummy
763 0 # dummy
764 0 # dummy
765 0 # dummy
766 0 # dummy
767 0 # dummy
768 0 # dummy
769 0 # dummy
770 0 # dummy
771 0 # dummy
772 0 # dummy
773 0 # dummy
774 0 # dummy
775 0 # dummy
776 0 # dummy
777 0 # dummy
778 0 # dummy
779 0 # dummy
780 0 # dummy
781 0 # dummy
782 0 # dummy
783 0 # dummy
784 0 # dummy
785 0 # dummy
786 0 # dummy
787 0 # dummy
788 0 # dummy
789 0 # dummy
790 0 # dummy
791 0 # dummy
792 0 # dummy
793 0 # dummy
794 0 # dummy
795 0 # dummy
796 0 # dummy
797 0 # dummy
798 0 # dummy
799 0 # dummy
800 0 # dummy
801 0 # dummy
802 0 # dummy
803 0 # dummy
804 0 # dummy
805 0 # dummy
806 0 # dummy
807 0 # dummy
808 0 # dummy
809 0 # dummy
810 0 # dummy
811 0 # dummy
812 0 # dummy
813 0 # dummy
814 0 # dummy
815 0 # dummy
816 0 # dummy
817 0 # dummy
818 0 # dummy
819 0 # dummy
820 0 # dummy
821 0 # dummy
822 0 # dummy
823 0 # dummy
824 0 # dummy
825 0 # dummy
826 0 # dummy
827 0 # dummy
828 0 # dummy
829 0 # dummy
830 0 # dummy
831 0 # dummy
832 0 # dummy
833 0 # dummy
834 0 # dummy
835 0 # dummy
836 0 # dummy
837 0 # dummy
838 0 # dummy
839 0 # dummy
840 0 # dummy
841 0 # dummy
842 0 # dummy
843 0 # dummy
844 0 # dummy
845 0 # dummy
846 0 # dummy
847 0 # dummy
848 0 # dummy
849 0 # dummy
850 0 # dummy
851 0 # dummy
852 0 # dummy
853 0 # dummy
854 0 # dummy
855 0 # dummy
856 0 # dummy
857 0 # dummy
858 0 # dummy
859 0 # dummy
860 0 # dummy
861 0 # dummy
862 0 # dummy
863 0 # dummy
864 0 # dummy
865 0 # dummy
866 0 # dummy
867 0 # dummy
868 0 # dummy
869 0 # dummy
870 0 # dummy
871 0 # dummy
872 0 # dummy
873 0 # dummy
874 0 # dummy
875 0 # dummy
876 0 # dummy
877 0 # dummy
878 0 # dummy
879 0 # dummy
880 0 # dummy
881 0 # dummy
882 0 # dummy
883 0 # dummy
884 0 # dummy
885 0 # dummy
886 0 # dummy
887 0 # dummy
888 0 # dummy
889 0 # dummy
890 0 # dummy
891 0 # dummy
892 0 # dummy
893 0 # dummy
894 0 # dummy
895 0 # dummy
896 0 # dummy
897 0 # dummy
898 0 # dummy
899 0 # dummy
900 0 # dummy
901 0 # dummy
902 0 # dummy
903 0 # dummy
904 0 # dummy
905 0 # dummy
906 0 # dummy
907 0 # dummy
908 0 # dummy
909 0 # dummy
910 0 # dummy
911 0 # dummy
912 0 # dummy
913 0 # dummy
914 0 # dummy
915 0 # dummy
916 0 # dummy
917 0 # dummy
918 0 # dummy
919 0 # dummy
920 0 # dummy
921 0 # dummy
922 0 # dummy
923 0 # dummy
924 0 # dummy
925 0 # dummy
926 0 # dummy
927 0 # dummy
928 0 # dummy
929 0 # dummy
930 0 # dummy
931 0 # dummy
932 0 # dummy
933 0 # dummy
934 0 # dummy
935 0 # dummy
936 0 # dummy
937 0 # dummy
938 0 # dummy
939 0 # dummy
940 0 # dummy
941 0 # dummy
942 0 # dummy
943 0 # dummy
944 0 # dummy
945 0 # dummy
946 0 # dummy
947 0 # dummy
948 0 # dummy
949 0 # dummy
950 0 # dummy
951 0 # dummy
952 0 # dummy
953 0 # dummy
954 0 # dummy
955 0 # dummy
956 0 # dummy
957 0 # dummy
958 0 # dummy
959 0 # dummy
960 0 # dummy
961 0 # dummy
962 0 # dummy
963 0 # dummy
964 0 # dummy
965 0 # dummy
966 0 # dummy
967 0 # dummy
968 0 # dummy
969 0 # dummy
970 0 # dummy
971 0 # dummy
972 0 # dummy
973 0 # dummy
974 0 # dummy
975 0 # dummy
976 0 # dummy
977 0 # dummy
978 0 # dummy
979 0 # dummy
980 0 # dummy
981 0 # dummy
982 0 # dummy
983 0 # dummy
984 0 # dummy
985 0 # dummy
986 0 # dummy
987 0 # dummy
988 0 # dummy
989 0 # dummy
990 0 # dummy
991 0 # dummy
992 0 # dummy
993 0 # dummy
994 0 # dummy
995 0 # dummy
996 0 # dummy
997 0 # dummy
998 0 # dummy
999 0 # dummy
1000 0 # dummy
1001 0 # dummy
1002 0 # dummy
1003 0 # dummy
1004 0 # dummy
1005 0 # dummy
1006 0 # dummy
1007 0 # dummy
1008 0 # dummy
1009 0 # dummy
1010 0 # dummy
1011 0 # dummy
1012 0 # dummy
1013 0 # dummy
1014 0 # dummy
1015 0 # dummy
1016 0 # dummy
1017 0 # dummy
1018 0 # dummy
1019 0 # dummy
1020 0 # dummy
1021 0 # dummy
1022 0 # dummy
1023 0 # dummy
1024 0 # dummy
1025 0 # dummy
1026 0 # dummy
1027 0 # dummy
1028 0 # dummy
1029 0 # dummy
1030 0 # dummy
1031 0 # dummy
1032 0 # dummy
1033 0 # dummy
1034 0 # dummy
1035 0 # dummy
1036 0 # dummy
1037 0 # dummy
1038 0 # dummy
1039 0 # dummy
1040 0 # dummy
1041 0 # dummy
1042 0 # dummy
1043 0 # dummy
1044 0 # dummy
1045 0 # dummy
1046 0 # dummy
1047 0 # dummy
1048 0 # dummy
1049 0 # dummy
1050 0 # dummy
1051 0 # dummy
1052 0 # dummy
1053 0 # dummy
1054 0 # dummy
1055 0 # dummy
1056 0 # dummy
1057 0 # dummy
1058 0 # dummy
1059 0 # dummy
1060 0 # dummy
1061 0 # dummy
1062 0 # dummy
1063 0 # dummy
1064 0 # dummy
1065 0 # dummy
1066 0 # dummy
1067 0 # dummy
1068 0 # dummy
1069 0 # dummy
1070 0 # dummy
1071 0 # dummy
1072 0 # dummy
1073 0 # dummy
1074 0 # dummy
1075 0 # dummy
1076 0 # dummy
1077 0 # dummy
1078 0 # dummy
1079 0 # dummy
1080 0 # dummy
1081 0 # dummy
1082 0 # dummy
1083 0 # dummy
1084 0 # dummy
1085 0 # dummy
1086 0 # dummy
1087 0 # dummy
1088 0 # dummy
1089 0 # dummy
1090 0 # dummy
1091 0 # dummy
1092 0 # dummy
1093 0 # dummy
1094 0 # dummy
1095 0 # dummy
1096 0 # dummy
1097 0 # dummy
1098 0 # dummy
1099 0 # dummy
1100 0 # dummy
1101 0 # dummy
1102 0 # dummy
1103 0 # dummy
1104 0 # dummy
1105 0 # dummy
1106 0 # dummy
1107 0 # dummy
1108 0 # dummy
1109 0 # dummy
1110 0 # dummy
1111 0 # dummy
1112 0 # dummy
1113 0 # dummy
1114 0 # dummy
1115 0 # dummy
1116 0 # dummy
1117 0 # dummy
1118 0 # dummy
1119 0 # dummy
1120 0 # dummy
1121 0 # dummy
1122 0 # dummy
1123 0 # dummy
1124 0 # dummy
1125 0 # dummy
1126 0 # dummy
1127 0 # dummy
1128 0 # dummy
1129 0 # dummy
1130 0 # dummy
1131 0 # dummy
1132 0 # dummy
1133 0 # dummy
1134 0 # dummy
1135 0 # dummy
1136 0 # dummy
1137 0 # dummy
1138 0 # dummy
1139 0 # dummy
1140 0 # dummy
1141 0 # dummy
1142 0 # dummy
1143 0 # dummy
1144 0 # dummy
1145 0 # dummy
1146 0 # dummy
1147 0 # dummy
1148 0 # dummy
1149 0 # dummy
1150 0 # dummy
1151 0 # dummy
1152 0 # dummy
1153 0 # dummy
1154 0 # dummy
1155 0 # dummy
1156 0 # dummy
1157 0 # dummy
1158 0 # dummy
1159 0 # dummy
1160 0 # dummy
1161 0 # dummy
1162 0 # dummy
1163 0 # dummy
1164 0 # dummy
1165 0 # dummy
1166 0 # dummy
1167 0 # dummy
1168 0 # dummy
1169 0 # dummy
1170 0 # dummy
1171 0 # dummy
1172 0 # dummy
1173 0 # dummy
1174 0 # dummy
1175 0 # dummy
1176 0 # dummy
1177 0 # dummy
1178 0 # dummy
1179 0 # dummy
1180 0 # dummy
1181 0 # dummy
1182 0 # dummy
1183 0 # dummy
1184 0 # dummy
1185 0 # dummy
1186 0 # dummy
1187 0 # dummy
1188 0 # dummy
1189 0 # dummy
1190 0 # dummy
1191 0 # dummy
1192 0 # dummy
1193 0 # dummy
1194 0 # dummy
1195 0 # dummy
1196 0 # dummy
1197 0 # dummy
1198 0 # dummy
1199 0 # dummy
1200 0 # dummy
1201 0 # dummy
1202 0 # dummy
1203 0 # dummy
1204 0 # dummy
1205 0 # dummy
1206 0 # dummy
1207 0 # dummy
1208 0 # dummy
1209 0 # dummy
1210 0 # dummy
1211 0 # dummy
1212 0 # dummy
1213 0 # dummy
1214 0 # dummy
1215 0 # dummy
1216 0 # dummy
1217 0 # dummy
1218 0 # dummy
1219 0 # dummy
1220 0 # dummy
1221 0 # dummy
1222 0 # dummy
1223 0 # dummy
1224 0 # dummy
1225 0 # dummy
1226 0 # dummy
1227 0 # dummy
1228 0 # dummy
1229 0 # dummy
1230 0 # dummy
1231 0 # dummy
1232 0 # dummy
1233 0 # dummy
1234 0 # dummy
1235 0 # dummy
1236 0 # dummy
1237 0 # dummy
1238 0 # dummy
1239 0 # dummy
1240 0 # dummy
1241 0 # dummy
1242 0 # dummy
1243 0 # dummy
1244 0 # dummy
1245 0 # dummy
1246 0 # dummy
1247 0 # dummy
1248 0 # dummy
1249 0 # dummy
1250 0 # dummy
1251 0 # dummy
1252 0 # dummy
1253 0 # dummy
1254 0 # dummy
1255 0 # dummy
1256 0 # dummy
1257 0 # dummy
1258 0 # dummy
1259 0 # dummy
1260 0 # dummy
1261 0 # dummy
1262 0 # dummy
1263 0 # dummy
1264 0 # dummy
1265 0 # dummy
1266 0 # dummy
1267 0 # dummy
1268 0 # dummy
1269 0 # dummy
1270 0 # dummy
1271 0 # dummy
1272 0 # dummy
1273 0 # dummy
1274 0 # dummy
1275 0 # dummy
1276 0 # dummy
1277 0 # dummy
1278 0 # dummy
1279 0 # dummy
1280 0 # dummy
1281 0 # dummy
1282 0 # dummy
1283 0 # dummy
1284 0 # dummy
1285 0 # dummy
1286 0 # dummy
1287 0 # dummy
1288 0 # dummy
1289 0 # dummy
1290 0 # dummy
1291 0 # dummy
1292 0 # dummy
1293 0 # dummy
1294 0 # dummy
1295 0 # dummy
1296 0 # dummy
1297 0 # dummy
1298 0 # dummy
1299 0 # dummy
1300 0 # dummy
1301 0 # dummy
1302 0 # dummy
1303 0 # dummy
1304 0 # dummy
1305 0 # dummy
1306 0 # dummy
1307 0 # dummy
1308 0 # dummy
1309 0 # dummy
1310 0 # dummy
1311 0 # dummy
1312 0 # dummy
1313 0 # dummy
1314 0 # dummy
1315 0 # dummy
1316 0 # dummy
1317 0 # dummy
1318 0 # dummy
1319 0 # dummy
1320 0 # dummy
1321 0 # dummy
1322 0 # dummy
1323 0 # dummy
1324 0 # dummy
1325 0 # dummy
1326 0 # dummy
1327 0 # dummy
1328 0 # dummy
1329 0 # dummy
1330 0 # dummy
1331 0 # dummy
1332 0 # dummy
1333 0 # dummy
1334 0 # dummy
1335 0 # dummy
1336 0 # dummy
1337 0 # dummy
1338 0 # dummy
1339 0 # dummy
1340 0 # dummy
1341 0 # dummy
1342 0 # dummy
1343 0 # dummy
1344 0 # dummy
1345 0 # dummy
1346 0 # dummy
1347 0 # dummy
1348 0 # dummy
1349 0 # dummy
1350 0 # dummy
1351 0 # dummy
1352 0 # dummy
1353 0 # dummy
1354 0 # dummy
1355 0 # dummy
1356 0 # dummy
1357 0 # dummy
1358 0 # dummy
1359 0 # dummy
1360 0 # dummy
1361 0 # dummy
1362 0 # dummy
1363 0 # dummy
1364 0 # dummy
1365 0 # dummy
1366 0 # dummy
1367 0 # dummy
1368 0 # dummy
1369 0 # dummy
1370 0 # dummy
1371 0 # dummy
1372 0 # dummy
1373 0 # dummy
1374 0 # dummy
1375 0 # dummy
1376 0 # dummy
1377 0 # dummy
1378 0 # dummy
1379 0 # dummy
1380 0 # dummy
1381 0 # dummy
1382 0 # dummy
1383 0 # dummy
1384 0 # dummy
1385 0 # dummy
1386 0 # dummy
1387 0 # dummy
1388 0 # dummy
1389 0 # dummy
1390 0 # dummy
1391 0 # dummy
1392 0 # dummy
1393 0 # dummy
1394 0 # dummy
1395 0 # dummy
1396 0 # dummy
1397 0 # dummy
1398 0 # dummy
1399 0 # dummy
1400 0 # dummy
1401 0 # dummy
1402 0 # dummy
1403 0 # dummy
1404 0 # dummy
1405 0 # dummy
1406 0 # dummy
1407 0 # dummy
1408 0 # dummy
1409 0 # dummy
1410 0 # dummy
1411 0 # dummy
1412 0 # dummy
1413 0 # dummy
1414 0 # dummy
1415 0 # dummy
1416 0 # dummy
1417 0 # dummy
1418 0 # dummy
1419 0 # dummy
1420 0 # dummy
1421 0 # dummy
1422 0 # dummy
1423 0 # dummy
1424 0 # dummy
1425 0 # dummy
1426 0 # dummy
1427 0 # dummy
1428 0 # dummy
1429 0 # dummy
1430 0 # dummy
1431 0 # dummy
1432 0 # dummy
1433 0 # dummy
1434 0 # dummy
1435 0 # dummy
1436 0 # dummy
1437 0 # dummy
1438 0 # dummy
1439 0 # dummy
1440 0 # dummy
1441 0 # dummy
1442 0 # dummy
1443 0 # dummy
1444 0 # dummy
1445 0 # dummy
1446 0 # dummy
1447 0 # dummy
1448 0 # dummy
1449 0 # dummy
1450 0 # dummy
1451 0 # dummy
1452 0 # dummy
1453 0 # dummy
1454 0 # dummy
1455 0 # dummy
1456 0 # dummy
1457 0 # dummy
1458 0 # dummy
1459 0 # dummy
1460 0 # dummy
1461 0 # dummy
1462 0 # dummy
1463 0 # dummy
1464 0 # dummy
1465 0 # dummy
1466 0 # dummy
1467 0 # dummy
1468 0 # dummy
1469 0 # dummy
1470 0 # dummy
1471 0 # dummy
1472 0 # dummy
1473 0 # dummy
1474 0 # dummy
1475 0 # dummy
1476 0 # dummy
1477 0 # dummy
1478 0 # dummy
1479 0 # dummy
1480 0 # dummy
1481 0 # dummy
1482 0 # dummy
1483 0 # dummy
1484 0 # dummy
1485 0 # dummy
1486 0 # dummy
1487 0 # dummy
1488 0 # dummy
1489 0 # dummy
1490 0 # dummy
1491 0 # dummy
1492 0 # dummy
1493 0 # dummy
1494 0 # dummy
1495 0 # dummy
1496 0 # dummy
1497 0 # dummy
1498 0 # dummy
1499 0 # dummy
1500 0 # dummy
1501 0 # dummy
1502 0 # dummy
1503 0 # dummy
1504 0 # dummy
1505 0 # dummy
1506 0 # dummy
1507 0 # dummy
1508 0 # dummy
1509 0 # dummy
1510 0 # dummy
1511 0 # dummy
1512 0 # dummy
1513 0 # dummy
1514 0 # dummy
1515 0 # dummy
1516 0 # dummy
1517 0 # dummy
1518 0 # dummy
1519 0 # dummy
1520 0 # dummy
1521 0 # dummy
1522 0 # dummy
1523 0 # dummy
1524 0 # dummy
1525 0 # dummy
1526 0 # dummy
1527 0 # dummy
1528 0 # dummy
1529 0 # dummy
1530 0 # dummy
1531 0 # dummy
1532 0 # dummy
1533 0 # dummy
1534 0 # dummy
1535 0 # dummy
1536 0 # dummy
1537 0 # dummy
1538 0 # dummy
1539 0 # dummy
1540 0 # dummy
1541 0 # dummy
1542 0 # dummy
1543 0 # dummy
1544 0 # dummy
1545 0 # dummy
1546 0 # dummy
1547 0 # dummy
1548 0 # dummy
1549 0 # dummy
1550 0 # dummy
1551 0 # dummy
1552 0 # dummy
1553 0 # dummy
1554 0 # dummy
1555 0 # dummy
1556 0 # dummy
1557 0 # dummy
1558 0 # dummy
1559 0 # dummy
1560 0 # dummy
1561 0 # dummy
1562 0 # dummy
1563 0 # dummy
1564 0 # dummy
1565 0 # dummy
1566 0 # dummy
1567 0 # dummy
1568 0 # dummy
1569 0 # dummy
1570 0 # dummy
1571 0 # dummy
1572 0 # dummy
1573 0 # dummy
1574 0 # dummy
1575 0 # dummy
1576 0 # dummy
1577 0 # dummy
1578 0 # dummy
1579 0 # dummy
1580 0 # dummy
1581 0 # dummy
1582 0 # dummy
1583 0 # dummy
1584 0 # dummy
1585 0 # dummy
1586 0 # dummy
1587 0 # dummy
1588 0 # dummy
1589 0 # dummy
1590 0 # dummy
1591 0 # dummy
1592 0 # dummy
1593 0 # dummy
1594 0 # dummy
1595 0 # dummy
1596 0 # dummy
1597 0 # dummy
1598 0 # dummy
1599 0 # dummy
1600 0 # dummy
1601 0 # dummy
1602 0 # dummy
1603 0 # dummy
1604 0 # dummy
1605 0 # dummy
1606 0 # dummy
1607 0 # dummy
1608 0 # dummy
1609 0 # dummy
1610 0 # dummy
1611 0 # dummy
1612 0 # dummy
1613 0 # dummy
1614 0 # dummy
1615 0 # dummy
1616 0 # dummy
1617 0 # dummy
1618 0 # dummy
1619 0 # dummy
1620 0 # dummy
1621 0 # dummy
1622 0 # dummy
1623 0 # dummy
1624 0 # dummy
1625 0 # dummy
1626 0 # dummy
1627 0 # dummy
1628 0 # dummy
1629 0 # dummy
1630 0 # dummy
1631 0 # dummy
1632 0 # dummy
1633 0 # dummy
1634 0 # dummy
1635 0 # dummy
1636 0 # dummy
1637 0 # dummy
1638 0 # dummy
1639 0 # dummy
1640 0 # dummy
1641 0 # dummy
1642 0 # dummy
1643 0 # dummy
1644 0 # dummy
1645 0 # dummy
1646 0 # dummy
1647 0 # dummy
1648 0 # dummy
1649 0 # dummy
1650 0 # dummy
1651 0 # dummy
1652 0 # dummy
1653 0 # dummy
1654 0 # dummy
1655 0 # dummy
1656 0 # dummy
1657 0 # dummy
1658 0 # dummy
1659 0 # dummy
1660 0 # dummy
1661 0 # dummy
1662 0 # dummy
1663 0 # dummy
1664 0 # dummy
1665 0 # dummy
1666 0 # dummy
1667 0 # dummy
1668 0 # dummy
1669 0 # dummy
1670 0 # dummy
1671 0 # dummy
1672 0 # dummy
1673 0 # dummy
1674 0 # dummy
1675 0 # dummy
1676 0 # dummy
1677 0 # dummy
1678 0 # dummy
1679 0 # dummy
1680 0 # dummy
1681 0 # dummy
1682 0 # dummy
1683 0 # dummy
1684 0 # dummy
1685 0 # dummy
1686 0 # dummy
1687 0 # dummy
1688 0 # dummy
1689 0 # dummy
1690 0 # dummy
1691 0 # dummy
1692 0 # dummy
1693 0 # dummy
1694 0 # dummy
1695 0 # dummy
1696 0 # dummy
1697 0 # dummy
1698 0 # dummy
1699 0 # dummy
1700 0 # dummy
1701 0 # dummy
1702 0 # dummy
1703 0 # dummy
1704 0 # dummy
1705 0 # dummy
1706 0 # dummy
1707 0 # dummy
1708 0 # dummy
1709 0 # dummy
1710 0 # dummy
1711 0 # dummy
1712 0 # dummy
1713 0 # dummy
1714 0 # dummy
1715 0 # dummy
1716 0 # dummy
1717 0 # dummy
1718 0 # dummy
1719 0 # dummy
1720 0 # dummy
1721 0 # dummy
1722 0 # dummy
1723 0 # dummy
1724 0 # dummy
1725 0 # dummy
1726 0 # dummy
1727 0 # dummy
1728 0 # dummy
1729 0 # dummy
1730 0 # dummy
1731 0 # dummy
1732 0 # dummy
1733 0 # dummy
1734 0 # dummy
1735 0 # dummy
1736 0 # dummy
1737 0 # dummy
1738 0 # dummy
1739 0 # dummy
1740 0 # dummy
1741 0 # dummy
1742 0 # dummy
1743 0 # dummy
1744 0 # dummy
1745 0 # dummy
1746 0 # dummy
1747 0 # dummy
1748 0 # dummy
1749 0 # dummy
1750 0 # dummy
1751 0 # dummy
1752 0 # dummy
1753 0 # dummy
1754 0 # dummy
1755 0 # dummy
1756 0 # dummy
1757 0 # dummy
1758 0 # dummy
1759 0 # dummy
1760 0 # dummy
1761 0 # dummy
1762 0 # dummy
1763 0 # dummy
1764 0 # dummy
1765 0 # dummy
1766 0 # dummy
1767 0 # dummy
1768 0 # dummy
1769 0 # dummy
1770 0 # dummy
1771 0 # dummy
1772 0 # dummy
1773 0 # dummy
1774 0 # dummy
1775 0 # dummy
1776 0 # dummy
1777 0 # dummy
1778 0 # dummy
1779 0 # dummy
1780 0 # dummy
1781 0 # dummy
1782 0 # dummy
1783 0 # dummy
1784 0 # dummy
1785 0 # dummy
1786 0 # dummy
1787 0 # dummy
1788 0 # dummy
1789 0 # dummy
1790 0 # dummy
1791 0 # dummy
1792 0 # dummy
1793 0 # dummy
1794 0 # dummy
1795 0 # dummy
1796 0 # dummy
1797 0 # dummy
1798 0 # dummy
1799 0 # dummy
1800 0 # dummy
1801 0 # dummy
1802 0 # dummy
1803 0 # dummy
1804 0 # dummy
1805 0 # dummy
1806 0 # dummy
1807 0 # dummy
1808 0 # dummy
1809 0 # dummy
1810 0 # dummy
1811 0 # dummy
1812 0 # dummy
1813 0 # dummy
1814 0 # dummy
1815 0 # dummy
1816 0 # dummy
1817 0 # dummy
1818 0 # dummy
1819 0 # dummy
1820 0 # dummy
1821 0 # dummy
1822 0 # dummy
1823 0 # dummy
1824 0 # dummy
1825 0 # dummy
1826 0 # dummy
1827 0 # dummy
1828 0 # dummy
1829 0 # dummy
1830 0 # dummy
1831 0 # dummy
1832 0 # dummy
1833 0 # dummy
1834 0 # dummy
1835 0 # dummy
1836 0 # dummy
1837 0 # dummy
1838 0 # dummy
1839 0 # dummy
1840 0 # dummy
1841 0 # dummy
1842 0 # dummy
1843 0 # dummy
1844 0 # dummy
1845 0 # dummy
1846 0 # dummy
1847 0 # dummy
1848 0 # dummy
1849 0 # dummy
1850 0 # dummy
1851 0 # dummy
1852 0 # dummy
1853 0 # dummy
1854 0 # dummy
1855 0 # dummy
1856 0 # dummy
1857 0 # dummy
1858 0 # dummy
1859 0 # dummy
1860 0 # dummy
1861 0 # dummy
1862 0 # dummy
1863 0 # dummy
1864 0 # dummy
1865 0 # dummy
1866 0 # dummy
1867 0 # dummy
1868 0 # dummy
1869 0 # dummy
1870 0 # dummy
1871 0 # dummy
1872 0 # dummy
1873 0 # dummy
1874 0 # dummy
1875 0 # dummy
1876 0 # dummy
1877 0 # dummy
1878 0 # dummy
1879 0 # dummy
1880 0 # dummy
1881 0 # dummy
1882 0 # dummy
1883 0 # dummy
1884 0 # dummy
1885 0 # dummy
1886 0 # dummy
1887 0 # dummy
1888 0 # dummy
1889 0 # dummy
1890 0 # dummy
1891 0 # dummy
1892 0 # dummy
1893 0 # dummy
1894 0 # dummy
1895 0 # dummy
1896 0 # dummy
1897 0 # dummy
1898 0 # dummy
1899 0 # dummy
1900 0 # dummy
1901 0 # dummy
1902 0 # dummy
1903 0 # dummy
1904 0 # dummy
1905 0 # dummy
1906 0 # dummy
1907 0 # dummy
1908 0 # dummy
1909 0 # dummy
1910 0 # dummy
1911 0 # dummy
1912 0 # dummy
1913 0 # dummy
1914 0 # dummy
1915 0 # dummy
1916 0 # dummy
1917 0 # dummy
1918 0 # dummy
1919 0 # dummy
1920 0 # dummy
1921 0 # dummy
1922 0 # dummy
1923 0 # dummy
1924 0 # dummy
1925 0 # dummy
1926 0 # dummy
1927 0 # dummy
1928 0 # dummy
1929 0 # dummy
1930 0 # dummy
1931 0 # dummy
1932 0 # dummy
1933 0 # dummy
1934 0 # dummy
1935 0 # dummy
1936 0 # dummy
1937 0 # dummy
1938 0 # dummy
1939 0 # dummy
1940 0 # dummy
1941 0 # dummy
1942 0 # dummy
1943 0 # dummy
1944 0 # dummy
1945 0 # dummy
1946 0 # dummy
1947 0 # dummy
1948 0 # dummy
1949 0 # dummy
1950 0 # dummy
1951 0 # dummy
1952 0 # dummy
1953 0 # dummy
1954 0 # dummy
1955 0 # dummy
1956 0 # dummy
1957 0 # dummy
1958 0 # dummy
1959 0 # dummy
1960 0 # dummy
1961 0 # dummy
1962 0 # dummy
1963 0 # dummy
1964 0 # dummy
1965 0 # dummy
1966 0 # dummy
1967 0 # dummy
1968 0 # dummy
1969 0 # dummy
1970 0 # dummy
1971 0 # dummy
1972 0 # dummy
1973 0 # dummy
1974 0 # dummy
1975 0 # dummy
1976 0 # dummy
1977 0 # dummy
1978 0 # dummy
1979 0 # dummy
1980 0 # dummy
1981 0 # dummy
1982 0 # dummy
1983 0 # dummy
1984 0 # dummy
1985 0 # dummy
1986 0 # dummy
1987 0 # dummy
1988 0 # dummy
1989 0 # dummy
1990 0 # dummy
1991 0 # dummy
1992 0 # dummy
1993 0 # dummy
1994 0 # dummy
1995 0 # dummy
1996 0 # dummy
1997 0 # dummy
1998 0 # dummy
1999 0 # dummy
2000 0 # dummy
2001 0 # dummy
2002 0 # dummy
2003 0 # dummy
2004 0 # dummy
2005 0 # dummy
2006 0 # dummy
2007 0 # dummy
2008 0 # dummy
2009 0 # dummy
2010 0 # dummy
2011 0 # dummy
2012 0 # dummy
2013 0 # dummy
2014 0 # dummy
2015 0 # dummy
2016 0 # dummy
2017 0 # dummy
2018 0 # dummy
2019 0 # dummy
2020 0 # dummy
2021 0 # dummy
2022 0 # dummy
2023 0 # dummy
2024 0 # dummy
2025 0 # dummy
2026 0 # dummy
2027 0 # dummy
2028 0 # dummy
2029 0 # dummy
2030 0 # dummy
2031 0 # dummy
2032 0 # dummy
2033 0 # dummy
2034 0 # dummy
2035 0 # dummy
2036 0 # dummy
2037 0 # dummy
2038 0 # dummy
2039 0 # dummy
2040 0 # dummy
2041 0 # dummy
2042 0 # dummy
2043 0 # dummy
2044 0 # dummy
2045 0 # dummy
2046 0 # dummy
2047 0 # dummy
2048 0 # dummy
2049 0 # dummy
2050 0 # dummy
2051 0 # dummy
2052 0 # dummy
2053 0 # dummy
2054 0 # dummy
2055 0 # dummy
2056 0 # dummy
2057 0 # dummy
2058 0 # dummy
2059 0 # dummy
2060 0 # dummy
2061 0 # dummy
2062 0 # dummy
2063 0 # dummy
2064 0 # dummy
2065 0 # dummy
2066 0 # dummy
2067 0 # dummy
2068 0 # dummy
2069 0 # dummy
2070 0 # dummy
2071 0 # dummy
2072 0 # dummy
2073 0 # dummy
2074 0 # dummy
2075 0 # dummy
2076 0 # dummy
2077 0 # dummy
2078 0 # dummy
2079 0 # dummy
2080 0 # dummy
2081 0 # dummy
2082 0 # dummy
2083 0 # dummy
2084 0 # dummy
2085 0 # dummy
2086 0 # dummy
2087 0 # dummy
2088 0 # dummy
2089 0 # dummy
2090 0 # dummy
2091 0 # dummy
2092 0 # dummy
2093 0 # dummy
2094 0 # dummy
2095 0 # dummy
2096 0 # dummy
2097 0 # dummy
2098 0 # dummy
2099 0 # dummy
2100 0 # dummy
2101 0 # dummy
2102 0 # dummy
2103 0 # dummy
2104 0 # dummy
2105 0 # dummy
2106 0 # dummy
2107 0 # dummy
2108 0 # dummy
2109 0 # dummy
2110 0 # dummy
2111 0 # dummy
2112 0 # dummy
2113 0 # dummy
2114 0 # dummy
2115 0 # dummy
2116 0 # dummy
2117 0 # dummy
2118 0 # dummy
2119 0 # dummy
2120 0 # dummy
2121 0 # dummy
2122 0 # dummy
2123 0 # dummy
2124 0 # dummy
2125 0 # dummy
2126 0 # dummy
2127 0 # dummy
2128 0 # dummy
2129 0 # dummy
2130 0 # dummy
2131 0 # dummy
2132 0 # dummy
2133 0 # dummy
2134 0 # dummy
2135 0 # dummy
2136 0 # dummy
2137 0 # dummy
2138 0 # dummy
2139 0 # dummy
2140 0 # dummy
2141 0 # dummy
2142 0 # dummy
2143 0 # dummy
2144 0 # dummy
2145 0 # dummy
2146 0 # dummy
2147 0 # dummy
2148 0 # dummy
2149 0 # dummy
2150 0 # dummy
2151 0 # dummy
2152 0 # dummy
2153 0 # dummy
2154 0 # dummy
2155 0 # dummy
2156 0 # dummy
2157 0 # dummy
2158 0 # dummy
2159 0 # dummy
2160 0 # dummy
2161 0 # dummy
2162 0 # dummy
2163 0 # dummy
2164 0 # dummy
2165 0 # dummy
2166 0 # dummy
2167 0 # dummy
2168 0 # dummy
2169 0 # dummy
2170 0 # dummy
2171 0 # dummy
2172 0 # dummy
2173 0 # dummy
2174 0 # dummy
2175 0 # dummy
2176 0 # dummy
2177 0 # dummy
2178 0 # dummy
2179 0 # dummy
2180 0 # dummy
2181 0 # dummy
2182 0 # dummy
2183 0 # dummy
2184 0 # dummy
2185 0 # dummy
2186 0 # dummy
2187 0 # dummy
2188 0 # dummy
2189 0 # dummy
2190 0 # dummy
2191 0 # dummy
2192 0 # dummy
2193 0 # dummy
2194 0 # dummy
2195 0 # dummy
2196 0 # dummy
2197 0 # dummy
2198 0 # dummy
2199 0 # dummy
2200 0 # dummy
2201 0 # dummy
2202 0 # dummy
2203 0 # dummy
2204 0 # dummy
2205 0 # dummy
2206 0 # dummy
2207 0 # dummy
2208 0 # dummy
2209 0 # dummy
2210 0 # dummy
2211 0 # dummy
2212 0 # dummy
2213 0 # dummy
2214 0 # dummy
2215 0 # dummy
2216 0 # dummy
2217 0 # dummy
2218 0 # dummy
2219 0 # dummy
2220 0 # dummy
2221 0 # dummy
2222 0 # dummy
2223 0 # dummy
2224 0 # dummy
2225 0 # dummy
2226 0 # dummy
2227 0 # dummy
2228 0 # dummy
2229 0 # dummy
2230 0 # dummy
2231 0 # dummy
2232 0 # dummy
2233 0 # dummy
2234 0 # dummy
2235 0 # dummy
2236 0 # dummy
2237 0 # dummy
2238 0 # dummy
2239 0 # dummy
2240 0 # dummy
2241 0 # dummy
2242 0 # dummy
2243 0 # dummy
2244 0 # dummy
2245 0 # dummy
2246 0 # dummy
2247 0 # dummy
2248 0 # dummy
2249 0 # dummy
2250 0 # dummy
2251 0 # dummy
2252 0 # dummy
2253 0 # dummy
2254 0 # dummy
2255 0 # dummy
2256 0 # dummy
2257 0 # dummy
2258 0 # dummy
2259 0 # dummy
2260 0 # dummy
2261 0 # dummy
2262 0 # dummy
2263 0 # dummy
2264 0 # dummy
2265 0 # dummy
2266 0 # dummy
2267 0 # dummy
2268 0 # dummy
2269 0 # dummy
2270 0 # dummy
2271 0 # dummy
2272 0 # dummy
2273 0 # dummy
2274 0 # dummy
2275 0 # dummy
2276 0 # dummy
2277 0 # dummy
2278 0 # dummy
2279 0 # dummy
2280 0 # dummy
2281 0 # dummy
2282 0 # dummy
2283 0 # dummy
2284 0 # dummy
2285 0 # dummy
2286 0 # dummy
2287 0 # dummy
2288 0 # dummy
2289 0 # dummy
2290 0 # dummy
2291 0 # dummy
2292 0 # dummy
2293 0 # dummy
2294 0 # dummy
2295 0 # dummy
2296 0 # dummy
2297 0 # dummy
2298 0 # dummy
2299 0 # dummy
2300 0 # dummy
2301 0 # dummy
2302 0 # dummy
2303 0 # dummy
2304 0 # dummy
2305 0 # dummy
2306 0 # dummy
2307 0 # dummy
2308 0 # dummy
2309 0 # dummy
2310 0 # dummy
2311 0 # dummy
2312 0 # dummy
2313 0 # dummy
2314 0 # dummy
2315 0 # dummy
2316 0 # dummy
2317 0 # dummy
2318 0 # dummy
2319 0 # dummy
2320 0 # dummy
2321 0 # dummy
2322 0 # dummy
2323 0 # dummy
2324 0 # dummy
2325 0 # dummy
2326 0 # dummy
2327 0 # dummy
2328 0 # dummy
2329 0 # dummy
2330 0 # dummy
2331 0 # dummy
2332 0 # dummy
2333 0 # dummy
2334 0 # dummy
2335 0 # dummy
2336 0 # dummy
2337 0 # dummy
2338 0 # dummy
2339 0 # dummy
2340 0 # dummy
2341 0 # dummy
2342 0 # dummy
2343 0 # dummy
2344 0 # dummy
2345 0 # dummy
2346 0 # dummy
2347 0 # dummy
2348 0 # dummy
2349 0 # dummy
2350 0 # dummy
2351 0 # dummy
2352 0 # dummy
2353 0 # dummy
2354 0 # dummy
2355 0 # dummy
2356 0 # dummy
2357 0 # dummy
2358 0 # dummy
2359 0 # dummy
2360 0 # dummy
2361 0 # dummy
2362 0 # dummy
2363 0 # dummy
2364 0 # dummy
2365 0 # dummy
2366 0 # dummy
2367 0 # dummy
2368 0 # dummy
2369 0 # dummy
2370 0 # dummy
2371 0 # dummy
2372 0 # dummy
2373 0 # dummy
2374 0 # dummy
2375 0 # dummy
2376 0 # dummy
2377 0 # dummy
2378 0 # dummy
2379 0 # dummy
2380 0 # dummy
2381 0 # dummy
2382 0 # dummy
2383 0 # dummy
2384 0 # dummy
2385 0 # dummy
2386 0 # dummy
2387 0 # dummy
2388 0 # dummy
2389 0 # dummy
2390 0 # dummy
2391 0 # dummy
2392 0 # dummy
2393 0 # dummy
2394 0 # dummy
2395 0 # dummy
2396 0 # dummy
2397 0 # dummy
2398 0 # dummy
2399 0 # dummy
2400 0 # dummy
2401 0 # dummy
2402 0 # dummy
2403 0 # dummy
2404 0 # dummy
2405 0 # dummy
2406 0 # dummy
2407 0 # dummy
2408 0 # dummy
2409 0 # dummy
2410 0 # dummy
2411 0 # dummy
2412 0 # dummy
2413 0 # dummy
2414 0 # dummy
2415 0 # dummy
2416 0 # dummy
2417 0 # dummy
2418 0 # dummy
2419 0 # dummy
2420 0 # dummy
2421 0 # dummy
2422 0 # dummy
2423 0 # dummy
2424 0 # dummy
2425 0 # dummy
2426 0 # dummy
2427 0 # dummy
2428 0 # dummy
2429 0 # dummy
2430 0 # dummy
2431 0 # dummy
2432 0 # dummy
2433 0 # dummy
2434 0 # dummy
2435 0 # dummy
2436 0 # dummy
2437 0 # dummy
2438 0 # dummy
2439 0 # dummy
2440 0 # dummy
2441 0 # dummy
2442 0 # dummy
2443 0 # dummy
2444 0 # dummy
2445 0 # dummy
2446 0 # dummy
2447 0 # dummy
2448 0 # dummy
2449 0 # dummy
2450 0 # dummy
2451 0 # dummy
2452 0 # dummy
2453 0 # dummy
2454 0 # dummy
2455 0 # dummy
2456 0 # dummy
2457 0 # dummy
2458 0 # dummy
2459 0 # dummy
2460 0 # dummy
2461 0 # dummy
2462 0 # dummy
2463 0 # dummy
2464 0 # dummy
2465 0 # dummy
2466 0 # dummy
2467 0 # dummy
2468 0 # dummy
2469 0 # dummy
2470 0 # dummy
2471 0 # dummy
2472 0 # dummy
2473 0 # dummy
2474 0 # dummy
2475 0 # dummy
2476 0 # dummy
2477 0 # dummy
2478 0 # dummy
2479 0 # dummy
2480 0 # dummy
2481 0 # dummy
2482 0 # dummy
2483 0 # dummy
2484 0 # dummy
2485 0 # dummy
2486 0 # dummy
2487 0 # dummy
2488 0 # dummy
2489 0 # dummy
2490 0 # dummy
2491 0 # dummy
2492 0 # dummy
2493 0 # dummy
2494 0 # dummy
2495 0 # dummy
2496 0 # dummy
2497 0 # dummy
2498 0 # dummy
2499 0 # dummy
2500 0 # dummy
2501 0 # dummy
2502 0 # dummy
2503 0 # dummy
2504 0 # dummy
2505 0 # dummy
2506 0 # dummy
2507 0 # dummy
2508 0 # dummy
2509 0 # dummy
2510 0 # dummy
2511 0 # dummy
2512 0 # dummy
2513 0 # dummy
2514 0 # dummy
2515 0 # dummy
2516 0 # dummy
2517 0 # dummy
2518 0 # dummy
2519 0 # dummy
2520 0 # dummy
2521 0 # dummy
2522 0 # dummy
2523 0 # dummy
2524 0 # dummy
2525 0 # dummy
2526 0 # dummy
2527 0 # dummy
2528 0 # dummy
2529 0 # dummy
2530 0 # dummy
2531 0 # dummy
2532 0 # dummy
2533 0 # dummy
2534 0 # dummy
2535 0 # dummy
2536 0 # dummy
2537 0 # dummy
2538 0 # dummy
2539 0 # dummy
2540 0 # dummy
2541 0 # dummy
2542 0 # dummy
2543 0 # dummy
2544 0 # dummy
2545 0 # dummy
2546 0 # dummy
2547 0 # dummy
2548 0 # dummy
2549 0 # dummy
2550 0 # dummy
2551 0 # dummy
2552 0 # dummy
2553 0 # dummy
2554 0 # dummy
2555 0 # dummy
2556 0 # dummy
2557 0 # dummy
2558 0 # dummy
2559 0 # dummy
2560 0 # dummy
2561 0 # dummy
2562 0 # dummy
2563 0 # dummy
2564 0 # dummy
2565 0 # dummy
2566 0 # dummy
2567 0 # dummy
2568 0 # dummy
2569 0 # dummy
2570 0 # dummy
2571 0 # dummy
2572 0 # dummy
2573 0 # dummy
2574 0 # dummy
2575 0 # dummy
2576 0 # dummy
2577 0 # dummy
2578 0 # dummy
2579 0 # dummy
2580 0 # dummy
2581 0 # dummy
2582 0 # dummy
2583 0 # dummy
2584 0 # dummy
2585 0 # dummy
2586 0 # dummy
2587 0 # dummy
2588 0 # dummy
2589 0 # dummy
2590 0 # dummy
2591 0 # dummy
2592 0 # dummy
2593 0 # dummy
2594 0 # dummy
2595 0 # dummy
2596 0 # dummy
2597 0 # dummy
2598 0 # dummy
2599 0 # dummy
2600 0 # dummy
2601 0 # dummy
2602 0 # dummy
2603 0 # dummy
2604 0 # dummy
2605 0 # dummy
2606 0 # dummy
2607 0 # dummy
2608 0 # dummy
2609 0 # dummy
2610 0 # dummy
2611 0 # dummy
2612 0 # dummy
2613 0 # dummy
2614 0 # dummy
2615 0 # dummy
2616 0 # dummy
2617 0 # dummy
2618 0 # dummy
2619 0 # dummy
2620 0 # dummy
2621 0 # dummy
2622 0 # dummy
2623 0 # dummy
2624 0 # dummy
2625 0 # dummy
2626 0 # dummy
2627 0 # dummy
2628 0 # dummy
2629 0 # dummy
2630 0 # dummy
2631 0 # dummy
2632 0 # dummy
2633 0 # dummy
2634 0 # dummy
2635 0 # dummy
2636 0 # dummy
2637 0 # dummy
2638 0 # dummy
2639 0 # dummy
2640 0 # dummy
2641 0 # dummy
2642 0 # dummy
2643 0 # dummy
2644 0 # dummy
2645 0 # dummy
2646 0 # dummy
2647 0 # dummy
2648 0 # dummy
2649 0 # dummy
2650 0 # dummy
2651 0 # dummy
2652 0 # dummy
2653 0 # dummy
2654 0 # dummy
2655 0 # dummy
2656 0 # dummy
2657 0 # dummy
2658 0 # dummy
2659 0 # dummy
2660 0 # dummy
2661 0 # dummy
2662 0 # dummy
2663 0 # dummy
2664 0 # dummy
2665 0 # dummy
2666 0 # dummy
2667 0 # dummy
2668 0 # dummy
2669 0 # dummy
2670 0 # dummy
2671 0 # dummy
2672 0 # dummy
2673 0 # dummy
2674 0 # dummy
2675 0 # dummy
2676 0 # dummy
2677 0 # dummy
2678 0 # dummy
2679 0 # dummy
2680 0 # dummy
2681 0 # dummy
2682 0 # dummy
2683 0 # dummy
2684 0 # dummy
2685 0 # dummy
2686 0 # dummy
2687 0 # dummy
2688 0 # dummy
2689 0 # dummy
2690 0 # dummy
2691 0 # dummy
2692 0 # dummy
2693 0 # dummy
2694 0 # dummy
2695 0 # dummy
2696 0 # dummy
2697 0 # dummy
2698 0 # dummy
2699 0 # dummy
2700 0 # dummy
2701 0 # dummy
2702 0 # dummy
2703 0 # dummy
2704 0 # dummy
2705 0 # dummy
2706 0 # dummy
2707 0 # dummy
2708 0 # dummy
2709 0 # dummy
2710 0 # dummy
2711 0 # dummy
2712 0 # dummy
2713 0 # dummy
2714 0 # dummy
2715 0 # dummy
2716 0 # dummy
2717 0 # dummy
2718 0 # dummy
2719 0 # dummy
2720 0 # dummy
2721 0 # dummy
2722 0 # dummy
2723 0 # dummy
2724 0 # dummy
2725 0 # dummy
2726 0 # dummy
2727 0 # dummy
2728 0 # dummy
2729 0 # dummy
2730 0 # dummy
2731 0 # dummy
2732 0 # dummy
2733 0 # dummy
2734 0 # dummy
2735 0 # dummy
2736 0 # dummy
2737 0 # dummy
2738 0 # dummy
2739 0 # dummy
2740 0 # dummy
2741 0 # dummy
2742 0 # dummy
2743 0 # dummy
2744 0 # dummy
2745 0 # dummy
2746 0 # dummy
2747 0 # dummy
2748 0 # dummy
2749 0 # dummy
2750 0 # dummy
2751 0 # dummy
2752 0 # dummy
2753 0 # dummy
2754 0 # dummy
2755 0 # dummy
2756 0 # dummy
2757 0 # dummy
2758 0 # dummy
2759 0 # dummy
2760 0 # dummy
2761 0 # dummy
2762 0 # dummy
2763 0 # dummy
2764 0 # dummy
2765 0 # dummy
2766 0 # dummy
2767 0 # dummy
2768 0 # dummy
2769 0 # dummy
2770 0 # dummy
2771 0 # dummy
2772 0 # dummy
2773 0 # dummy
2774 0 # dummy
2775 0 # dummy
2776 0 # dummy
2777 0 # dummy
2778 0 # dummy
2779 0 # dummy
2780 0 # dummy
2781 0 # dummy
2782 0 # dummy
2783 0 # dummy
2784 0 # dummy
2785 0 # dummy
2786 0 # dummy
2787 0 # dummy
2788 0 # dummy
2789 0 # dummy
2790 0 # dummy
2791 0 # dummy
2792 0 # dummy
2793 0 # dummy
2794 0 # dummy
2795 0 # dummy
2796 0 # dummy
2797 0 # dummy
2798 0 # dummy
2799 0 # dummy
2800 0 # dummy
2801 0 # dummy
2802 0 # dummy
2803 0 # dummy
2804 0 # dummy
2805 0 # dummy
2806 0 # dummy
2807 0 # dummy
2808 0 # dummy
2809 0 # dummy
2810 0 # dummy
2811 0 # dummy
2812 0 # dummy
2813 0 # dummy
2814 0 # dummy
2815 0 # dummy
2816 0 # dummy
2817 0 # dummy
2818 0 # dummy
2819 0 # dummy
2820 0 # dummy
2821 0 # dummy
2822 0 # dummy
2823 0 # dummy
2824 0 # dummy
2825 0 # dummy
2826 0 # dummy
2827 0 # dummy
2828 0 # dummy
2829 0 # dummy
2830 0 # dummy
2831 0 # dummy
2832 0 # dummy
2833 0 # dummy
2834 0 # dummy
2835 0 # dummy
2836 0 # dummy
2837 0 # dummy
2838 0 # dummy
2839 0 # dummy
2840 0 # dummy
2841 0 # dummy
2842 0 # dummy
2843 0 # dummy
2844 0 # dummy
2845 0 # dummy
2846 0 # dummy
2847 0 # dummy
2848 0 # dummy
2849 0 # dummy
2850 0 # dummy
2851 0 # dummy
2852 0 # dummy
2853 0 # dummy
2854 0 # dummy
2855 0 # dummy
2856 0 # dummy
2857 0 # dummy
2858 0 # dummy
2859 0 # dummy
2860 0 # dummy
2861 0 # dummy
2862 0 # dummy
2863 0 # dummy
2864 0 # dummy
2865 0 # dummy
2866 0 # dummy
2867 0 # dummy
2868 0 # dummy
2869 0 # dummy
2870 0 # dummy
2871 0 # dummy
2872 0 # dummy
2873 0 # dummy
2874 0 # dummy
2875 0 # dummy
2876 0 # dummy
2877 0 # dummy
2878 0 # dummy
2879 0 # dummy
2880 0 # dummy
2881 0 # dummy
2882 0 # dummy
2883 0 # dummy
2884 0 # dummy
2885 0 # dummy
2886 0 # dummy
2887 0 # dummy
2888 0 # dummy
2889 0 # dummy
2890 0 # dummy
2891 0 # dummy
2892 0 # dummy
2893 0 # dummy
2894 0 # dummy
2895 0 # dummy
2896 0 # dummy
2897 0 # dummy
2898 0 # dummy
2899 0 # dummy
2900 0 # dummy
2901 0 # dummy
2902 0 # dummy
2903 0 # dummy
2904 0 # dummy
2905 0 # dummy
2906 0 # dummy
2907 0 # dummy
2908 0 # dummy
2909 0 # dummy
2910 0 # dummy
2911 0 # dummy
2912 0 # dummy
2913 0 # dummy
2914 0 # dummy
2915 0 # dummy
2916 0 # dummy
2917 0 # dummy
2918 0 # dummy
2919 0 # dummy
2920 0 # dummy
2921 0 # dummy
2922 0 # dummy
2923 0 # dummy
2924 0 # dummy
2925 0 # dummy
2926 0 # dummy
2927 0 # dummy
2928 0 # dummy
2929 0 # dummy
2930 0 # dummy
2931 0 # dummy
2932 0 # dummy
2933 0 # dummy
2934 0 # dummy
2935 0 # dummy
2936 0 # dummy
2937 0 # dummy
2938 0 # dummy
2939 0 # dummy
2940 0 # dummy
2941 0 # dummy
2942 0 # dummy
2943 0 # dummy
2944 0 # dummy
2945 0 # dummy
2946 0 # dummy
2947 0 # dummy
2948 0 # dummy
2949 0 # dummy
2950 0 # dummy
2951 0 # dummy
2952 0 # dummy
2953 0 # dummy
2954 0 # dummy
2955 0 # dummy
2956 0 # dummy
2957 0 # dummy
2958 0 # dummy
2959 0 # dummy
2960 0 # dummy
2961 0 # dummy
2962 0 # dummy
2963 0 # dummy
2964 0 # dummy
2965 0 # dummy
2966 0 # dummy
2967 0 # dummy
2968 0 # dummy
2969 0 # dummy
2970 0 # dummy
2971 0 # dummy
2972 0 # dummy
2973 0 # dummy
2974 0 # dummy
2975 0 # dummy
2976 0 # dummy
2977 0 # dummy
2978 0 # dummy
2979 0 # dummy
2980 0 # dummy
2981 0 # dummy
2982 0 # dummy
2983 0 # dummy
2984 0 # dummy
2985 0 # dummy
2986 0 # dummy
2987 0 # dummy
2988 0 # dummy
2989 0 # dummy
2990 0 # dummy
2991 0 # dummy
2992 0 # dummy
2993 0 # dummy
2994 0 # dummy
2995 0 # dummy
2996 0 # dummy
2997 0 # dummy
2998 0 # dummy
2999 0 # dummy
3000 0 # dummy
3001 0 # dummy
3002 0 # dummy
3003 0 # dummy
3004 0 # dummy
3005 0 # dummy
3006 0 # dummy
3007 0 # dummy
3008 0 # dummy
3009 0 # dummy
3010 0 # dummy
3011 0 # dummy
3012 0 # dummy
3013 0 # dummy
3014 0 # dummy
3015 0 # dummy
3016 0 # dummy
3017 0 # dummy
3018 0 # dummy
3019 0 # dummy
3020 0 # dummy
3021 0 # dummy
3022 0 # dummy
3023 0 # dummy
3024 0 # dummy
3025 0 # dummy
3026 0 # dummy
3027 0 # dummy
3028 0 # dummy
3029 0 # dummy
3030 0 # dummy
3031 0 # dummy
3032 0 # dummy
3033 0 # dummy
3034 0 # dummy
3035 0 # dummy
3036 0 # dummy
3037 0 # dummy
3038 0 # dummy
3039 0 # dummy
3040 0 # dummy
3041 0 # dummy
3042 0 # dummy
3043 0 # dummy
3044 0 # dummy
3045 0 # dummy
3046 0 # dummy
3047 0 # dummy
3048 0 # dummy
3049 0 # dummy
3050 0 # dummy
3051 0 # dummy
3052 0 # dummy
3053 0 # dummy
3054 0 # dummy
3055 0 # dummy
3056 0 # dummy
3057 0 # dummy
3058 0 # dummy
3059 0 # dummy
3060 0 # dummy
3061 0 # dummy
3062 0 # dummy
3063 0 # dummy
3064 0 # dummy
3065 0 # dummy
3066 0 # dummy
3067 0 # dummy
3068 0 # dummy
3069 0 # dummy
3070 0 # dummy
3071 0 # dummy
3072 0 # dummy
3073 0 # dummy
3074 0 # dummy
3075 0 # dummy
3076 0 # dummy
3077 0 # dummy
3078 0 # dummy
3079 0 # dummy
3080 0 # dummy
3081 0 # dummy
3082 0 # dummy
3083 0 # dummy
3084 0 # dummy
3085 0 # dummy
3086 0 # dummy
3087 0 # dummy
3088 0 # dummy
3089 0 # dummy
3090 0 # dummy
3091 0 # dummy
3092 0 # dummy
3093 0 # dummy
3094 0 # dummy
3095 0 # dummy
3096 0 # dummy
3097 0 # dummy
3098 0 # dummy
3099 0 # dummy
3100 0 # dummy
3101 0 # dummy
3102 0 # dummy
3103 0 # dummy
3104 0 # dummy
3105 0 # dummy
3106 0 # dummy
3107 0 # dummy
3108 0 # dummy
3109 0 # dummy
3110 0 # dummy
3111 0 # dummy
3112 0 # dummy
3113 0 # dummy
3114 0 # dummy
3115 0 # dummy
3116 0 # dummy
3117 0 # dummy
3118 0 # dummy
3119 0 # dummy
3120 0 # dummy
3121 0 # dummy
3122 0 # dummy
3123 0 # dummy
3124 0 # dummy
3125 0 # dummy
3126 0 # dummy
3127 0 # dummy
3128 0 # dummy
3129 0 # dummy
3130 0 # dummy
3131 0 # dummy
3132 0 # dummy
3133 0 # dummy
3134 0 # dummy
3135 0 # dummy
3136 0 # dummy
3137 0 # dummy
3138 0 # dummy
3139 0 # dummy
3140 0 # dummy
3141 0 # dummy
3142 0 # dummy
3143 0 # dummy
3144 0 # dummy
3145 0 # dummy
3146 0 # dummy
3147 0 # dummy
3148 0 # dummy
3149 0 # dummy
3150 0 # dummy
3151 0 # dummy
3152 0 # dummy
3153 0 # dummy
3154 0 # dummy
3155 0 # dummy
3156 0 # dummy
3157 0 # dummy
3158 0 # dummy
3159 0 # dummy
3160 0 # dummy
3161 0 # dummy
3162 0 # dummy
3163 0 # dummy
3164 0 # dummy
3165 0 # dummy
3166 0 # dummy
3167 0 # dummy
3168 0 # dummy
3169 0 # dummy
3170 0 # dummy
3171 0 # dummy
3172 0 # dummy
3173 0 # dummy
3174 0 # dummy
3175 0 # dummy
3176 0 # dummy
3177 0 # dummy
3178 0 # dummy
3179 0 # dummy
3180 0 # dummy
3181 0 # dummy
3182 0 # dummy
3183 0 # dummy
3184 0 # dummy
3185 0 # dummy
3186 0 # dummy
3187 0 # dummy
3188 0 # dummy
3189 0 # dummy
3190 0 # dummy
3191 0 # dummy
3192 0 # dummy
3193 0 # dummy
3194 0 # dummy
3195 0 # dummy
3196 0 # dummy
3197 0 # dummy
3198 0 # dummy
3199 0 # dummy
3200 0 # dummy
3201 0 # dummy
3202 0 # dummy
3203 0 # dummy
3204 0 # dummy
3205 0 # dummy
3206 0 # dummy
3207 0 # dummy
3208 0 # dummy
3209 0 # dummy
3210 0 # dummy
3211 0 # dummy
3212 0 # dummy
3213 0 # dummy
3214 0 # dummy
3215 0 # dummy
3216 0 # dummy
3217 0 # dummy
3218 0 # dummy
3219 0 # dummy
3220 0 # dummy
3221 0 # dummy
3222 0 # dummy
3223 0 # dummy
3224 0 # dummy
3225 0 # dummy
3226 0 # dummy
3227 0 # dummy
3228 0 # dummy
3229 0 # dummy
3230 0 # dummy
3231 0 # dummy
3232 0 # dummy
3233 0 # dummy
3234 0 # dummy
3235 0 # dummy
3236 0 # dummy
3237 0 # dummy
3238 0 # dummy
3239 0 # dummy
3240 0 # dummy
3241 0 # dummy
3242 0 # dummy
3243 0 # dummy
3244 0 # dummy
3245 0 # dummy
3246 0 # dummy
3247 0 # dummy
3248 0 # dummy
3249 0 # dummy
3250 0 # dummy
3251 0 # dummy
3252 0 # dummy
3253 0 # dummy
3254 0 # dummy
3255 0 # dummy
3256 0 # dummy
3257 0 # dummy
3258 0 # dummy
3259 0 # dummy
3260 0 # dummy
3261 0 # dummy
3262 0 # dummy
3263 0 # dummy
3264 0 # dummy
3265 0 # dummy
3266 0 # dummy
3267 0 # dummy
3268 0 # dummy
3269 0 # dummy
3270 0 # dummy
3271 0 # dummy
3272 0 # dummy
3273 0 # dummy
3274 0 # dummy
3275 0 # dummy
3276 0 # dummy
3277 0 # dummy
3278 0 # dummy
3279 0 # dummy
3280 0 # dummy
3281 0 # dummy
3282 0 # dummy
3283 0 # dummy
3284 0 # dummy
3285 0 # dummy
3286 0 # dummy
3287 0 # dummy
3288 0 # dummy
3289 0 # dummy
3290 0 # dummy
3291 0 # dummy
3292 0 # dummy
3293 0 # dummy
3294 0 # dummy
3295 0 # dummy
3296 0 # dummy
3297 0 # dummy
3298 0 # dummy
3299 0 # dummy
3300 0 # dummy
3301 0 # dummy
3302 0 # dummy
3303 0 # dummy
3304 0 # dummy
3305 0 # dummy
3306 0 # dummy
3307 0 # dummy
3308 0 # dummy
3309 0 # dummy
3310 0 # dummy
3311 0 # dummy
3312 0 # dummy
3313 0 # dummy
3314 0 # dummy
3315 0 # dummy
3316 0 # dummy
3317 0 # dummy
3318 0 # dummy
3319 0 # dummy
3320 0 # dummy
3321 0 # dummy
3322 0 # dummy
3323 0 # dummy
3324 0 # dummy
3325 0 # dummy
3326 0 # dummy
3327 0 # dummy
3328 0 # dummy
3329 0 # dummy
3330 0 # dummy
3331 0 # dummy
3332 0 # dummy
3333 0 # dummy
3334 0 # dummy
3335 0 # dummy
3336 0 # dummy
3337 0 # dummy
3338 0 # dummy
3339 0 # dummy
3340 0 # dummy
3341 0 # dummy
3342 0 # dummy
3343 0 # dummy
3344 0 # dummy
3345 0 # dummy
3346 0 # dummy
3347 0 # dummy
3348 0 # dummy
3349 0 # dummy
3350 0 # dummy
3351 0 # dummy
3352 0 # dummy
3353 0 # dummy
3354 0 # dummy
3355 0 # dummy
3356 0 # dummy
3357 0 # dummy
3358 0 # dummy
3359 0 # dummy
3360 0 # dummy
3361 0 # dummy
3362 0 # dummy
3363 0 # dummy
3364 0 # dummy
3365 0 # dummy
3366 0 # dummy
3367 0 # dummy
3368 0 # dummy
3369 0 # dummy
3370 0 # dummy
3371 0 # dummy
3372 0 # dummy
3373 0 # dummy
3374 0 # dummy
3375 0 # dummy
3376 0 # dummy
3377 0 # dummy
3378 0 # dummy
3379 0 # dummy
3380 0 # dummy
3381 0 # dummy
3382 0 # dummy
3383 0 # dummy
3384 0 # dummy
3385 0 # dummy
3386 0 # dummy
3387 0 # dummy
3388 0 # dummy
3389 0 # dummy
3390 0 # dummy
3391 0 # dummy
3392 0 # dummy
3393 0 # dummy
3394 0 # dummy
3395 0 # dummy
3396 0 # dummy
3397 0 # dummy
3398 0 # dummy
3399 0 # dummy
3400 0 # dummy
3401 0 # dummy
3402 0 # dummy
3403 0 # dummy
3404 0 # dummy
3405 0 # dummy
3406 0 # dummy
3407 0 # dummy
3408 0 # dummy
3409 0 # dummy
3410 0 # dummy
3411 0 # dummy
3412 0 # dummy
3413 0 # dummy
3414 0 # dummy
3415 0 # dummy
3416 0 # dummy
3417 0 # dummy
3418 0 # dummy
3419 0 # dummy
3420 0 # dummy
3421 0 # dummy
3422 0 # dummy
3423 0 # dummy
3424 0 # dummy
3425 0 # dummy
3426 0 # dummy
3427 0 # dummy
3428 0 # dummy
3429 0 # dummy
3430 0 # dummy
3431 0 # dummy
3432 0 # dummy
3433 0 # dummy
3434 0 # dummy
3435 0 # dummy
3436 0 # dummy
3437 0 # dummy
3438 0 # dummy
3439 0 # dummy
3440 0 # dummy
3441 0 # dummy
3442 0 # dummy
3443 0 # dummy
3444 0 # dummy
3445 0 # dummy
3446 0 # dummy
3447 0 # dummy
3448 0 # dummy
3449 0 # dummy
3450 0 # dummy
3451 0 # dummy
3452 0 # dummy
3453 0 # dummy
3454 0 # dummy
3455 0 # dummy
3456 0 # dummy
3457 0 # dummy
3458 0 # dummy
3459 0 # dummy
3460 0 # dummy
3461 0 # dummy
3462 0 # dummy
3463 0 # dummy
3464 0 # dummy
3465 0 # dummy
3466 0 # dummy
3467 0 # dummy
3468 0 # dummy
3469 0 # dummy
3470 0 # dummy
3471 0 # dummy
3472 0 # dummy
3473 0 # dummy
3474 0 # dummy
3475 0 # dummy
3476 0 # dummy
3477 0 # dummy
3478 0 # dummy
3479 0 # dummy
3480 0 # dummy
3481 0 # dummy
3482 0 # dummy
3483 0 # dummy
3484 0 # dummy
3485 0 # dummy
3486 0 # dummy
3487 0 # dummy
3488 0 # dummy
3489 0 # dummy
3490 0 # dummy
3491 0 # dummy
3492 0 # dummy
3493 0 # dummy
3494 0 # dummy
3495 0 # dummy
3496 0 # dummy
3497 0 # dummy
3498 0 # dummy
3499 0 # dummy
3500 0 # dummy
3501 0 # dummy
3502 0 # dummy
3503 0 # dummy
3504 0 # dummy
3505 0 # dummy
3506 0 # dummy
3507 0 # dummy
3508 0 # dummy
3509 0 # dummy
3510 0 # dummy
3511 0 # dummy
3512 0 # dummy
3513 0 # dummy
3514 0 # dummy
3515 0 # dummy
3516 0 # dummy
3517 0 # dummy
3518 0 # dummy
3519 0 # dummy
3520 0 # dummy
3521 0 # dummy
3522 0 # dummy
3523 0 # dummy
3524 0 # dummy
3525 0 # dummy
3526 0 # dummy
3527 0 # dummy
3528 0 # dummy
3529 0 # dummy
3530 0 # dummy
3531 0 # dummy
3532 0 # dummy
3533 0 # dummy
3534 0 # dummy
3535 0 # dummy
3536 0 # dummy
3537 0 # dummy
3538 0 # dummy
3539 0 # dummy
3540 0 # dummy
3541 0 # dummy
3542 0 # dummy
3543 0 # dummy
3544 0 # dummy
3545 0 # dummy
3546 0 # dummy
3547 0 # dummy
3548 0 # dummy
3549 0 # dummy
3550 0 # dummy
3551 0 # dummy
3552 0 # dummy
3553 0 # dummy
3554 0 # dummy
3555 0 # dummy
3556 0 # dummy
3557 0 # dummy
3558 0 # dummy
3559 0 # dummy
3560 0 # dummy
3561 0 # dummy
3562 0 # dummy
3563 0 # dummy
3564 0 # dummy
3565 0 # dummy
3566 0 # dummy
3567 0 # dummy
3568 0 # dummy
3569 0 # dummy
3570 0 # dummy
3571 0 # dummy
3572 0 # dummy
3573 0 # dummy
3574 0 # dummy
3575 0 # dummy
3576 0 # dummy
3577 0 # dummy
3578 0 # dummy
3579 0 # dummy
3580 0 # dummy
3581 0 # dummy
3582 0 # dummy
3583 0 # dummy
3584 0 # dummy
3585 0 # dummy
3586 0 # dummy
3587 0 # dummy
3588 0 # dummy
3589 0 # dummy
3590 0 # dummy
3591 0 # dummy
3592 0 # dummy
3593 0 # dummy
3594 0 # dummy
3595 0 # dummy
3596 0 # dummy
3597 0 # dummy
3598 0 # dummy
3599 0 # dummy
3600 0 # dummy
3601 0 # dummy
3602 0 # dummy
3603 0 # dummy
3604 0 # dummy
3605 0 # dummy
3606 0 # dummy
3607 0 # dummy
3608 0 # dummy
3609 0 # dummy
3610 0 # dummy
3611 0 # dummy
3612 0 # dummy
3613 0 # dummy
3614 0 # dummy
3615 0 # dummy
3616 0 # dummy
3617 0 # dummy
3618 0 # dummy
3619 0 # dummy
3620 0 # dummy
3621 0 # dummy
3622 0 # dummy
3623 0 # dummy
3624 0 # dummy
3625 0 # dummy
3626 0 # dummy
3627 0 # dummy
3628 0 # dummy
3629 0 # dummy
3630 0 # dummy
3631 0 # dummy
3632 0 # dummy
3633 0 # dummy
3634 0 # dummy
3635 0 # dummy
3636 0 # dummy
3637 0 # dummy
3638 0 # dummy
3639 0 # dummy
3640 0 # dummy
3641 0 # dummy
3642 0 # dummy
3643 0 # dummy
3644 0 # dummy
3645 0 # dummy
3646 0 # dummy
3647 0 # dummy
3648 0 # dummy
3649 0 # dummy
3650 0 # dummy
3651 0 # dummy
3652 0 # dummy
3653 0 # dummy
3654 0 # dummy
3655 0 # dummy
3656 0 # dummy
3657 0 # dummy
3658 0 # dummy
3659 0 # dummy
3660 0 # dummy
3661 0 # dummy
3662 0 # dummy
3663 0 # dummy
3664 0 # dummy
3665 0 # dummy
3666 0 # dummy
3667 0 # dummy
3668 0 # dummy
3669 0 # dummy
3670 0 # dummy
3671 0 # dummy
3672 0 # dummy
3673 0 # dummy
3674 0 # dummy
3675 0 # dummy
3676 0 # dummy
3677 0 # dummy
3678 0 # dummy
3679 0 # dummy
3680 0 # dummy
3681 0 # dummy
3682 0 # dummy
3683 0 # dummy
3684 0 # dummy
3685 0 # dummy
3686 0 # dummy
3687 0 # dummy
3688 0 # dummy
3689 0 # dummy
3690 0 # dummy
3691 0 # dummy
3692 0 # dummy
3693 0 # dummy
3694 0 # dummy
3695 0 # dummy
3696 0 # dummy
3697 0 # dummy
3698 0 # dummy
3699 0 # dummy
3700 0 # dummy
3701 0 # dummy
3702 0 # dummy
3703 0 # dummy
3704 0 # dummy
3705 0 # dummy
3706 0 # dummy
3707 0 # dummy
3708 0 # dummy
3709 0 # dummy
3710 0 # dummy
3711 0 # dummy
3712 0 # dummy
3713 0 # dummy
3714 0 # dummy
3715 0 # dummy
3716 0 # dummy
3717 0 # dummy
3718 0 # dummy
3719 0 # dummy
3720 0 # dummy
3721 0 # dummy
3722 0 # dummy
3723 0 # dummy
3724 0 # dummy
3725 0 # dummy
3726 0 # dummy
3727 0 # dummy
3728 0 # dummy
3729 0 # dummy
3730 0 # dummy
3731 0 # dummy
3732 0 # dummy
3733 0 # dummy
3734 0 # dummy
3735 0 # dummy
3736 0 # dummy
3737 0 # dummy
3738 0 # dummy
3739 0 # dummy
3740 0 # dummy
3741 0 # dummy
3742 0 # dummy
3743 0 # dummy
3744 0 # dummy
3745 0 # dummy
3746 0 # dummy
3747 0 # dummy
3748 0 # dummy
3749 0 # dummy
3750 0 # dummy
3751 0 # dummy
3752 0 # dummy
3753 0 # dummy
3754 0 # dummy
3755 0 # dummy
3756 0 # dummy
3757 0 # dummy
3758 0 # dummy
3759 0 # dummy
3760 0 # dummy
3761 0 # dummy
3762 0 # dummy
3763 0 # dummy
3764 0 # dummy
3765 0 # dummy
3766 0 # dummy
3767 0 # dummy
3768 0 # dummy
3769 0 # dummy
3770 0 # dummy
3771 0 # dummy
3772 0 # dummy
3773 0 # dummy
3774 0 # dummy
3775 0 # dummy
3776 0 # dummy
3777 0 # dummy
3778 0 # dummy
3779 0 # dummy
3780 0 # dummy
3781 0 # dummy
3782 0 # dummy
3783 0 # dummy
3784 0 # dummy
3785 0 # dummy
3786 0 # dummy
3787 0 # dummy
3788 0 # dummy
3789 0 # dummy
3790 0 # dummy
3791 0 # dummy
3792 0 # dummy
3793 0 # dummy
3794 0 # dummy
3795 0 # dummy
3796 0 # dummy
3797 0 # dummy
3798 0 # dummy
3799 0 # dummy
3800 0 # dummy
3801 0 # dummy
3802 0 # dummy
3803 0 # dummy
3804 0 # dummy
3805 0 # dummy
3806 0 # dummy
3807 0 # dummy
3808 0 # dummy
3809 0 # dummy
3810 0 # dummy
3811 0 # dummy
3812 0 # dummy
3813 0 # dummy
3814 0 # dummy
3815 0 # dummy
3816 0 # dummy
3817 0 # dummy
3818 0 # dummy
3819 0 # dummy
3820 0 # dummy
3821 0 # dummy
3822 0 # dummy
3823 0 # dummy
3824 0 # dummy
3825 0 # dummy
3826 0 # dummy
3827 0 # dummy
3828 0 # dummy
3829 0 # dummy
3830 0 # dummy
3831 0 # dummy
3832 0 # dummy
3833 0 # dummy
3834 0 # dummy
3835 0 # dummy
3836 0 # dummy
3837 0 # dummy
3838 0 # dummy
3839 0 # dummy
3840 0 # dummy
3841 0 # dummy
3842 0 # dummy
3843 0 # dummy
3844 0 # dummy
3845 0 # dummy
3846 0 # dummy
3847 0 # dummy
3848 0 # dummy
3849 0 # dummy
3850 0 # dummy
3851 0 # dummy
3852 0 # dummy
3853 0 # dummy
3854 0 # dummy
3855 0 # dummy
3856 0 # dummy
3857 0 # dummy
3858 0 # dummy
3859 0 # dummy
3860 0 # dummy
3861 0 # dummy
3862 0 # dummy
3863 0 # dummy
3864 0 # dummy
3865 0 # dummy
3866 0 # dummy
3867 0 # dummy
3868 0 # dummy
3869 0 # dummy
3870 0 # dummy
3871 0 # dummy
3872 0 # dummy
3873 0 # dummy
3874 0 # dummy
3875 0 # dummy
3876 0 # dummy
3877 0 # dummy
3878 0 # dummy
3879 0 # dummy
3880 0 # dummy
3881 0 # dummy
3882 0 # dummy
3883 0 # dummy
3884 0 # dummy
3885 0 # dummy
3886 0 # dummy
3887 0 # dummy
3888 0 # dummy
3889 0 # dummy
3890 0 # dummy
3891 0 # dummy
3892 0 # dummy
3893 0 # dummy
3894 0 # dummy
3895 0 # dummy
3896 0 # dummy
3897 0 # dummy
3898 0 # dummy
3899 0 # dummy
3900 0 # dummy
3901 0 # dummy
3902 0 # dummy
3903 0 # dummy
3904 0 # dummy
3905 0 # dummy
3906 0 # dummy
3907 0 # dummy
3908 0 # dummy
3909 0 # dummy
3910 0 # dummy
3911 0 # dummy
3912 0 # dummy
3913 0 # dummy
3914 0 # dummy
3915 0 # dummy
3916 0 # dummy
3917 0 # dummy
3918 0 # dummy
3919 0 # dummy
3920 0 # dummy
3921 0 # dummy
3922 0 # dummy
3923 0 # dummy
3924 0 # dummy
3925 0 # dummy
3926 0 # dummy
3927 0 # dummy
3928 0 # dummy
3929 0 # dummy
3930 0 # dummy
3931 0 # dummy
3932 0 # dummy
3933 0 # dummy
3934 0 # dummy
3935 0 # dummy
3936 0 # dummy
3937 0 # dummy
3938 0 # dummy
3939 0 # dummy
3940 0 # dummy
3941 0 # dummy
3942 0 # dummy
3943 0 # dummy
3944 0 # dummy
3945 0 # dummy
3946 0 # dummy
3947 0 # dummy
3948 0 # dummy
3949 0 # dummy
3950 0 # dummy
3951 0 # dummy
3952 0 # dummy
3953 0 # dummy
3954 0 # dummy
3955 0 # dummy
3956 0 # dummy
3957 0 # dummy
3958 0 # dummy
3959 0 # dummy
3960 0 # dummy
3961 0 # dummy
3962 0 # dummy
3963 0 # dummy
3964 0 # dummy
3965 0 # dummy
3966 0 # dummy
3967 0 # dummy
3968 0 # dummy
3969 0 # dummy
3970 0 # dummy
3971 0 # dummy
3972 0 # dummy
3973 0 # dummy
3974 0 # dummy
3975 0 # dummy
3976 0 # dummy
3977 0 # dummy
3978 0 # dummy
3979 0 # dummy
3980 0 # dummy
3981 0 # dummy
3982 0 # dummy
3983 0 # dummy
3984 0 # dummy
3985 0 # dummy
3986 0 # dummy
3987 0 # dummy
3988 0 # dummy
3989 0 # dummy
3990 0 # dummy
3991 0 # dummy
3992 0 # dummy
3993 0 # dummy
3994 0 # dummy
3995 0 # dummy
3996 0 # dummy
3997 0 # dummy
3998 0 # dummy
3999 0 # dummy
4000 0 # dummy
4001 0 # dummy
4002 0 # dummy
4003 0 # dummy
4004 0 # dummy
4005 0 # dummy
4006 0 # dummy
4007 0 # dummy
4008 0 # dummy
4009 0 # dummy
4010 0 # dummy
4011 0 # dummy
4012 0 # dummy
4013 0 # dummy
4014 0 # dummy
4015 0 # dummy
4016 0 # dummy
4017 0 # dummy
4018 0 # dummy
4019 0 # dummy
4020 0 # dummy
4021 0 # dummy
4022 0 # dummy
4023 0 # dummy
4024 0 # dummy
4025 0 # dummy
4026 0 # dummy
4027 0 # dummy
4028 0 # dummy
4029 0 # dummy
4030 0 # dummy
4031 0 # dummy
4032 0 # dummy
4033 0 # dummy
4034 0 # dummy
4035 0 # dummy
4036 0 # dummy
4037 0 # dummy
4038 0 # dummy
4039 0 # dummy
4040 0 # dummy
4041 0 # dummy
4042 0 # dummy
4043 0 # dummy
4044 0 # dummy
4045 0 # dummy
4046 0 # dummy
4047 0 # dummy
4048 0 # dummy
4049 0 # dummy
4050 0 # dummy
4051 0 # dummy
4052 0 # dummy
4053 0 # dummy
4054 0 # dummy
4055 0 # dummy
4056 0 # dummy
4057 0 # dummy
4058 0 # dummy
4059 0 # dummy
4060 0 # dummy
4061 0 # dummy
4062 0 # dummy
4063 0 # dummy
4064 0 # dummy
4065 0 # dummy
4066 0 # dummy
4067 0 # dummy
4068 0 # dummy
4069 0 # dummy
4070 0 # dummy
4071 0 # dummy
4072 0 # dummy
4073 0 # dummy
4074 0 # dummy
4075 0 # dummy
4076 0 # dummy
4077 0 # dummy
4078 0 # dummy
4079 0 # dummy
4080 0 # dummy
4081 0 # dummy
4082 0 # dummy
4083 0 # dummy
4084 0 # dummy
4085 0 # dummy
4086 0 # dummy
4087 0 # dummy
4088 0 # dummy
4089 0 # dummy
4090 0 # dummy
4091 0 # dummy
4092 0 # dummy
4093 0 # dummy
4094 0 # dummy
4095 0 # dummy
