# PT compression LUT
# maps 8 bits to 6 bits
# the 1st column is the integer value after selecting bits 1:8
# anything after # is ignored with the exception of the header
# the header is first valid line starting with #<header> versionStr nrBitsAddress nrBitsData </header>
#<header> v1 8 6 </header>
0 0
1 0
2 0
3 0
4 0
5 0
6 0
7 0
8 0
9 0
10 0
11 0
12 0
13 0
14 0
15 0
16 1
17 2
18 3
19 4
20 5
21 6
22 7
23 8
24 9
25 10
26 11
27 12
28 13
29 14
30 15
31 16
32 17
33 18
34 19
35 20
36 21
37 22
38 23
39 24
40 25
41 26
42 27
43 28
44 29
45 30
46 31
47 32
48 33
49 34
50 35
51 36
52 37
53 38
54 39
55 40
56 41
57 42
58 42
59 42
60 43
61 43
62 44
63 44
64 44
65 45
66 45
67 45
68 45
69 46
70 46
71 46
72 47
73 47
74 47
75 47
76 48
77 48
78 48
79 48
80 48
81 48
82 49
83 49
84 49
85 50
86 50
87 50
88 50
89 50
90 50
91 51
92 51
93 51
94 51
95 51
96 51
97 52
98 52
99 52
100 52
101 52
102 53
103 53
104 53
105 53
106 53
107 53
108 54
109 54
110 54
111 54
112 54
113 54
114 54
115 54
116 55
117 55
118 55
119 55
120 55
121 55
122 56
123 56
124 56
125 56
126 56
127 56
128 56
129 56
130 56
131 56
132 57
133 57
134 57
135 57
136 57
137 57
138 57
139 57
140 57
141 57
142 58
143 58
144 58
145 58
146 58
147 58
148 58
149 58
150 58
151 59
152 59
153 59
154 59
155 59
156 59
157 59
158 59
159 59
160 59
161 59
162 59
163 59
164 59
165 60
166 60
167 60
168 60
169 60
170 60
171 60
172 60
173 60
174 60
175 60
176 60
177 60
178 60
179 61
180 61
181 61
182 61
183 61
184 61
185 61
186 61
187 61
188 61
189 61
190 61
191 61
192 61
193 61
194 61
195 61
196 62
197 62
198 62
199 62
200 62
201 62
202 62
203 62
204 62
205 62
206 62
207 62
208 62
209 62
210 62
211 62
212 62
213 62
214 62
215 62
216 62
217 62
218 62
219 63
220 63
221 63
222 63
223 63
224 63
225 63
226 63
227 63
228 63
229 63
230 63
231 63
232 63
233 63
234 63
235 63
236 63
237 63
238 63
239 63
240 63
241 63
242 63
243 63
244 63
245 63
246 63
247 63
248 63
249 63
250 63
251 63
252 63
253 63
254 63
255 63
