0 0 8 1.909598   # eta_bin 0, pt 0
0 1 16 1.884286
0 2 18 1.866538
0 3 20 1.852440
0 4 22 1.837740
0 5 24 1.813793
0 6 28 1.778972
0 7 31 1.740857
0 8 35 1.702040
0 9 41 1.651799
0 10 51 1.581182
0 11 66 1.499610
0 12 87 1.425581
0 13 115 1.361226
0 14 158 1.299291
0 15 220 1.253464
1 0 8 1.909591   # eta_bin 1, pt 0
1 1 16 1.884352
1 2 18 1.866704
1 3 20 1.852770
1 4 22 1.838194
1 5 24 1.814338
1 6 28 1.779579
1 7 31 1.741464
1 8 35 1.702642
1 9 41 1.652447
1 10 51 1.581813
1 11 66 1.500266
1 12 87 1.426250
1 13 115 1.361858
1 14 158 1.299934
1 15 220 1.254160
2 0 8 1.924900   # eta_bin 2, pt 0
2 1 16 1.900409
2 2 18 1.882970
2 3 20 1.868477
2 4 22 1.853552
2 5 24 1.829464
2 6 28 1.794078
2 7 31 1.755445
2 8 35 1.715870
2 9 41 1.664295
2 10 51 1.592896
2 11 66 1.509858
2 12 87 1.434243
2 13 115 1.368473
2 14 158 1.305639
2 15 220 1.259459
3 0 8 1.942580   # eta_bin 3, pt 0
3 1 16 1.918580
3 2 18 1.901192
3 3 20 1.886738
3 4 22 1.872058
3 5 24 1.847210
3 6 28 1.809187
3 7 31 1.768784
3 8 35 1.727920
3 9 41 1.672982
3 10 51 1.599744
3 11 66 1.516621
3 12 87 1.439688
3 13 115 1.373088
3 14 158 1.309497
3 15 220 1.261744
4 0 8 1.966911   # eta_bin 4, pt 0
4 1 16 1.943501
4 2 18 1.926346
4 3 20 1.912042
4 4 22 1.896833
4 5 24 1.870143
4 6 28 1.827649
4 7 31 1.783819
4 8 35 1.740926
4 9 41 1.683405
4 10 51 1.608080
4 11 66 1.523737
4 12 87 1.445846
4 13 115 1.378245
4 14 158 1.313069
4 15 220 1.263609
5 0 8 1.983249   # eta_bin 5, pt 0
5 1 16 1.959257
5 2 18 1.941097
5 3 20 1.926523
5 4 22 1.911714
5 5 24 1.884843
5 6 28 1.841308
5 7 31 1.796385
5 8 35 1.751702
5 9 41 1.693364
5 10 51 1.616665
5 11 66 1.530539
5 12 87 1.450809
5 13 115 1.381478
5 14 158 1.314666
5 15 220 1.264049
6 0 8 1.985590   # eta_bin 6, pt 0
6 1 16 1.961682
6 2 18 1.943512
6 3 20 1.928911
6 4 22 1.914294
6 5 24 1.887804
6 6 28 1.844645
6 7 31 1.799714
6 8 35 1.754934
6 9 41 1.697182
6 10 51 1.620551
6 11 66 1.534129
6 12 87 1.453930
6 13 115 1.383779
6 14 158 1.316104
6 15 220 1.264998
7 0 8 1.993801   # eta_bin 7, pt 0
7 1 16 1.969675
7 2 18 1.951018
7 3 20 1.936229
7 4 22 1.921616
7 5 24 1.894672
7 6 28 1.852328
7 7 31 1.808152
7 8 35 1.762653
7 9 41 1.703783
7 10 51 1.626122
7 11 66 1.538623
7 12 87 1.457452
7 13 115 1.385505
7 14 158 1.317153
7 15 220 1.265364
8 0 8 2.008665   # eta_bin 8, pt 0
8 1 16 1.984195
8 2 18 1.964327
8 3 20 1.948590
8 4 22 1.933823
8 5 24 1.906279
8 6 28 1.862956
8 7 31 1.816997
8 8 35 1.769128
8 9 41 1.708962
8 10 51 1.630696
8 11 66 1.542008
8 12 87 1.459765
8 13 115 1.386884
8 14 158 1.318138
8 15 220 1.266051
9 0 8 2.014362   # eta_bin 9, pt 0
9 1 16 1.989888
9 2 18 1.969603
9 3 20 1.954037
9 4 22 1.940378
9 5 24 1.914308
9 6 28 1.874461
9 7 31 1.831147
9 8 35 1.782604
9 9 41 1.722172
9 10 51 1.642210
9 11 66 1.552813
9 12 87 1.470941
9 13 115 1.395720
9 14 158 1.324415
9 15 220 1.269901
10 0 8 2.025228   # eta_bin 10, pt 0
10 1 16 2.000710
10 2 18 1.979895
10 3 20 1.963550
10 4 22 1.949298
10 5 24 1.922361
10 6 28 1.882359
10 7 31 1.838704
10 8 35 1.790446
10 9 41 1.732490
10 10 51 1.653966
10 11 66 1.564308
10 12 87 1.481090
10 13 115 1.405004
10 14 158 1.332039
10 15 220 1.276648
11 0 8 2.063302   # eta_bin 11, pt 0
11 1 16 2.040487
11 2 18 2.024387
11 3 20 2.012653
11 4 22 1.995862
11 5 24 1.964016
11 6 28 1.922396
11 7 31 1.879114
11 8 35 1.827903
11 9 41 1.761122
11 10 51 1.681430
11 11 66 1.586773
11 12 87 1.496883
11 13 115 1.422163
11 14 158 1.346789
11 15 220 1.284412
12 0 8 2.164593   # eta_bin 12, pt 0
12 1 16 2.141943
12 2 18 2.120306
12 3 20 2.086862
12 4 22 2.048478
12 5 24 2.010106
12 6 28 1.965866
12 7 31 1.925423
12 8 35 1.871021
12 9 41 1.801816
12 10 51 1.716963
12 11 66 1.622423
12 12 87 1.533528
12 13 115 1.445213
12 14 158 1.363564
12 15 220 1.296478
13 0 8 2.235589   # eta_bin 13, pt 0
13 1 16 2.209464
13 2 18 2.182775
13 3 20 2.146972
13 4 22 2.110946
13 5 24 2.072387
13 6 28 2.022063
13 7 31 1.973104
13 8 35 1.919556
13 9 41 1.850805
13 10 51 1.761761
13 11 66 1.664646
13 12 87 1.571445
13 13 115 1.473593
13 14 158 1.384168
13 15 220 1.309884
14 0 8 2.272847   # eta_bin 14, pt 0
14 1 16 2.247519
14 2 18 2.222943
14 3 20 2.188849
14 4 22 2.151367
14 5 24 2.110250
14 6 28 2.056977
14 7 31 2.004042
14 8 35 1.946803
14 9 41 1.875094
14 10 51 1.784371
14 11 66 1.683738
14 12 87 1.583812
14 13 115 1.483105
14 14 158 1.390326
14 15 220 1.311681
15 0 8 2.340811   # eta_bin 15, pt 0
15 1 16 2.315031
15 2 18 2.286720
15 3 20 2.246909
15 4 22 2.205201
15 5 24 2.160575
15 6 28 2.104215
15 7 31 2.049018
15 8 35 1.989687
15 9 41 1.915970
15 10 51 1.822668
15 11 66 1.721148
15 12 87 1.617198
15 13 115 1.511869
15 14 158 1.417213
15 15 220 1.333715
16 0 8 2.377461   # eta_bin 16, pt 0
16 1 16 2.351281
16 2 18 2.322215
16 3 20 2.281186
16 4 22 2.238199
16 5 24 2.192249
16 6 28 2.134696
16 7 31 2.078255
16 8 35 2.017571
16 9 41 1.942868
16 10 51 1.848444
16 11 66 1.745767
16 12 87 1.639720
16 13 115 1.531690
16 14 158 1.436347
16 15 220 1.354451
17 0 8 2.300615   # eta_bin 17, pt 0
17 1 16 2.273295
17 2 18 2.241447
17 3 20 2.197233
17 4 22 2.152747
17 5 24 2.106630
17 6 28 2.050520
17 7 31 1.995406
17 8 35 1.934726
17 9 41 1.861241
17 10 51 1.770185
17 11 66 1.663237
17 12 87 1.553806
17 13 115 1.456201
17 14 158 1.369257
17 15 220 1.283248
18 0 8 2.297961   # eta_bin 18, pt 0
18 1 16 2.270350
18 2 18 2.238196
18 3 20 2.193253
18 4 22 2.147670
18 5 24 2.100523
18 6 28 2.043363
18 7 31 1.987018
18 8 35 1.924729
18 9 41 1.849474
18 10 51 1.756906
18 11 66 1.642233
18 12 87 1.527068
18 13 115 1.434455
18 14 158 1.354510
18 15 220 1.283400
19 0 8 2.300502   # eta_bin 19, pt 0
19 1 16 2.271836
19 2 18 2.238480
19 3 20 2.191369
19 4 22 2.143365
19 5 24 2.094530
19 6 28 2.036757
19 7 31 1.980336
19 8 35 1.918133
19 9 41 1.842953
19 10 51 1.750639
19 11 66 1.636511
19 12 87 1.522929
19 13 115 1.432988
19 14 158 1.353796
19 15 220 1.283337
20 0 8 2.354049   # eta_bin 20, pt 0
20 1 16 2.305270
20 2 18 2.251535
20 3 20 2.192216
20 4 22 2.139960
20 5 24 2.089388
20 6 28 2.030773
20 7 31 1.973474
20 8 35 1.910295
20 9 41 1.833953
20 10 51 1.740431
20 11 66 1.621262
20 12 87 1.508909
20 13 115 1.420774
20 14 158 1.346581
20 15 220 1.281480
21 0 8 2.319075   # eta_bin 21, pt 0
21 1 16 2.274848
21 2 18 2.227116
21 3 20 2.169312
21 4 22 2.112443
21 5 24 2.055283
21 6 28 1.988491
21 7 31 1.924888
21 8 35 1.859845
21 9 41 1.781453
21 10 51 1.687399
21 11 66 1.572915
21 12 87 1.472509
21 13 115 1.391838
21 14 158 1.320044
21 15 220 1.261072
22 0 8 2.228002   # eta_bin 22, pt 0
22 1 16 2.186467
22 2 18 2.141492
22 3 20 2.087115
22 4 22 2.033465
22 5 24 1.978427
22 6 28 1.914092
22 7 31 1.848859
22 8 35 1.786153
22 9 41 1.715934
22 10 51 1.623199
22 11 66 1.519736
22 12 87 1.428705
22 13 115 1.357499
22 14 158 1.290138
22 15 220 1.228454
23 0 8 2.127226   # eta_bin 23, pt 0
23 1 16 2.078618
23 2 18 2.017311
23 3 20 1.939946
23 4 22 1.870787
23 5 24 1.802340
23 6 28 1.726124
23 7 31 1.676380
23 8 35 1.632364
23 9 41 1.584447
23 10 51 1.526489
23 11 66 1.449231
23 12 87 1.375440
23 13 115 1.314656
23 14 158 1.257602
23 15 220 1.201436
24 0 8 2.073777   # eta_bin 24, pt 0
24 1 16 2.017503
24 2 18 1.947353
24 3 20 1.866649
24 4 22 1.799009
24 5 24 1.735856
24 6 28 1.675879
24 7 31 1.635897
24 8 35 1.597983
24 9 41 1.553264
24 10 51 1.497208
24 11 66 1.424918
24 12 87 1.358564
24 13 115 1.300414
24 14 158 1.245152
24 15 220 1.191248
25 0 8 2.006050   # eta_bin 25, pt 0
25 1 16 1.936379
25 2 18 1.851702
25 3 20 1.770862
25 4 22 1.716674
25 5 24 1.670810
25 6 28 1.610352
25 7 31 1.572301
25 8 35 1.542881
25 9 41 1.485896
25 10 51 1.454118
25 11 66 1.372884
25 12 87 1.304480
25 13 115 1.245623
25 14 158 1.189378
25 15 220 1.145335
26 0 8 2.103080   # eta_bin 26, pt 0
26 1 16 2.028346
26 2 18 1.938049
26 3 20 1.849374
26 4 22 1.789062
26 5 24 1.736656
26 6 28 1.665772
26 7 31 1.616494
26 8 35 1.562803
26 9 41 1.492044
26 10 51 1.448625
26 11 66 1.354989
26 12 87 1.280105
26 13 115 1.220278
26 14 158 1.162614
26 15 220 1.124637
27 0 8 1.544641   # eta_bin 27, pt 0
27 1 16 1.489281
27 2 18 1.408972
27 3 20 1.316896
27 4 22 1.249147
27 5 24 1.188648
27 6 28 1.132041
27 7 31 1.108398
27 8 35 1.110514
27 9 41 1.151880
27 10 51 1.208552
27 11 66 1.226360
27 12 87 1.194394
27 13 115 1.135502
27 14 158 1.085249
27 15 220 1.049897
28 0 8 1.000000   # eta_bin 28, pt 0
28 1 16 1.000000
28 2 18 1.000000
28 3 20 1.000000
28 4 22 1.000000
28 5 24 1.000000
28 6 28 1.000000
28 7 31 1.000000
28 8 35 1.000000
28 9 41 1.000000
28 10 51 1.000000
28 11 66 1.000000
28 12 87 1.000000
28 13 115 1.000000
28 14 158 1.000000
28 15 220 1.000000
29 0 8 1.380123   # eta_bin 29, pt 0
29 1 16 1.334614
29 2 18 1.269728
29 3 20 1.196052
29 4 22 1.142577
29 5 24 1.091943
29 6 28 1.035805
29 7 31 1.003364
29 8 35 0.993877
29 9 41 1.016633
29 10 51 1.044962
29 11 66 1.058162
29 12 87 1.059141
29 13 115 1.048507
29 14 158 1.024366
29 15 220 0.988666
30 0 8 1.199722   # eta_bin 30, pt 0
30 1 16 1.161322
30 2 18 1.107630
30 3 20 1.046144
30 4 22 0.996252
30 5 24 0.944222
30 6 28 0.882825
30 7 31 0.835865
30 8 35 0.815249
30 9 41 0.808278
30 10 51 0.849481
30 11 66 0.901555
30 12 87 0.928957
30 13 115 0.930734
30 14 158 0.914496
30 15 220 0.874898
31 0 8 1.200633   # eta_bin 31, pt 0
31 1 16 1.162639
31 2 18 1.109556
31 3 20 1.048173
31 4 22 0.998097
31 5 24 0.945775
31 6 28 0.882633
31 7 31 0.833086
31 8 35 0.801576
31 9 41 0.774426
31 10 51 0.783181
31 11 66 0.843499
31 12 87 0.897302
31 13 115 0.909896
31 14 158 0.909645
31 15 220 0.871236
32 0 8 1.142069   # eta_bin 32, pt 0
32 1 16 1.104524
32 2 18 1.050529
32 3 20 0.986244
32 4 22 0.931218
32 5 24 0.871437
32 6 28 0.800100
32 7 31 0.742072
32 8 35 0.699115
32 9 41 0.663432
32 10 51 0.664308
32 11 66 0.735629
32 12 87 0.799379
32 13 115 0.822655
32 14 158 0.835625
32 15 220 0.813187
33 0 8 1.084876   # eta_bin 33, pt 0
33 1 16 1.049652
33 2 18 0.999776
33 3 20 0.939627
33 4 22 0.887048
33 5 24 0.831125
33 6 28 0.767439
33 7 31 0.719090
33 8 35 0.687122
33 9 41 0.667218
33 10 51 0.680710
33 11 66 0.754691
33 12 87 0.815669
33 13 115 0.833653
33 14 158 0.841908
33 15 220 0.814723
34 0 8 1.118766   # eta_bin 34, pt 0
34 1 16 1.081420
34 2 18 1.028079
34 3 20 0.964209
34 4 22 0.909502
34 5 24 0.850718
34 6 28 0.781937
34 7 31 0.728894
34 8 35 0.691053
34 9 41 0.662444
34 10 51 0.670677
34 11 66 0.741655
34 12 87 0.802328
34 13 115 0.822028
34 14 158 0.830413
34 15 220 0.804967
35 0 8 1.141554   # eta_bin 35, pt 0
35 1 16 1.103333
35 2 18 1.048834
35 3 20 0.983818
35 4 22 0.927723
35 5 24 0.867054
35 6 28 0.795182
35 7 31 0.738199
35 8 35 0.696578
35 9 41 0.664623
35 10 51 0.670775
35 11 66 0.741611
35 12 87 0.801321
35 13 115 0.820366
35 14 158 0.828202
35 15 220 0.803253
36 0 8 1.188422   # eta_bin 36, pt 0
36 1 16 1.149829
36 2 18 1.094108
36 3 20 1.027256
36 4 22 0.968900
36 5 24 0.904572
36 6 28 0.827301
36 7 31 0.764713
36 8 35 0.709182
36 9 41 0.655652
36 10 51 0.630937
36 11 66 0.676493
36 12 87 0.731328
36 13 115 0.763631
36 14 158 0.789756
36 15 220 0.779526
37 0 8 1.257075   # eta_bin 37, pt 0
37 1 16 1.209403
37 2 18 1.144989
37 3 20 1.071813
37 4 22 1.009937
37 5 24 0.942913
37 6 28 0.863037
37 7 31 0.799039
37 8 35 0.747501
37 9 41 0.702563
37 10 51 0.696063
37 11 66 0.739593
37 12 87 0.790322
37 13 115 0.809740
37 14 158 0.826007
37 15 220 0.804188
38 0 8 1.255388   # eta_bin 38, pt 0
38 1 16 1.208607
38 2 18 1.145406
38 3 20 1.073398
38 4 22 1.011754
38 5 24 0.945006
38 6 28 0.868713
38 7 31 0.808197
38 8 35 0.770640
38 9 41 0.745913
38 10 51 0.747128
38 11 66 0.778441
38 12 87 0.811162
38 13 115 0.816598
38 14 158 0.831291
38 15 220 0.808295
39 0 8 1.534107   # eta_bin 39, pt 0
39 1 16 1.469069
39 2 18 1.390155
39 3 20 1.304550
39 4 22 1.233755
39 5 24 1.155728
39 6 28 1.064856
39 7 31 0.991022
39 8 35 0.939261
39 9 41 0.876654
39 10 51 0.833167
39 11 66 0.806314
39 12 87 0.828850
39 13 115 0.826090
39 14 158 0.841127
39 15 220 0.817594
40 0 8 1.534107   # eta_bin 40, pt 0
40 1 16 1.469069
40 2 18 1.390155
40 3 20 1.304550
40 4 22 1.233755
40 5 24 1.155728
40 6 28 1.064856
40 7 31 0.991022
40 8 35 0.939261
40 9 41 0.876654
40 10 51 0.833167
40 11 66 0.806314
40 12 87 0.828850
40 13 115 0.826090
40 14 158 0.841127
40 15 220 0.817594
