1 0 15 15 0 0 1.909598   # ieta 1, pt 0
1 16 16 16 0 1 1.884286
1 17 18 18 0 2 1.866538
1 19 20 20 0 3 1.852440
1 21 22 22 0 4 1.837740
1 23 25 24 0 5 1.813793
1 26 29 28 0 6 1.778972
1 30 32 31 0 7 1.740857
1 33 37 35 0 8 1.702040
1 38 44 41 0 9 1.651799
1 45 56 51 0 10 1.581182
1 57 74 66 0 11 1.499610
1 75 98 87 0 12 1.425581
1 99 131 115 0 13 1.361226
1 132 184 158 0 14 1.299291
1 185 255 220 0 15 1.253464
2 0 15 15 1 0 1.909591   # ieta 2, pt 0
2 16 16 16 1 1 1.884352
2 17 18 18 1 2 1.866704
2 19 20 20 1 3 1.852770
2 21 22 22 1 4 1.838194
2 23 25 24 1 5 1.814338
2 26 29 28 1 6 1.779579
2 30 32 31 1 7 1.741464
2 33 37 35 1 8 1.702642
2 38 44 41 1 9 1.652447
2 45 56 51 1 10 1.581813
2 57 74 66 1 11 1.500266
2 75 98 87 1 12 1.426250
2 99 131 115 1 13 1.361858
2 132 184 158 1 14 1.299934
2 185 255 220 1 15 1.254160
3 0 15 15 2 0 1.924900   # ieta 3, pt 0
3 16 16 16 2 1 1.900409
3 17 18 18 2 2 1.882970
3 19 20 20 2 3 1.868477
3 21 22 22 2 4 1.853552
3 23 25 24 2 5 1.829464
3 26 29 28 2 6 1.794078
3 30 32 31 2 7 1.755445
3 33 37 35 2 8 1.715870
3 38 44 41 2 9 1.664295
3 45 56 51 2 10 1.592896
3 57 74 66 2 11 1.509858
3 75 98 87 2 12 1.434243
3 99 131 115 2 13 1.368473
3 132 184 158 2 14 1.305639
3 185 255 220 2 15 1.259459
4 0 15 15 3 0 1.942580   # ieta 4, pt 0
4 16 16 16 3 1 1.918580
4 17 18 18 3 2 1.901192
4 19 20 20 3 3 1.886738
4 21 22 22 3 4 1.872058
4 23 25 24 3 5 1.847210
4 26 29 28 3 6 1.809187
4 30 32 31 3 7 1.768784
4 33 37 35 3 8 1.727920
4 38 44 41 3 9 1.672982
4 45 56 51 3 10 1.599744
4 57 74 66 3 11 1.516621
4 75 98 87 3 12 1.439688
4 99 131 115 3 13 1.373088
4 132 184 158 3 14 1.309497
4 185 255 220 3 15 1.261744
5 0 15 15 4 0 1.966911   # ieta 5, pt 0
5 16 16 16 4 1 1.943501
5 17 18 18 4 2 1.926346
5 19 20 20 4 3 1.912042
5 21 22 22 4 4 1.896833
5 23 25 24 4 5 1.870143
5 26 29 28 4 6 1.827649
5 30 32 31 4 7 1.783819
5 33 37 35 4 8 1.740926
5 38 44 41 4 9 1.683405
5 45 56 51 4 10 1.608080
5 57 74 66 4 11 1.523737
5 75 98 87 4 12 1.445846
5 99 131 115 4 13 1.378245
5 132 184 158 4 14 1.313069
5 185 255 220 4 15 1.263609
6 0 15 15 5 0 1.983249   # ieta 6, pt 0
6 16 16 16 5 1 1.959257
6 17 18 18 5 2 1.941097
6 19 20 20 5 3 1.926523
6 21 22 22 5 4 1.911714
6 23 25 24 5 5 1.884843
6 26 29 28 5 6 1.841308
6 30 32 31 5 7 1.796385
6 33 37 35 5 8 1.751702
6 38 44 41 5 9 1.693364
6 45 56 51 5 10 1.616665
6 57 74 66 5 11 1.530539
6 75 98 87 5 12 1.450809
6 99 131 115 5 13 1.381478
6 132 184 158 5 14 1.314666
6 185 255 220 5 15 1.264049
7 0 15 15 6 0 1.985590   # ieta 7, pt 0
7 16 16 16 6 1 1.961682
7 17 18 18 6 2 1.943512
7 19 20 20 6 3 1.928911
7 21 22 22 6 4 1.914294
7 23 25 24 6 5 1.887804
7 26 29 28 6 6 1.844645
7 30 32 31 6 7 1.799714
7 33 37 35 6 8 1.754934
7 38 44 41 6 9 1.697182
7 45 56 51 6 10 1.620551
7 57 74 66 6 11 1.534129
7 75 98 87 6 12 1.453930
7 99 131 115 6 13 1.383779
7 132 184 158 6 14 1.316104
7 185 255 220 6 15 1.264998
8 0 15 15 7 0 1.993801   # ieta 8, pt 0
8 16 16 16 7 1 1.969675
8 17 18 18 7 2 1.951018
8 19 20 20 7 3 1.936229
8 21 22 22 7 4 1.921616
8 23 25 24 7 5 1.894672
8 26 29 28 7 6 1.852328
8 30 32 31 7 7 1.808152
8 33 37 35 7 8 1.762653
8 38 44 41 7 9 1.703783
8 45 56 51 7 10 1.626122
8 57 74 66 7 11 1.538623
8 75 98 87 7 12 1.457452
8 99 131 115 7 13 1.385505
8 132 184 158 7 14 1.317153
8 185 255 220 7 15 1.265364
9 0 15 15 8 0 2.008665   # ieta 9, pt 0
9 16 16 16 8 1 1.984195
9 17 18 18 8 2 1.964327
9 19 20 20 8 3 1.948590
9 21 22 22 8 4 1.933823
9 23 25 24 8 5 1.906279
9 26 29 28 8 6 1.862956
9 30 32 31 8 7 1.816997
9 33 37 35 8 8 1.769128
9 38 44 41 8 9 1.708962
9 45 56 51 8 10 1.630696
9 57 74 66 8 11 1.542008
9 75 98 87 8 12 1.459765
9 99 131 115 8 13 1.386884
9 132 184 158 8 14 1.318138
9 185 255 220 8 15 1.266051
10 0 15 15 9 0 2.014362   # ieta 10, pt 0
10 16 16 16 9 1 1.989888
10 17 18 18 9 2 1.969603
10 19 20 20 9 3 1.954037
10 21 22 22 9 4 1.940378
10 23 25 24 9 5 1.914308
10 26 29 28 9 6 1.874461
10 30 32 31 9 7 1.831147
10 33 37 35 9 8 1.782604
10 38 44 41 9 9 1.722172
10 45 56 51 9 10 1.642210
10 57 74 66 9 11 1.552813
10 75 98 87 9 12 1.470941
10 99 131 115 9 13 1.395720
10 132 184 158 9 14 1.324415
10 185 255 220 9 15 1.269901
11 0 15 15 10 0 2.025228   # ieta 11, pt 0
11 16 16 16 10 1 2.000710
11 17 18 18 10 2 1.979895
11 19 20 20 10 3 1.963550
11 21 22 22 10 4 1.949298
11 23 25 24 10 5 1.922361
11 26 29 28 10 6 1.882359
11 30 32 31 10 7 1.838704
11 33 37 35 10 8 1.790446
11 38 44 41 10 9 1.732490
11 45 56 51 10 10 1.653966
11 57 74 66 10 11 1.564308
11 75 98 87 10 12 1.481090
11 99 131 115 10 13 1.405004
11 132 184 158 10 14 1.332039
11 185 255 220 10 15 1.276648
12 0 15 15 11 0 2.063302   # ieta 12, pt 0
12 16 16 16 11 1 2.040487
12 17 18 18 11 2 2.024387
12 19 20 20 11 3 2.012653
12 21 22 22 11 4 1.995862
12 23 25 24 11 5 1.964016
12 26 29 28 11 6 1.922396
12 30 32 31 11 7 1.879114
12 33 37 35 11 8 1.827903
12 38 44 41 11 9 1.761122
12 45 56 51 11 10 1.681430
12 57 74 66 11 11 1.586773
12 75 98 87 11 12 1.496883
12 99 131 115 11 13 1.422163
12 132 184 158 11 14 1.346789
12 185 255 220 11 15 1.284412
13 0 15 15 12 0 2.164593   # ieta 13, pt 0
13 16 16 16 12 1 2.141943
13 17 18 18 12 2 2.120306
13 19 20 20 12 3 2.086862
13 21 22 22 12 4 2.048478
13 23 25 24 12 5 2.010106
13 26 29 28 12 6 1.965866
13 30 32 31 12 7 1.925423
13 33 37 35 12 8 1.871021
13 38 44 41 12 9 1.801816
13 45 56 51 12 10 1.716963
13 57 74 66 12 11 1.622423
13 75 98 87 12 12 1.533528
13 99 131 115 12 13 1.445213
13 132 184 158 12 14 1.363564
13 185 255 220 12 15 1.296478
14 0 15 15 13 0 2.235589   # ieta 14, pt 0
14 16 16 16 13 1 2.209464
14 17 18 18 13 2 2.182775
14 19 20 20 13 3 2.146972
14 21 22 22 13 4 2.110946
14 23 25 24 13 5 2.072387
14 26 29 28 13 6 2.022063
14 30 32 31 13 7 1.973104
14 33 37 35 13 8 1.919556
14 38 44 41 13 9 1.850805
14 45 56 51 13 10 1.761761
14 57 74 66 13 11 1.664646
14 75 98 87 13 12 1.571445
14 99 131 115 13 13 1.473593
14 132 184 158 13 14 1.384168
14 185 255 220 13 15 1.309884
15 0 15 15 14 0 2.272847   # ieta 15, pt 0
15 16 16 16 14 1 2.247519
15 17 18 18 14 2 2.222943
15 19 20 20 14 3 2.188849
15 21 22 22 14 4 2.151367
15 23 25 24 14 5 2.110250
15 26 29 28 14 6 2.056977
15 30 32 31 14 7 2.004042
15 33 37 35 14 8 1.946803
15 38 44 41 14 9 1.875094
15 45 56 51 14 10 1.784371
15 57 74 66 14 11 1.683738
15 75 98 87 14 12 1.583812
15 99 131 115 14 13 1.483105
15 132 184 158 14 14 1.390326
15 185 255 220 14 15 1.311681
16 0 15 15 15 0 2.340811   # ieta 16, pt 0
16 16 16 16 15 1 2.315031
16 17 18 18 15 2 2.286720
16 19 20 20 15 3 2.246909
16 21 22 22 15 4 2.205201
16 23 25 24 15 5 2.160575
16 26 29 28 15 6 2.104215
16 30 32 31 15 7 2.049018
16 33 37 35 15 8 1.989687
16 38 44 41 15 9 1.915970
16 45 56 51 15 10 1.822668
16 57 74 66 15 11 1.721148
16 75 98 87 15 12 1.617198
16 99 131 115 15 13 1.511869
16 132 184 158 15 14 1.417213
16 185 255 220 15 15 1.333715
17 0 15 15 16 0 2.377461   # ieta 17, pt 0
17 16 16 16 16 1 2.351281
17 17 18 18 16 2 2.322215
17 19 20 20 16 3 2.281186
17 21 22 22 16 4 2.238199
17 23 25 24 16 5 2.192249
17 26 29 28 16 6 2.134696
17 30 32 31 16 7 2.078255
17 33 37 35 16 8 2.017571
17 38 44 41 16 9 1.942868
17 45 56 51 16 10 1.848444
17 57 74 66 16 11 1.745767
17 75 98 87 16 12 1.639720
17 99 131 115 16 13 1.531690
17 132 184 158 16 14 1.436347
17 185 255 220 16 15 1.354451
18 0 15 15 17 0 2.300615   # ieta 18, pt 0
18 16 16 16 17 1 2.273295
18 17 18 18 17 2 2.241447
18 19 20 20 17 3 2.197233
18 21 22 22 17 4 2.152747
18 23 25 24 17 5 2.106630
18 26 29 28 17 6 2.050520
18 30 32 31 17 7 1.995406
18 33 37 35 17 8 1.934726
18 38 44 41 17 9 1.861241
18 45 56 51 17 10 1.770185
18 57 74 66 17 11 1.663237
18 75 98 87 17 12 1.553806
18 99 131 115 17 13 1.456201
18 132 184 158 17 14 1.369257
18 185 255 220 17 15 1.283248
19 0 15 15 18 0 2.297961   # ieta 19, pt 0
19 16 16 16 18 1 2.270350
19 17 18 18 18 2 2.238196
19 19 20 20 18 3 2.193253
19 21 22 22 18 4 2.147670
19 23 25 24 18 5 2.100523
19 26 29 28 18 6 2.043363
19 30 32 31 18 7 1.987018
19 33 37 35 18 8 1.924729
19 38 44 41 18 9 1.849474
19 45 56 51 18 10 1.756906
19 57 74 66 18 11 1.642233
19 75 98 87 18 12 1.527068
19 99 131 115 18 13 1.434455
19 132 184 158 18 14 1.354510
19 185 255 220 18 15 1.283400
20 0 15 15 19 0 2.300502   # ieta 20, pt 0
20 16 16 16 19 1 2.271836
20 17 18 18 19 2 2.238480
20 19 20 20 19 3 2.191369
20 21 22 22 19 4 2.143365
20 23 25 24 19 5 2.094530
20 26 29 28 19 6 2.036757
20 30 32 31 19 7 1.980336
20 33 37 35 19 8 1.918133
20 38 44 41 19 9 1.842953
20 45 56 51 19 10 1.750639
20 57 74 66 19 11 1.636511
20 75 98 87 19 12 1.522929
20 99 131 115 19 13 1.432988
20 132 184 158 19 14 1.353796
20 185 255 220 19 15 1.283337
21 0 15 15 20 0 2.354049   # ieta 21, pt 0
21 16 16 16 20 1 2.305270
21 17 18 18 20 2 2.251535
21 19 20 20 20 3 2.192216
21 21 22 22 20 4 2.139960
21 23 25 24 20 5 2.089388
21 26 29 28 20 6 2.030773
21 30 32 31 20 7 1.973474
21 33 37 35 20 8 1.910295
21 38 44 41 20 9 1.833953
21 45 56 51 20 10 1.740431
21 57 74 66 20 11 1.621262
21 75 98 87 20 12 1.508909
21 99 131 115 20 13 1.420774
21 132 184 158 20 14 1.346581
21 185 255 220 20 15 1.281480
22 0 15 15 21 0 2.319075   # ieta 22, pt 0
22 16 16 16 21 1 2.274848
22 17 18 18 21 2 2.227116
22 19 20 20 21 3 2.169312
22 21 22 22 21 4 2.112443
22 23 25 24 21 5 2.055283
22 26 29 28 21 6 1.988491
22 30 32 31 21 7 1.924888
22 33 37 35 21 8 1.859845
22 38 44 41 21 9 1.781453
22 45 56 51 21 10 1.687399
22 57 74 66 21 11 1.572915
22 75 98 87 21 12 1.472509
22 99 131 115 21 13 1.391838
22 132 184 158 21 14 1.320044
22 185 255 220 21 15 1.261072
23 0 15 15 22 0 2.228002   # ieta 23, pt 0
23 16 16 16 22 1 2.186467
23 17 18 18 22 2 2.141492
23 19 20 20 22 3 2.087115
23 21 22 22 22 4 2.033465
23 23 25 24 22 5 1.978427
23 26 29 28 22 6 1.914092
23 30 32 31 22 7 1.848859
23 33 37 35 22 8 1.786153
23 38 44 41 22 9 1.715934
23 45 56 51 22 10 1.623199
23 57 74 66 22 11 1.519736
23 75 98 87 22 12 1.428705
23 99 131 115 22 13 1.357499
23 132 184 158 22 14 1.290138
23 185 255 220 22 15 1.228454
24 0 15 15 23 0 2.127226   # ieta 24, pt 0
24 16 16 16 23 1 2.078618
24 17 18 18 23 2 2.017311
24 19 20 20 23 3 1.939946
24 21 22 22 23 4 1.870787
24 23 25 24 23 5 1.802340
24 26 29 28 23 6 1.726124
24 30 32 31 23 7 1.676380
24 33 37 35 23 8 1.632364
24 38 44 41 23 9 1.584447
24 45 56 51 23 10 1.526489
24 57 74 66 23 11 1.449231
24 75 98 87 23 12 1.375440
24 99 131 115 23 13 1.314656
24 132 184 158 23 14 1.257602
24 185 255 220 23 15 1.201436
25 0 15 15 24 0 2.073777   # ieta 25, pt 0
25 16 16 16 24 1 2.017503
25 17 18 18 24 2 1.947353
25 19 20 20 24 3 1.866649
25 21 22 22 24 4 1.799009
25 23 25 24 24 5 1.735856
25 26 29 28 24 6 1.675879
25 30 32 31 24 7 1.635897
25 33 37 35 24 8 1.597983
25 38 44 41 24 9 1.553264
25 45 56 51 24 10 1.497208
25 57 74 66 24 11 1.424918
25 75 98 87 24 12 1.358564
25 99 131 115 24 13 1.300414
25 132 184 158 24 14 1.245152
25 185 255 220 24 15 1.191248
26 0 15 15 25 0 2.006050   # ieta 26, pt 0
26 16 16 16 25 1 1.936379
26 17 18 18 25 2 1.851702
26 19 20 20 25 3 1.770862
26 21 22 22 25 4 1.716674
26 23 25 24 25 5 1.670810
26 26 29 28 25 6 1.610352
26 30 32 31 25 7 1.572301
26 33 37 35 25 8 1.542881
26 38 44 41 25 9 1.485896
26 45 56 51 25 10 1.454118
26 57 74 66 25 11 1.372884
26 75 98 87 25 12 1.304480
26 99 131 115 25 13 1.245623
26 132 184 158 25 14 1.189378
26 185 255 220 25 15 1.145335
27 0 15 15 26 0 2.103080   # ieta 27, pt 0
27 16 16 16 26 1 2.028346
27 17 18 18 26 2 1.938049
27 19 20 20 26 3 1.849374
27 21 22 22 26 4 1.789062
27 23 25 24 26 5 1.736656
27 26 29 28 26 6 1.665772
27 30 32 31 26 7 1.616494
27 33 37 35 26 8 1.562803
27 38 44 41 26 9 1.492044
27 45 56 51 26 10 1.448625
27 57 74 66 26 11 1.354989
27 75 98 87 26 12 1.280105
27 99 131 115 26 13 1.220278
27 132 184 158 26 14 1.162614
27 185 255 220 26 15 1.124637
28 0 15 15 27 0 1.544641   # ieta 28, pt 0
28 16 16 16 27 1 1.489281
28 17 18 18 27 2 1.408972
28 19 20 20 27 3 1.316896
28 21 22 22 27 4 1.249147
28 23 25 24 27 5 1.188648
28 26 29 28 27 6 1.132041
28 30 32 31 27 7 1.108398
28 33 37 35 27 8 1.110514
28 38 44 41 27 9 1.151880
28 45 56 51 27 10 1.208552
28 57 74 66 27 11 1.226360
28 75 98 87 27 12 1.194394
28 99 131 115 27 13 1.135502
28 132 184 158 27 14 1.085249
28 185 255 220 27 15 1.049897
30 0 15 15 28 0 1.380123   # ieta 30, pt 0
30 16 16 16 28 1 1.334614
30 17 18 18 28 2 1.269728
30 19 20 20 28 3 1.196052
30 21 22 22 28 4 1.142577
30 23 25 24 28 5 1.091943
30 26 29 28 28 6 1.035805
30 30 32 31 28 7 1.003364
30 33 37 35 28 8 0.993877
30 38 44 41 28 9 1.016633
30 45 56 51 28 10 1.044962
30 57 74 66 28 11 1.058162
30 75 98 87 28 12 1.059141
30 99 131 115 28 13 1.048507
30 132 184 158 28 14 1.024366
30 185 255 220 28 15 0.988666
31 0 15 15 29 0 1.199722   # ieta 31, pt 0
31 16 16 16 29 1 1.161322
31 17 18 18 29 2 1.107630
31 19 20 20 29 3 1.046144
31 21 22 22 29 4 0.996252
31 23 25 24 29 5 0.944222
31 26 29 28 29 6 0.882825
31 30 32 31 29 7 0.835865
31 33 37 35 29 8 0.815249
31 38 44 41 29 9 0.808278
31 45 56 51 29 10 0.849481
31 57 74 66 29 11 0.901555
31 75 98 87 29 12 0.928957
31 99 131 115 29 13 0.930734
31 132 184 158 29 14 0.914496
31 185 255 220 29 15 0.874898
32 0 15 15 30 0 1.200633   # ieta 32, pt 0
32 16 16 16 30 1 1.162639
32 17 18 18 30 2 1.109556
32 19 20 20 30 3 1.048173
32 21 22 22 30 4 0.998097
32 23 25 24 30 5 0.945775
32 26 29 28 30 6 0.882633
32 30 32 31 30 7 0.833086
32 33 37 35 30 8 0.801576
32 38 44 41 30 9 0.774426
32 45 56 51 30 10 0.783181
32 57 74 66 30 11 0.843499
32 75 98 87 30 12 0.897302
32 99 131 115 30 13 0.909896
32 132 184 158 30 14 0.909645
32 185 255 220 30 15 0.871236
33 0 15 15 31 0 1.142069   # ieta 33, pt 0
33 16 16 16 31 1 1.104524
33 17 18 18 31 2 1.050529
33 19 20 20 31 3 0.986244
33 21 22 22 31 4 0.931218
33 23 25 24 31 5 0.871437
33 26 29 28 31 6 0.800100
33 30 32 31 31 7 0.742072
33 33 37 35 31 8 0.699115
33 38 44 41 31 9 0.663432
33 45 56 51 31 10 0.664308
33 57 74 66 31 11 0.735629
33 75 98 87 31 12 0.799379
33 99 131 115 31 13 0.822655
33 132 184 158 31 14 0.835625
33 185 255 220 31 15 0.813187
34 0 15 15 32 0 1.084876   # ieta 34, pt 0
34 16 16 16 32 1 1.049652
34 17 18 18 32 2 0.999776
34 19 20 20 32 3 0.939627
34 21 22 22 32 4 0.887048
34 23 25 24 32 5 0.831125
34 26 29 28 32 6 0.767439
34 30 32 31 32 7 0.719090
34 33 37 35 32 8 0.687122
34 38 44 41 32 9 0.667218
34 45 56 51 32 10 0.680710
34 57 74 66 32 11 0.754691
34 75 98 87 32 12 0.815669
34 99 131 115 32 13 0.833653
34 132 184 158 32 14 0.841908
34 185 255 220 32 15 0.814723
35 0 15 15 33 0 1.118766   # ieta 35, pt 0
35 16 16 16 33 1 1.081420
35 17 18 18 33 2 1.028079
35 19 20 20 33 3 0.964209
35 21 22 22 33 4 0.909502
35 23 25 24 33 5 0.850718
35 26 29 28 33 6 0.781937
35 30 32 31 33 7 0.728894
35 33 37 35 33 8 0.691053
35 38 44 41 33 9 0.662444
35 45 56 51 33 10 0.670677
35 57 74 66 33 11 0.741655
35 75 98 87 33 12 0.802328
35 99 131 115 33 13 0.822028
35 132 184 158 33 14 0.830413
35 185 255 220 33 15 0.804967
36 0 15 15 34 0 1.141554   # ieta 36, pt 0
36 16 16 16 34 1 1.103333
36 17 18 18 34 2 1.048834
36 19 20 20 34 3 0.983818
36 21 22 22 34 4 0.927723
36 23 25 24 34 5 0.867054
36 26 29 28 34 6 0.795182
36 30 32 31 34 7 0.738199
36 33 37 35 34 8 0.696578
36 38 44 41 34 9 0.664623
36 45 56 51 34 10 0.670775
36 57 74 66 34 11 0.741611
36 75 98 87 34 12 0.801321
36 99 131 115 34 13 0.820366
36 132 184 158 34 14 0.828202
36 185 255 220 34 15 0.803253
37 0 15 15 35 0 1.188422   # ieta 37, pt 0
37 16 16 16 35 1 1.149829
37 17 18 18 35 2 1.094108
37 19 20 20 35 3 1.027256
37 21 22 22 35 4 0.968900
37 23 25 24 35 5 0.904572
37 26 29 28 35 6 0.827301
37 30 32 31 35 7 0.764713
37 33 37 35 35 8 0.709182
37 38 44 41 35 9 0.655652
37 45 56 51 35 10 0.630937
37 57 74 66 35 11 0.676493
37 75 98 87 35 12 0.731328
37 99 131 115 35 13 0.763631
37 132 184 158 35 14 0.789756
37 185 255 220 35 15 0.779526
38 0 15 15 36 0 1.257075   # ieta 38, pt 0
38 16 16 16 36 1 1.209403
38 17 18 18 36 2 1.144989
38 19 20 20 36 3 1.071813
38 21 22 22 36 4 1.009937
38 23 25 24 36 5 0.942913
38 26 29 28 36 6 0.863037
38 30 32 31 36 7 0.799039
38 33 37 35 36 8 0.747501
38 38 44 41 36 9 0.702563
38 45 56 51 36 10 0.696063
38 57 74 66 36 11 0.739593
38 75 98 87 36 12 0.790322
38 99 131 115 36 13 0.809740
38 132 184 158 36 14 0.826007
38 185 255 220 36 15 0.804188
39 0 15 15 37 0 1.255388   # ieta 39, pt 0
39 16 16 16 37 1 1.208607
39 17 18 18 37 2 1.145406
39 19 20 20 37 3 1.073398
39 21 22 22 37 4 1.011754
39 23 25 24 37 5 0.945006
39 26 29 28 37 6 0.868713
39 30 32 31 37 7 0.808197
39 33 37 35 37 8 0.770640
39 38 44 41 37 9 0.745913
39 45 56 51 37 10 0.747128
39 57 74 66 37 11 0.778441
39 75 98 87 37 12 0.811162
39 99 131 115 37 13 0.816598
39 132 184 158 37 14 0.831291
39 185 255 220 37 15 0.808295
40 0 15 15 38 0 1.534107   # ieta 40, pt 0
40 16 16 16 38 1 1.469069
40 17 18 18 38 2 1.390155
40 19 20 20 38 3 1.304550
40 21 22 22 38 4 1.233755
40 23 25 24 38 5 1.155728
40 26 29 28 38 6 1.064856
40 30 32 31 38 7 0.991022
40 33 37 35 38 8 0.939261
40 38 44 41 38 9 0.876654
40 45 56 51 38 10 0.833167
40 57 74 66 38 11 0.806314
40 75 98 87 38 12 0.828850
40 99 131 115 38 13 0.826090
40 132 184 158 38 14 0.841127
40 185 255 220 38 15 0.817594
41 0 15 15 39 0 1.534107   # ieta 41, pt 0
41 16 16 16 39 1 1.469069
41 17 18 18 39 2 1.390155
41 19 20 20 39 3 1.304550
41 21 22 22 39 4 1.233755
41 23 25 24 39 5 1.155728
41 26 29 28 39 6 1.064856
41 30 32 31 39 7 0.991022
41 33 37 35 39 8 0.939261
41 38 44 41 39 9 0.876654
41 45 56 51 39 10 0.833167
41 57 74 66 39 11 0.806314
41 75 98 87 39 12 0.828850
41 99 131 115 39 13 0.826090
41 132 184 158 39 14 0.841127
41 185 255 220 39 15 0.817594
