# columns 
# CaloToolMPEtaBin PtMin PtMax avgPt IEtaBin_forLUT_col1 PtBin_forLUT SF
0 0 0 0 0 0 1.000000   # ieta [1], pt 0
0 1 15 8 0 1 2.099977
0 16 16 16 0 2 2.076401
0 17 17 17 0 3 2.049269
0 18 18 18 0 4 2.034655
0 19 19 19 0 5 2.001241
0 20 20 20 0 6 1.991936
0 21 21 21 0 7 1.986084
0 22 22 22 0 8 1.954266
0 23 23 23 0 9 1.947133
0 24 24 24 0 10 1.927016
0 25 25 25 0 11 1.926318
0 26 26 26 0 12 1.906860
0 27 27 27 0 13 1.902611
0 28 28 28 0 14 1.874509
0 29 29 29 0 15 1.870062
0 30 30 30 0 16 1.867453
0 31 31 31 0 17 1.850423
0 32 33 33 0 18 1.837268
0 34 35 35 0 19 1.820779
0 36 37 37 0 20 1.801365
0 38 39 39 0 21 1.774840
0 40 41 41 0 22 1.757841
0 42 43 43 0 23 1.734933
0 44 45 45 0 24 1.717185
0 46 47 47 0 25 1.700346
0 48 49 49 0 26 1.688624
0 50 51 51 0 27 1.670964
0 52 53 53 0 28 1.656564
0 54 55 55 0 29 1.649210
0 56 57 57 0 30 1.634724
0 58 59 59 0 31 1.621229
0 60 61 61 0 32 1.609721
0 62 64 63 0 33 1.589632
0 65 67 66 0 34 1.574901
0 68 70 69 0 35 1.564074
0 71 73 72 0 36 1.549698
0 74 76 75 0 37 1.535137
0 77 79 78 0 38 1.522702
0 80 82 81 0 39 1.507495
0 83 85 84 0 40 1.501412
0 86 88 87 0 41 1.491062
0 89 91 90 0 42 1.484039
0 92 94 93 0 43 1.471189
0 95 97 96 0 44 1.467225
0 98 100 99 0 45 1.458367
0 101 103 102 0 46 1.447615
0 104 109 107 0 47 1.438438
0 110 115 113 0 48 1.426727
0 116 121 119 0 49 1.416147
0 122 127 125 0 50 1.408336
0 128 133 131 0 51 1.398206
0 134 139 137 0 52 1.388514
0 140 145 143 0 53 1.379148
0 146 151 149 0 54 1.367621
0 152 157 155 0 55 1.358107
0 158 163 161 0 56 1.353429
0 164 169 167 0 57 1.346880
0 170 175 173 0 58 1.341662
0 176 181 179 0 59 1.330736
0 182 187 185 0 60 1.325524
0 188 193 191 0 61 1.323429
0 194 254 224 0 62 1.300553
0 255 255 255 0 63 1.286251
1 0 0 0 1 0 1.000000   # ieta [2], pt 0
1 1 15 8 1 1 2.081421
1 16 16 16 1 2 2.065387
1 17 17 17 1 3 2.045035
1 18 18 18 1 4 2.030451
1 19 19 19 1 5 1.997106
1 20 20 20 1 6 1.990319
1 21 21 21 1 7 1.984472
1 22 22 22 1 8 1.954701
1 23 23 23 1 9 1.947567
1 24 24 24 1 10 1.927445
1 25 25 25 1 11 1.926747
1 26 26 26 1 12 1.908594
1 27 27 27 1 13 1.904342
1 28 28 28 1 14 1.877785
1 29 29 29 1 15 1.869428
1 30 30 30 1 16 1.866820
1 31 31 31 1 17 1.849796
1 32 33 33 1 18 1.836645
1 34 35 35 1 19 1.818869
1 36 37 37 1 20 1.801018
1 38 39 39 1 21 1.775253
1 40 41 41 1 22 1.758249
1 42 43 43 1 23 1.735336
1 44 45 45 1 24 1.717583
1 46 47 47 1 25 1.700741
1 48 49 49 1 26 1.689016
1 50 51 51 1 27 1.671352
1 52 53 53 1 28 1.656949
1 54 55 55 1 29 1.649592
1 56 57 57 1 30 1.635104
1 58 59 59 1 31 1.621605
1 60 61 61 1 32 1.610095
1 62 64 63 1 33 1.590068
1 65 67 66 1 34 1.574388
1 68 70 69 1 35 1.562263
1 71 73 72 1 36 1.547904
1 74 76 75 1 37 1.534632
1 77 79 78 1 38 1.522913
1 80 82 81 1 39 1.508972
1 83 85 84 1 40 1.503376
1 86 88 87 1 41 1.493573
1 89 91 90 1 42 1.486539
1 92 94 93 1 43 1.473666
1 95 97 96 1 44 1.469696
1 98 100 99 1 45 1.460823
1 101 103 102 1 46 1.450052
1 104 109 107 1 47 1.441287
1 110 115 113 1 48 1.429552
1 116 121 119 1 49 1.418895
1 122 127 125 1 50 1.411069
1 128 133 131 1 51 1.400919
1 134 139 137 1 52 1.391675
1 140 145 143 1 53 1.383838
1 146 151 149 1 54 1.372987
1 152 157 155 1 55 1.363775
1 158 163 161 1 56 1.359002
1 164 169 167 1 57 1.352462
1 170 175 173 1 58 1.347261
1 176 181 179 1 59 1.339103
1 182 187 185 1 60 1.333442
1 188 193 191 1 61 1.331267
1 194 254 224 1 62 1.307369
1 255 255 255 1 63 1.293789
2 0 0 0 2 0 1.000000   # ieta [3], pt 0
2 1 15 8 2 1 2.111686
2 16 16 16 2 2 2.094268
2 17 17 17 2 3 2.071364
2 18 18 18 2 4 2.056592
2 19 19 19 2 5 2.025009
2 20 20 20 2 6 2.012576
2 21 21 21 2 7 2.006663
2 22 22 22 2 8 1.972347
2 23 23 23 2 9 1.965417
2 24 24 24 2 10 1.945111
2 25 25 25 2 11 1.943314
2 26 26 26 2 12 1.923431
2 27 27 27 2 13 1.918983
2 28 28 28 2 14 1.901285
2 29 29 29 2 15 1.880727
2 30 30 30 2 16 1.876744
2 31 31 31 2 17 1.859629
2 32 33 33 2 18 1.844382
2 34 35 35 2 19 1.824333
2 36 37 37 2 20 1.806427
2 38 39 39 2 21 1.780224
2 40 41 41 2 22 1.763456
2 42 43 43 2 23 1.740886
2 44 45 45 2 24 1.725153
2 46 47 47 2 25 1.708770
2 48 49 49 2 26 1.696547
2 50 51 51 2 27 1.678804
2 52 53 53 2 28 1.663401
2 54 55 55 2 29 1.656065
2 56 57 57 2 30 1.641519
2 58 59 59 2 31 1.629346
2 60 61 61 2 32 1.618887
2 62 64 63 2 33 1.600247
2 65 67 66 2 34 1.584890
2 68 70 69 2 35 1.572469
2 71 73 72 2 36 1.558491
2 74 76 75 2 37 1.545128
2 77 79 78 2 38 1.533300
2 80 82 81 2 39 1.519264
2 83 85 84 2 40 1.513629
2 86 88 87 2 41 1.503759
2 89 91 90 2 42 1.496677
2 92 94 93 2 43 1.483717
2 95 97 96 2 44 1.479719
2 98 100 99 2 45 1.470628
2 101 103 102 2 46 1.459473
2 104 109 107 2 47 1.450583
2 110 115 113 2 48 1.438437
2 116 121 119 2 49 1.427815
2 122 127 125 2 50 1.418556
2 128 133 131 2 51 1.407665
2 134 139 137 2 52 1.397406
2 140 145 143 2 53 1.388721
2 146 151 149 2 54 1.377759
2 152 157 155 2 55 1.367436
2 158 163 161 2 56 1.361888
2 164 169 167 2 57 1.355071
2 170 175 173 2 58 1.349773
2 176 181 179 2 59 1.341204
2 182 187 185 2 60 1.335264
2 188 193 191 2 61 1.333086
2 194 254 224 2 62 1.308578
2 255 255 255 2 63 1.292579
3 0 0 0 3 0 1.000000   # ieta [4], pt 0
3 1 15 8 3 1 2.132062
3 16 16 16 3 2 2.116845
3 17 17 17 3 3 2.100494
3 18 18 18 3 4 2.087261
3 19 19 19 3 5 2.061533
3 20 20 20 3 6 2.048876
3 21 21 21 3 7 2.042856
3 22 22 22 3 8 2.004895
3 23 23 23 3 9 1.993365
3 24 24 24 3 10 1.969075
3 25 25 25 3 11 1.967255
3 26 26 26 3 12 1.945074
3 27 27 27 3 13 1.940576
3 28 28 28 3 14 1.922063
3 29 29 29 3 15 1.901281
3 30 30 30 3 16 1.897254
3 31 31 31 3 17 1.879952
3 32 33 33 3 18 1.865600
3 34 35 35 3 19 1.843451
3 36 37 37 3 20 1.823063
3 38 39 39 3 21 1.795487
3 40 41 41 3 22 1.778444
3 42 43 43 3 23 1.757342
3 44 45 45 3 24 1.742545
3 46 47 47 3 25 1.725998
3 48 49 49 3 26 1.712049
3 50 51 51 3 27 1.694144
3 52 53 53 3 28 1.679081
3 54 55 55 3 29 1.672156
3 56 57 57 3 30 1.657469
3 58 59 59 3 31 1.646721
3 60 61 61 3 32 1.637208
3 62 64 63 3 33 1.618531
3 65 67 66 3 34 1.604239
3 68 70 69 3 35 1.590705
3 71 73 72 3 36 1.575846
3 74 76 75 3 37 1.562649
3 77 79 78 3 38 1.549519
3 80 82 81 3 39 1.532152
3 83 85 84 3 40 1.524147
3 86 88 87 3 41 1.514209
3 89 91 90 3 42 1.507077
3 92 94 93 3 43 1.494027
3 95 97 96 3 44 1.490002
3 98 100 99 3 45 1.479309
3 101 103 102 3 46 1.468088
3 104 109 107 3 47 1.457550
3 110 115 113 3 48 1.445600
3 116 121 119 3 49 1.435311
3 122 127 125 3 50 1.424494
3 128 133 131 3 51 1.413252
3 134 139 137 3 52 1.403069
3 140 145 143 3 53 1.394872
3 146 151 149 3 54 1.383806
3 152 157 155 3 55 1.373437
3 158 163 161 3 56 1.367865
3 164 169 167 3 57 1.359910
3 170 175 173 3 58 1.353675
3 176 181 179 3 59 1.344345
3 182 187 185 3 60 1.338245
3 188 193 191 3 61 1.336062
3 194 254 224 3 62 1.311540
3 255 255 255 3 63 1.293623
4 0 0 0 4 0 1.000000   # ieta [5], pt 0
4 1 15 8 4 1 2.171710
4 16 16 16 4 2 2.156209
4 17 17 17 4 3 2.136683
4 18 18 18 4 4 2.119729
4 19 19 19 4 5 2.080680
4 20 20 20 4 6 2.067905
4 21 21 21 4 7 2.061830
4 22 22 22 4 8 2.021187
4 23 23 23 4 9 2.007910
4 24 24 24 4 10 1.983443
4 25 25 25 4 11 1.978495
4 26 26 26 4 12 1.952218
4 27 27 27 4 13 1.947703
4 28 28 28 4 14 1.929515
4 29 29 29 4 15 1.912990
4 30 30 30 4 16 1.908939
4 31 31 31 4 17 1.891531
4 32 33 33 4 18 1.876423
4 34 35 35 4 19 1.853458
4 36 37 37 4 20 1.833111
4 38 39 39 4 21 1.806287
4 40 41 41 4 22 1.790042
4 42 43 43 4 23 1.767999
4 44 45 45 4 24 1.753113
4 46 47 47 4 25 1.736465
4 48 49 49 4 26 1.721949
4 50 51 51 4 27 1.703463
4 52 53 53 4 28 1.687853
4 54 55 55 4 29 1.680428
4 56 57 57 4 30 1.661312
4 58 59 59 4 31 1.650540
4 60 61 61 4 32 1.642086
4 62 64 63 4 33 1.622959
4 65 67 66 4 34 1.608628
4 68 70 69 4 35 1.595057
4 71 73 72 4 36 1.579751
4 74 76 75 4 37 1.566441
4 77 79 78 4 38 1.553643
4 80 82 81 4 39 1.536230
4 83 85 84 4 40 1.527182
4 86 88 87 4 41 1.516716
4 89 91 90 4 42 1.509573
4 92 94 93 4 43 1.497000
4 95 97 96 4 44 1.493217
4 98 100 99 4 45 1.482501
4 101 103 102 4 46 1.471256
4 104 109 107 4 47 1.460695
4 110 115 113 4 48 1.448719
4 116 121 119 4 49 1.437776
4 122 127 125 4 50 1.426627
4 128 133 131 4 51 1.414378
4 134 139 137 4 52 1.404186
4 140 145 143 4 53 1.395983
4 146 151 149 4 54 1.384908
4 152 157 155 4 55 1.374785
4 158 163 161 4 56 1.369460
4 164 169 167 4 57 1.361495
4 170 175 173 4 58 1.355253
4 176 181 179 4 59 1.346591
4 182 187 185 4 60 1.341185
4 188 193 191 4 61 1.338997
4 194 254 224 4 62 1.314118
4 255 255 255 4 63 1.296118
5 0 0 0 5 0 1.000000   # ieta [6], pt 0
5 1 15 8 5 1 2.172924
5 16 16 16 5 2 2.157415
5 17 17 17 5 3 2.137878
5 18 18 18 5 4 2.125375
5 19 19 19 5 5 2.089669
5 20 20 20 5 6 2.077243
5 21 21 21 5 7 2.071140
5 22 22 22 5 8 2.033854
5 23 23 23 5 9 2.022578
5 24 24 24 5 10 1.997932
5 25 25 25 5 11 1.992948
5 26 26 26 5 12 1.966479
5 27 27 27 5 13 1.961931
5 28 28 28 5 14 1.938843
5 29 29 29 5 15 1.922239
5 30 30 30 5 16 1.919139
5 31 31 31 5 17 1.903071
5 32 33 33 5 18 1.884757
5 34 35 35 5 19 1.862821
5 36 37 37 5 20 1.842370
5 38 39 39 5 21 1.815411
5 40 41 41 5 22 1.797778
5 42 43 43 5 23 1.774331
5 44 45 45 5 24 1.760086
5 46 47 47 5 25 1.741722
5 48 49 49 5 26 1.727359
5 50 51 51 5 27 1.708815
5 52 53 53 5 28 1.693156
5 54 55 55 5 29 1.686330
5 56 57 57 5 30 1.667765
5 58 59 59 5 31 1.655850
5 60 61 61 5 32 1.647370
5 62 64 63 5 33 1.629053
5 65 67 66 5 34 1.615937
5 68 70 69 5 35 1.601982
5 71 73 72 5 36 1.585965
5 74 76 75 5 37 1.573674
5 77 79 78 5 38 1.560817
5 80 82 81 5 39 1.543323
5 83 85 84 5 40 1.534233
5 86 88 87 5 41 1.523276
5 89 91 90 5 42 1.516102
5 92 94 93 5 43 1.503475
5 95 97 96 5 44 1.498501
5 98 100 99 5 45 1.487322
5 101 103 102 5 46 1.476356
5 104 109 107 5 47 1.465119
5 110 115 113 5 48 1.452980
5 116 121 119 5 49 1.441891
5 122 127 125 5 50 1.429630
5 128 133 131 5 51 1.416638
5 134 139 137 5 52 1.406878
5 140 145 143 5 53 1.398659
5 146 151 149 5 54 1.387563
5 152 157 155 5 55 1.378128
5 158 163 161 5 56 1.373006
5 164 169 167 5 57 1.365347
5 170 175 173 5 58 1.359554
5 176 181 179 5 59 1.351508
5 182 187 185 5 60 1.346210
5 188 193 191 5 61 1.344015
5 194 254 224 5 62 1.321483
5 255 255 255 5 63 1.305243
6 0 0 0 6 0 1.000000   # ieta [7], pt 0
6 1 15 8 6 1 2.176674
6 16 16 16 6 2 2.161138
6 17 17 17 6 3 2.141567
6 18 18 18 6 4 2.129885
6 19 19 19 6 5 2.102331
6 20 20 20 6 6 2.089829
6 21 21 21 6 7 2.083690
6 22 22 22 6 8 2.045813
6 23 23 23 6 9 2.034471
6 24 24 24 6 10 2.009680
6 25 25 25 6 11 2.004666
6 26 26 26 6 12 1.973784
6 27 27 27 6 13 1.969219
6 28 28 28 6 14 1.945714
6 29 29 29 6 15 1.929051
6 30 30 30 6 16 1.922727
6 31 31 31 6 17 1.906629
6 32 33 33 6 18 1.888280
6 34 35 35 6 19 1.866303
6 36 37 37 6 20 1.845815
6 38 39 39 6 21 1.816764
6 40 41 41 6 22 1.797088
6 42 43 43 6 23 1.773651
6 44 45 45 6 24 1.758864
6 46 47 47 6 25 1.740513
6 48 49 49 6 26 1.726160
6 50 51 51 6 27 1.707629
6 52 53 53 6 28 1.691981
6 54 55 55 6 29 1.685160
6 56 57 57 6 30 1.666607
6 58 59 59 6 31 1.654701
6 60 61 61 6 32 1.646226
6 62 64 63 6 33 1.627922
6 65 67 66 6 34 1.614815
6 68 70 69 6 35 1.600870
6 71 73 72 6 36 1.584864
6 74 76 75 6 37 1.572581
6 77 79 78 6 38 1.560671
6 80 82 81 6 39 1.543179
6 83 85 84 6 40 1.532497
6 86 88 87 6 41 1.521552
6 89 91 90 6 42 1.514510
6 92 94 93 6 43 1.502143
6 95 97 96 6 44 1.497173
6 98 100 99 6 45 1.486004
6 101 103 102 6 46 1.475048
6 104 109 107 6 47 1.463821
6 110 115 113 6 48 1.451693
6 116 121 119 6 49 1.440613
6 122 127 125 6 50 1.428363
6 128 133 131 6 51 1.415383
6 134 139 137 6 52 1.405632
6 140 145 143 6 53 1.397420
6 146 151 149 6 54 1.386334
6 152 157 155 6 55 1.376907
6 158 163 161 6 56 1.371790
6 164 169 167 6 57 1.364137
6 170 175 173 6 58 1.358350
6 176 181 179 6 59 1.350311
6 182 187 185 6 60 1.345018
6 188 193 191 6 61 1.342824
6 194 254 224 6 62 1.320402
6 255 255 255 6 63 1.304647
7 0 0 0 7 0 1.000000   # ieta [8], pt 0
7 1 15 8 7 1 2.188320
7 16 16 16 7 2 2.171096
7 17 17 17 7 3 2.154097
7 18 18 18 7 4 2.144061
7 19 19 19 7 5 2.112808
7 20 20 20 7 6 2.098078
7 21 21 21 7 7 2.091068
7 22 22 22 7 8 2.053337
7 23 23 23 7 9 2.041953
7 24 24 24 7 10 2.017071
7 25 25 25 7 11 2.012039
7 26 26 26 7 12 1.979662
7 27 27 27 7 13 1.975083
7 28 28 28 7 14 1.951509
7 29 29 29 7 15 1.934796
7 30 30 30 7 16 1.928453
7 31 31 31 7 17 1.908987
7 32 33 33 7 18 1.890616
7 34 35 35 7 19 1.868612
7 36 37 37 7 20 1.848098
7 38 39 39 7 21 1.816764
7 40 41 41 7 22 1.797088
7 42 43 43 7 23 1.773651
7 44 45 45 7 24 1.758864
7 46 47 47 7 25 1.740513
7 48 49 49 7 26 1.726160
7 50 51 51 7 27 1.707629
7 52 53 53 7 28 1.691981
7 54 55 55 7 29 1.685160
7 56 57 57 7 30 1.666607
7 58 59 59 7 31 1.654701
7 60 61 61 7 32 1.646226
7 62 64 63 7 33 1.627922
7 65 67 66 7 34 1.614815
7 68 70 69 7 35 1.600870
7 71 73 72 7 36 1.584864
7 74 76 75 7 37 1.572581
7 77 79 78 7 38 1.560671
7 80 82 81 7 39 1.543179
7 83 85 84 7 40 1.532497
7 86 88 87 7 41 1.521552
7 89 91 90 7 42 1.514510
7 92 94 93 7 43 1.502143
7 95 97 96 7 44 1.497173
7 98 100 99 7 45 1.486004
7 101 103 102 7 46 1.475048
7 104 109 107 7 47 1.463821
7 110 115 113 7 48 1.451693
7 116 121 119 7 49 1.440613
7 122 127 125 7 50 1.428363
7 128 133 131 7 51 1.415383
7 134 139 137 7 52 1.405632
7 140 145 143 7 53 1.397420
7 146 151 149 7 54 1.386334
7 152 157 155 7 55 1.376907
7 158 163 161 7 56 1.371790
7 164 169 167 7 57 1.364137
7 170 175 173 7 58 1.358314
7 176 181 179 7 59 1.350018
7 182 187 185 7 60 1.344711
7 188 193 191 7 61 1.342518
7 194 254 224 7 62 1.319957
7 255 255 255 7 63 1.304137
8 0 0 0 8 0 1.000000   # ieta [9], pt 0
8 1 15 8 8 1 2.228754
8 16 16 16 8 2 2.214444
8 17 17 17 8 3 2.197106
8 18 18 18 8 4 2.187573
8 19 19 19 8 5 2.141256
8 20 20 20 8 6 2.120958
8 21 21 21 8 7 2.113872
8 22 22 22 8 8 2.078588
8 23 23 23 8 9 2.059104
8 24 24 24 8 10 2.026419
8 25 25 25 8 11 2.021363
8 26 26 26 8 12 1.998204
8 27 27 27 8 13 1.993583
8 28 28 28 8 14 1.975621
8 29 29 29 8 15 1.960648
8 30 30 30 8 16 1.954220
8 31 31 31 8 17 1.934494
8 32 33 33 8 18 1.916482
8 34 35 35 8 19 1.895337
8 36 37 37 8 20 1.873709
8 38 39 39 8 21 1.844651
8 40 41 41 8 22 1.824294
8 42 43 43 8 23 1.798026
8 44 45 45 8 24 1.780504
8 46 47 47 8 25 1.758971
8 48 49 49 8 26 1.744030
8 50 51 51 8 27 1.725307
8 52 53 53 8 28 1.708603
8 54 55 55 8 29 1.701715
8 56 57 57 8 30 1.676675
8 58 59 59 8 31 1.665951
8 60 61 61 8 32 1.655718
8 62 64 63 8 33 1.636782
8 65 67 66 8 34 1.623604
8 68 70 69 8 35 1.609282
8 71 73 72 8 36 1.592593
8 74 76 75 8 37 1.579522
8 77 79 78 8 38 1.565506
8 80 82 81 8 39 1.546365
8 83 85 84 8 40 1.537257
8 86 88 87 8 41 1.526278
8 89 91 90 8 42 1.519090
8 92 94 93 8 43 1.506438
8 95 97 96 8 44 1.501454
8 98 100 99 8 45 1.491048
8 101 103 102 8 46 1.480055
8 104 109 107 8 47 1.468790
8 110 115 113 8 48 1.456620
8 116 121 119 8 49 1.445503
8 122 127 125 8 50 1.430672
8 128 133 131 8 51 1.416952
8 134 139 137 8 52 1.407190
8 140 145 143 8 53 1.398969
8 146 151 149 8 54 1.387870
8 152 157 155 8 55 1.378433
8 158 163 161 8 56 1.373310
8 164 169 167 8 57 1.365649
8 170 175 173 8 58 1.359819
8 176 181 179 8 59 1.351342
8 182 187 185 8 60 1.345996
8 188 193 191 8 61 1.343800
8 194 254 224 8 62 1.320466
8 255 255 255 8 63 1.304450
9 0 0 0 9 0 1.000000   # ieta [10], pt 0
9 1 15 8 9 1 2.296447
9 16 16 16 9 2 2.280292
9 17 17 17 9 3 2.253814
9 18 18 18 9 4 2.244035
9 19 19 19 9 5 2.205791
9 20 20 20 9 6 2.177009
9 21 21 21 9 7 2.169736
9 22 22 22 9 8 2.125677
9 23 23 23 9 9 2.105751
9 24 24 24 9 10 2.080967
9 25 25 25 9 11 2.075776
9 26 26 26 9 12 2.051993
9 27 27 27 9 13 2.047248
9 28 28 28 9 14 2.023634
9 29 29 29 9 15 2.003770
9 30 30 30 9 16 1.995884
9 31 31 31 9 17 1.968150
9 32 33 33 9 18 1.946683
9 34 35 35 9 19 1.908291
9 36 37 37 9 20 1.883454
9 38 39 39 9 21 1.853392
9 40 41 41 9 22 1.835255
9 42 43 43 9 23 1.813545
9 44 45 45 9 24 1.800134
9 46 47 47 9 25 1.776747
9 48 49 49 9 26 1.761928
9 50 51 51 9 27 1.744577
9 52 53 53 9 28 1.727686
9 54 55 55 9 29 1.720721
9 56 57 57 9 30 1.700706
9 58 59 59 9 31 1.691378
9 60 61 61 9 32 1.680351
9 62 64 63 9 33 1.658876
9 65 67 66 9 34 1.642917
9 68 70 69 9 35 1.628068
9 71 73 72 9 36 1.611779
9 74 76 75 9 37 1.598637
9 77 79 78 9 38 1.585971
9 80 82 81 9 39 1.569635
9 83 85 84 9 40 1.561588
9 86 88 87 9 41 1.548102
9 89 91 90 9 42 1.538830
9 92 94 93 9 43 1.526014
9 95 97 96 9 44 1.520965
9 98 100 99 9 45 1.511613
9 101 103 102 9 46 1.498116
9 104 109 107 9 47 1.486319
9 110 115 113 9 48 1.471597
9 116 121 119 9 49 1.460187
9 122 127 125 9 50 1.444327
9 128 133 131 9 51 1.430473
9 134 139 137 9 52 1.420617
9 140 145 143 9 53 1.412318
9 146 151 149 9 54 1.401114
9 152 157 155 9 55 1.391680
9 158 163 161 9 56 1.387058
9 164 169 167 9 57 1.379595
9 170 175 173 9 58 1.373705
9 176 181 179 9 59 1.364483
9 182 187 185 9 60 1.357350
9 188 193 191 9 61 1.355136
9 194 254 224 9 62 1.329929
9 255 255 255 9 63 1.312967
10 0 0 0 10 0 1.000000   # ieta [11], pt 0
10 1 15 8 10 1 2.314225
10 16 16 16 10 2 2.297945
10 17 17 17 10 3 2.284187
10 18 18 18 10 4 2.281438
10 19 19 19 10 5 2.248654
10 20 20 20 10 6 2.219312
10 21 21 21 10 7 2.203798
10 22 22 22 10 8 2.159307
10 23 23 23 10 9 2.139067
10 24 24 24 10 10 2.110109
10 25 25 25 10 11 2.100029
10 26 26 26 10 12 2.062123
10 27 27 27 10 13 2.057353
10 28 28 28 10 14 2.029303
10 29 29 29 10 15 2.009383
10 30 30 30 10 16 2.001475
10 31 31 31 10 17 1.983245
10 32 33 33 10 18 1.961613
10 34 35 35 10 19 1.926336
10 36 37 37 10 20 1.904830
10 38 39 39 10 21 1.874588
10 40 41 41 10 22 1.856244
10 42 43 43 10 23 1.830184
10 44 45 45 10 24 1.818410
10 46 47 47 10 25 1.798991
10 48 49 49 10 26 1.786889
10 50 51 51 10 27 1.769080
10 52 53 53 10 28 1.751739
10 54 55 55 10 29 1.744677
10 56 57 57 10 30 1.724383
10 58 59 59 10 31 1.712950
10 60 61 61 10 32 1.699815
10 62 64 63 10 33 1.675750
10 65 67 66 10 34 1.659916
10 68 70 69 10 35 1.642724
10 71 73 72 10 36 1.624012
10 74 76 75 10 37 1.611430
10 77 79 78 10 38 1.598664
10 80 82 81 10 39 1.582197
10 83 85 84 10 40 1.574086
10 86 88 87 10 41 1.560491
10 89 91 90 10 42 1.551146
10 92 94 93 10 43 1.537378
10 95 97 96 10 44 1.532325
10 98 100 99 10 45 1.519625
10 101 103 102 10 46 1.504871
10 104 109 107 10 47 1.496140
10 110 115 113 10 48 1.481382
10 116 121 119 10 49 1.470242
10 122 127 125 10 50 1.456904
10 128 133 131 10 51 1.442929
10 134 139 137 10 52 1.432987
10 140 145 143 10 53 1.421748
10 146 151 149 10 54 1.409897
10 152 157 155 10 55 1.400404
10 158 163 161 10 56 1.394444
10 164 169 167 10 57 1.385631
10 170 175 173 10 58 1.379768
10 176 181 179 10 59 1.371038
10 182 187 185 10 60 1.365246
10 188 193 191 10 61 1.363019
10 194 254 224 10 62 1.335656
10 255 255 255 10 63 1.317994
11 0 0 0 11 0 1.000000   # ieta [12], pt 0
11 1 15 8 11 1 2.349057
11 16 16 16 11 2 2.332533
11 17 17 17 11 3 2.318567
11 18 18 18 11 4 2.302107
11 19 19 19 11 5 2.266879
11 20 20 20 11 6 2.224853
11 21 21 21 11 7 2.209300
11 22 22 22 11 8 2.169427
11 23 23 23 11 9 2.158108
11 24 24 24 11 10 2.128893
11 25 25 25 11 11 2.118476
11 26 26 26 11 12 2.095116
11 27 27 27 11 13 2.090271
11 28 28 28 11 14 2.068473
11 29 29 29 11 15 2.048168
11 30 30 30 11 16 2.040107
11 31 31 31 11 17 2.021526
11 32 33 33 11 18 2.005072
11 34 35 35 11 19 1.967346
11 36 37 37 11 20 1.951192
11 38 39 39 11 21 1.909836
11 40 41 41 11 22 1.890678
11 42 43 43 11 23 1.866195
11 44 45 45 11 24 1.856898
11 46 47 47 11 25 1.836559
11 48 49 49 11 26 1.820955
11 50 51 51 11 27 1.799844
11 52 53 53 11 28 1.779562
11 54 55 55 11 29 1.770287
11 56 57 57 11 30 1.747264
11 58 59 59 11 31 1.735679
11 60 61 61 11 32 1.722369
11 62 64 63 11 33 1.694464
11 65 67 66 11 34 1.676104
11 68 70 69 11 35 1.660135
11 71 73 72 11 36 1.643881
11 74 76 75 11 37 1.629488
11 77 79 78 11 38 1.613259
11 80 82 81 11 39 1.596641
11 83 85 84 11 40 1.588457
11 86 88 87 11 41 1.575931
11 89 91 90 11 42 1.568873
11 92 94 93 11 43 1.555850
11 95 97 96 11 44 1.549407
11 98 100 99 11 45 1.536406
11 101 103 102 11 46 1.520590
11 104 109 107 11 47 1.511768
11 110 115 113 11 48 1.496521
11 116 121 119 11 49 1.484933
11 122 127 125 11 50 1.472936
11 128 133 131 11 51 1.459476
11 134 139 137 11 52 1.443368
11 140 145 143 11 53 1.431498
11 146 151 149 11 54 1.418876
11 152 157 155 11 55 1.409131
11 158 163 161 11 56 1.404282
11 164 169 167 11 57 1.396558
11 170 175 173 11 58 1.390648
11 176 181 179 11 59 1.381873
11 182 187 185 11 60 1.376154
11 188 193 191 11 61 1.373909
11 194 254 224 11 62 1.346624
11 255 255 255 11 63 1.329093
12 0 0 0 12 0 1.000000   # ieta [13], pt 0
12 1 15 8 12 1 2.416463
12 16 16 16 12 2 2.392368
12 17 17 17 12 3 2.359281
12 18 18 18 12 4 2.331062
12 19 19 19 12 5 2.293857
12 20 20 20 12 6 2.277133
12 21 21 21 12 7 2.269684
12 22 22 22 12 8 2.230716
12 23 23 23 12 9 2.216492
12 24 24 24 12 10 2.181273
12 25 25 25 12 11 2.170122
12 26 26 26 12 12 2.146192
12 27 27 27 12 13 2.140484
12 28 28 28 12 14 2.122208
12 29 29 29 12 15 2.084432
12 30 30 30 12 16 2.073395
12 31 31 31 12 17 2.063144
12 32 33 33 12 18 2.046351
12 34 35 35 12 19 2.006904
12 36 37 37 12 20 1.989827
12 38 39 39 12 21 1.954298
12 40 41 41 12 22 1.938130
12 42 43 43 12 23 1.905431
12 44 45 45 12 24 1.888886
12 46 47 47 12 25 1.868195
12 48 49 49 12 26 1.852479
12 50 51 51 12 27 1.833626
12 52 53 53 12 28 1.812654
12 54 55 55 12 29 1.798211
12 56 57 57 12 30 1.773123
12 58 59 59 12 31 1.766822
12 60 61 61 12 32 1.754884
12 62 64 63 12 33 1.729872
12 65 67 66 12 34 1.710645
12 68 70 69 12 35 1.694346
12 71 73 72 12 36 1.677758
12 74 76 75 12 37 1.664273
12 77 79 78 12 38 1.647387
12 80 82 81 12 39 1.628880
12 83 85 84 12 40 1.618683
12 86 88 87 12 41 1.598714
12 89 91 90 12 42 1.591402
12 92 94 93 12 43 1.577181
12 95 97 96 12 44 1.571998
12 98 100 99 12 45 1.561500
12 101 103 102 12 46 1.545426
12 104 109 107 12 47 1.533871
12 110 115 113 12 48 1.517202
12 116 121 119 12 49 1.502746
12 122 127 125 12 50 1.491747
12 128 133 131 12 51 1.477456
12 134 139 137 12 52 1.463847
12 140 145 143 12 53 1.452276
12 146 151 149 12 54 1.435839
12 152 157 155 12 55 1.425977
12 158 163 161 12 56 1.421070
12 164 169 167 12 57 1.413253
12 170 175 173 12 58 1.406874
12 176 181 179 12 59 1.396844
12 182 187 185 12 60 1.390833
12 188 193 191 12 61 1.388564
12 194 254 224 12 62 1.359784
12 255 255 255 12 63 1.341973
13 0 0 0 13 0 1.000000   # ieta [14], pt 0
13 1 15 8 13 1 2.499590
13 16 16 16 13 2 2.482855
13 17 17 17 13 3 2.443261
13 18 18 18 13 4 2.414947
13 19 19 19 13 5 2.371108
13 20 20 20 13 6 2.353821
13 21 21 21 13 7 2.346121
13 22 22 22 13 8 2.305016
13 23 23 23 13 9 2.291888
13 24 24 24 13 10 2.261219
13 25 25 25 13 11 2.255148
13 26 26 26 13 12 2.230603
13 27 27 27 13 13 2.224669
13 28 28 28 13 14 2.205505
13 29 29 29 13 15 2.172713
13 30 30 30 13 16 2.162589
13 31 31 31 13 17 2.147494
13 32 33 33 13 18 2.122848
13 34 35 35 13 19 2.068722
13 36 37 37 13 20 2.051440
13 38 39 39 13 21 2.015949
13 40 41 41 13 22 1.996545
13 42 43 43 13 23 1.965521
13 44 45 45 13 24 1.945433
13 46 47 47 13 25 1.916961
13 48 49 49 13 26 1.895758
13 50 51 51 13 27 1.874476
13 52 53 53 13 28 1.855927
13 54 55 55 13 29 1.843533
13 56 57 57 13 30 1.811912
13 58 59 59 13 31 1.807862
13 60 61 61 13 32 1.795647
13 62 64 63 13 33 1.773345
13 65 67 66 13 34 1.754024
13 68 70 69 13 35 1.738717
13 71 73 72 13 36 1.724606
13 74 76 75 13 37 1.707321
13 77 79 78 13 38 1.692084
13 80 82 81 13 39 1.674677
13 83 85 84 13 40 1.656252
13 86 88 87 13 41 1.639842
13 89 91 90 13 42 1.630120
13 92 94 93 13 43 1.608527
13 95 97 96 13 44 1.603241
13 98 100 99 13 45 1.592534
13 101 103 102 13 46 1.579784
13 104 109 107 13 47 1.565882
13 110 115 113 13 48 1.552798
13 116 121 119 13 49 1.529452
13 122 127 125 13 50 1.516210
13 128 133 131 13 51 1.505725
13 134 139 137 13 52 1.496332
13 140 145 143 13 53 1.486841
13 146 151 149 13 54 1.472345
13 152 157 155 13 55 1.458518
13 158 163 161 13 56 1.453499
13 164 169 167 13 57 1.443284
13 170 175 173 13 58 1.436010
13 176 181 179 13 59 1.428365
13 182 187 185 13 60 1.424194
13 188 193 191 13 61 1.420227
13 194 254 224 13 62 1.390716
13 255 255 255 13 63 1.372463
14 0 0 0 14 0 1.000000   # ieta [15], pt 0
14 1 15 8 14 1 2.542022
14 16 16 16 14 2 2.530200
14 17 17 17 14 3 2.485727
14 18 18 18 14 4 2.456921
14 19 19 19 14 5 2.406213
14 20 20 20 14 6 2.386379
14 21 21 21 14 7 2.378573
14 22 22 22 14 8 2.340159
14 23 23 23 14 9 2.318933
14 24 24 24 14 10 2.290796
14 25 25 25 14 11 2.289064
14 26 26 26 14 12 2.267250
14 27 27 27 14 13 2.255638
14 28 28 28 14 14 2.230592
14 29 29 29 14 15 2.201710
14 30 30 30 14 16 2.195453
14 31 31 31 14 17 2.184073
14 32 33 33 14 18 2.154418
14 34 35 35 14 19 2.097201
14 36 37 37 14 20 2.079691
14 38 39 39 14 21 2.049350
14 40 41 41 14 22 2.031778
14 42 43 43 14 23 2.001616
14 44 45 45 14 24 1.982557
14 46 47 47 14 25 1.958045
14 48 49 49 14 26 1.936872
14 50 51 51 14 27 1.913302
14 52 53 53 14 28 1.895052
14 54 55 55 14 29 1.879380
14 56 57 57 14 30 1.851446
14 58 59 59 14 31 1.840609
14 60 61 61 14 32 1.825674
14 62 64 63 14 33 1.800359
14 65 67 66 14 34 1.780851
14 68 70 69 14 35 1.762025
14 71 73 72 14 36 1.748287
14 74 76 75 14 37 1.731879
14 77 79 78 14 38 1.715455
14 80 82 81 14 39 1.697416
14 83 85 84 14 40 1.683063
14 86 88 87 14 41 1.669263
14 89 91 90 14 42 1.659367
14 92 94 93 14 43 1.643795
14 95 97 96 14 44 1.638394
14 98 100 99 14 45 1.628773
14 101 103 102 14 46 1.618363
14 104 109 107 14 47 1.602504
14 110 115 113 14 48 1.586125
14 116 121 119 14 49 1.564723
14 122 127 125 14 50 1.544204
14 128 133 131 14 51 1.532274
14 134 139 137 14 52 1.523121
14 140 145 143 14 53 1.513418
14 146 151 149 14 54 1.498835
14 152 157 155 14 55 1.483769
14 158 163 161 14 56 1.476650
14 164 169 167 14 57 1.466905
14 170 175 173 14 58 1.460772
14 176 181 179 14 59 1.452402
14 182 187 185 14 60 1.447107
14 188 193 191 14 61 1.444871
14 194 254 224 14 62 1.413418
14 255 255 255 14 63 1.393943
15 0 0 0 15 0 1.000000   # ieta [16], pt 0
15 1 15 8 15 1 2.586409
15 16 16 16 15 2 2.586081
15 17 17 17 15 3 2.540625
15 18 18 18 15 4 2.511184
15 19 19 19 15 5 2.461114
15 20 20 20 15 6 2.441933
15 21 21 21 15 7 2.433945
15 22 22 22 15 8 2.404492
15 23 23 23 15 9 2.386291
15 24 24 24 15 10 2.357336
15 25 25 25 15 11 2.354906
15 26 26 26 15 12 2.330122
15 27 27 27 15 13 2.319640
15 28 28 28 15 14 2.295170
15 29 29 29 15 15 2.265451
15 30 30 30 15 16 2.246195
15 31 31 31 15 17 2.234552
15 32 33 33 15 18 2.209194
15 34 35 35 15 19 2.152882
15 36 37 37 15 20 2.129739
15 38 39 39 15 21 2.094339
15 40 41 41 15 22 2.077932
15 42 43 43 15 23 2.048632
15 44 45 45 15 24 2.031117
15 46 47 47 15 25 2.007983
15 48 49 49 15 26 1.986424
15 50 51 51 15 27 1.962251
15 52 53 53 15 28 1.946774
15 54 55 55 15 29 1.933912
15 56 57 57 15 30 1.905167
15 58 59 59 15 31 1.894017
15 60 61 61 15 32 1.883133
15 62 64 63 15 33 1.853057
15 65 67 66 15 34 1.832370
15 68 70 69 15 35 1.810342
15 71 73 72 15 36 1.799839
15 74 76 75 15 37 1.784179
15 77 79 78 15 38 1.770824
15 80 82 81 15 39 1.755792
15 83 85 84 15 40 1.746530
15 86 88 87 15 41 1.732023
15 89 91 90 15 42 1.721755
15 92 94 93 15 43 1.703539
15 95 97 96 15 44 1.700130
15 98 100 99 15 45 1.688470
15 101 103 102 15 46 1.676201
15 104 109 107 15 47 1.659864
15 110 115 113 15 48 1.643261
15 116 121 119 15 49 1.626559
15 122 127 125 15 50 1.614821
15 128 133 131 15 51 1.604590
15 134 139 137 15 52 1.592737
15 140 145 143 15 53 1.579843
15 146 151 149 15 54 1.564415
15 152 157 155 15 55 1.550182
15 158 163 161 15 56 1.541752
15 164 169 167 15 57 1.531268
15 170 175 173 15 58 1.524164
15 176 181 179 15 59 1.516392
15 182 187 185 15 60 1.511055
15 188 193 191 15 61 1.500601
15 194 254 224 15 62 1.474300
15 255 255 255 15 63 1.455616
16 0 0 0 16 0 1.000000   # ieta [17], pt 0
16 1 15 8 16 1 2.594982
16 16 16 16 16 2 2.590370
16 17 17 17 16 3 2.544839
16 18 18 18 16 4 2.515348
16 19 19 19 16 5 2.461846
16 20 20 20 16 6 2.442659
16 21 21 21 16 7 2.434669
16 22 22 22 16 8 2.404162
16 23 23 23 16 9 2.385964
16 24 24 24 16 10 2.357013
16 25 25 25 16 11 2.354584
16 26 26 26 16 12 2.329802
16 27 27 27 16 13 2.319322
16 28 28 28 16 14 2.294855
16 29 29 29 16 15 2.265141
16 30 30 30 16 16 2.245887
16 31 31 31 16 17 2.234246
16 32 33 33 16 18 2.208891
16 34 35 35 16 19 2.152587
16 36 37 37 16 20 2.129447
16 38 39 39 16 21 2.094052
16 40 41 41 16 22 2.077648
16 42 43 43 16 23 2.048352
16 44 45 45 16 24 2.030838
16 46 47 47 16 25 2.007708
16 48 49 49 16 26 1.986152
16 50 51 51 16 27 1.961982
16 52 53 53 16 28 1.946507
16 54 55 55 16 29 1.933647
16 56 57 57 16 30 1.904906
16 58 59 59 16 31 1.893757
16 60 61 61 16 32 1.882874
16 62 64 63 16 33 1.852210
16 65 67 66 16 34 1.830898
16 68 70 69 16 35 1.808888
16 71 73 72 16 36 1.798394
16 74 76 75 16 37 1.782746
16 77 79 78 16 38 1.769321
16 80 82 81 16 39 1.753679
16 83 85 84 16 40 1.743959
16 86 88 87 16 41 1.728540
16 89 91 90 16 42 1.718293
16 92 94 93 16 43 1.699682
16 95 97 96 16 44 1.696064
16 98 100 99 16 45 1.684431
16 101 103 102 16 46 1.672192
16 104 109 107 16 47 1.655894
16 110 115 113 16 48 1.639720
16 116 121 119 16 49 1.623247
16 122 127 125 16 50 1.611308
16 128 133 131 16 51 1.600470
16 134 139 137 16 52 1.588647
16 140 145 143 16 53 1.575787
16 146 151 149 16 54 1.560398
16 152 157 155 16 55 1.546201
16 158 163 161 16 56 1.537793
16 164 169 167 16 57 1.527336
16 170 175 173 16 58 1.520250
16 176 181 179 16 59 1.512114
16 182 187 185 16 60 1.506716
16 188 193 191 16 61 1.496291
16 194 254 224 16 62 1.470115
16 255 255 255 16 63 1.451501
17 0 0 0 17 0 1.000000   # ieta [18], pt 0
17 1 15 8 17 1 2.473021
17 16 16 16 17 2 2.456500
17 17 17 17 17 3 2.413321
17 18 18 18 17 4 2.384456
17 19 19 19 17 5 2.334886
17 20 20 20 17 6 2.312842
17 21 21 21 17 7 2.305276
17 22 22 22 17 8 2.261381
17 23 23 23 17 9 2.239744
17 24 24 24 17 10 2.210930
17 25 25 25 17 11 2.205580
17 26 26 26 17 12 2.181517
17 27 27 27 17 13 2.167188
17 28 28 28 17 14 2.137580
17 29 29 29 17 15 2.097154
17 30 30 30 17 16 2.094545
17 31 31 31 17 17 2.080097
17 32 33 33 17 18 2.055871
17 34 35 35 17 19 2.008224
17 36 37 37 17 20 1.992052
17 38 39 39 17 21 1.956883
17 40 41 41 17 22 1.934408
17 42 43 43 17 23 1.900403
17 44 45 45 17 24 1.876345
17 46 47 47 17 25 1.858527
17 48 49 49 17 26 1.838940
17 50 51 51 17 27 1.814317
17 52 53 53 17 28 1.799100
17 54 55 55 17 29 1.787071
17 56 57 57 17 30 1.761254
17 58 59 59 17 31 1.753530
17 60 61 61 17 32 1.735057
17 62 64 63 17 33 1.711779
17 65 67 66 17 34 1.692595
17 68 70 69 17 35 1.670893
17 71 73 72 17 36 1.657648
17 74 76 75 17 37 1.643609
17 77 79 78 17 38 1.627624
17 80 82 81 17 39 1.606459
17 83 85 84 17 40 1.598697
17 86 88 87 17 41 1.591054
17 89 91 90 17 42 1.584954
17 92 94 93 17 43 1.566647
17 95 97 96 17 44 1.559919
17 98 100 99 17 45 1.548934
17 101 103 102 17 46 1.535471
17 104 109 107 17 47 1.523608
17 110 115 113 17 48 1.506916
17 116 121 119 17 49 1.485445
17 122 127 125 17 50 1.472865
17 128 133 131 17 51 1.461127
17 134 139 137 17 52 1.447565
17 140 145 143 17 53 1.438592
17 146 151 149 17 54 1.423555
17 152 157 155 17 55 1.407941
17 158 163 161 17 56 1.404643
17 164 169 167 17 57 1.398497
17 170 175 173 17 58 1.393025
17 176 181 179 17 59 1.386380
17 182 187 185 17 60 1.381293
17 188 193 191 17 61 1.379971
17 194 254 224 17 62 1.351040
17 255 255 255 17 63 1.332558
18 0 0 0 18 0 1.000000   # ieta [19], pt 0
18 1 15 8 18 1 2.424754
18 16 16 16 18 2 2.412752
18 17 17 17 18 3 2.376533
18 18 18 18 18 4 2.348108
18 19 19 19 18 5 2.302368
18 20 20 20 18 6 2.280631
18 21 21 21 18 7 2.271377
18 22 22 22 18 8 2.227480
18 23 23 23 18 9 2.211564
18 24 24 24 18 10 2.183113
18 25 25 25 18 11 2.170042
18 26 26 26 18 12 2.146366
18 27 27 27 18 13 2.132269
18 28 28 28 18 14 2.104357
18 29 29 29 18 15 2.064560
18 30 30 30 18 16 2.059572
18 31 31 31 18 17 2.045365
18 32 33 33 18 18 2.023918
18 34 35 35 18 19 1.978111
18 36 37 37 18 20 1.961063
18 38 39 39 18 21 1.920577
18 40 41 41 18 22 1.897639
18 42 43 43 18 23 1.865040
18 44 45 45 18 24 1.842190
18 46 47 47 18 25 1.820308
18 48 49 49 18 26 1.801123
18 50 51 51 18 27 1.781538
18 52 53 53 18 28 1.761026
18 54 55 55 18 29 1.749252
18 56 57 57 18 30 1.719615
18 58 59 59 18 31 1.712074
18 60 61 61 18 32 1.697562
18 62 64 63 18 33 1.675972
18 65 67 66 18 34 1.657683
18 68 70 69 18 35 1.644374
18 71 73 72 18 36 1.629258
18 74 76 75 18 37 1.617603
18 77 79 78 18 38 1.603324
18 80 82 81 18 39 1.588589
18 83 85 84 18 40 1.576800
18 86 88 87 18 41 1.564846
18 89 91 90 18 42 1.555433
18 92 94 93 18 43 1.537019
18 95 97 96 18 44 1.531042
18 98 100 99 18 45 1.520883
18 101 103 102 18 46 1.507663
18 104 109 107 18 47 1.493810
18 110 115 113 18 48 1.480635
18 116 121 119 18 49 1.464287
18 122 127 125 18 50 1.453122
18 128 133 131 18 51 1.430264
18 134 139 137 18 52 1.415766
18 140 145 143 18 53 1.404000
18 146 151 149 18 54 1.387786
18 152 157 155 18 55 1.379965
18 158 163 161 18 56 1.376733
18 164 169 167 18 57 1.367368
18 170 175 173 18 58 1.357745
18 176 181 179 18 59 1.350159
18 182 187 185 18 60 1.341941
18 188 193 191 18 61 1.339298
18 194 254 224 18 62 1.306575
18 255 255 255 18 63 1.286533
19 0 0 0 19 0 1.000000   # ieta [20], pt 0
19 1 15 8 19 1 2.393110
19 16 16 16 19 2 2.390443
19 17 17 17 19 3 2.350247
19 18 18 18 19 4 2.318846
19 19 19 19 19 5 2.259731
19 20 20 20 19 6 2.238396
19 21 21 21 19 7 2.229314
19 22 22 22 19 8 2.185013
19 23 23 23 19 9 2.169400
19 24 24 24 19 10 2.137797
19 25 25 25 19 11 2.124998
19 26 26 26 19 12 2.097286
19 27 27 27 19 13 2.084295
19 28 28 28 19 14 2.060351
19 29 29 29 19 15 2.014145
19 30 30 30 19 16 1.999463
19 31 31 31 19 17 1.989697
19 32 33 33 19 18 1.966210
19 34 35 35 19 19 1.923785
19 36 37 37 19 20 1.906250
19 38 39 39 19 21 1.874571
19 40 41 41 19 22 1.857429
19 42 43 43 19 23 1.832109
19 44 45 45 19 24 1.806917
19 46 47 47 19 25 1.782730
19 48 49 49 19 26 1.762744
19 50 51 51 19 27 1.745057
19 52 53 53 19 28 1.727937
19 54 55 55 19 29 1.717456
19 56 57 57 19 30 1.696046
19 58 59 59 19 31 1.690893
19 60 61 61 19 32 1.678941
19 62 64 63 19 33 1.657406
19 65 67 66 19 34 1.636383
19 68 70 69 19 35 1.621779
19 71 73 72 19 36 1.605916
19 74 76 75 19 37 1.594771
19 77 79 78 19 38 1.580145
19 80 82 81 19 39 1.563884
19 83 85 84 19 40 1.556397
19 86 88 87 19 41 1.539526
19 89 91 90 19 42 1.533058
19 92 94 93 19 43 1.520430
19 95 97 96 19 44 1.514518
19 98 100 99 19 45 1.505488
19 101 103 102 19 46 1.489639
19 104 109 107 19 47 1.477697
19 110 115 113 19 48 1.460866
19 116 121 119 19 49 1.448374
19 122 127 125 19 50 1.438080
19 128 133 131 19 51 1.420121
19 134 139 137 19 52 1.405726
19 140 145 143 19 53 1.394042
19 146 151 149 19 54 1.377943
19 152 157 155 19 55 1.370179
19 158 163 161 19 56 1.366970
19 164 169 167 19 57 1.357774
19 170 175 173 19 58 1.350313
19 176 181 179 19 59 1.345171
19 182 187 185 19 60 1.336983
19 188 193 191 19 61 1.334350
19 194 254 224 19 62 1.301747
19 255 255 255 19 63 1.281779
20 0 0 0 20 0 1.000000   # ieta [21], pt 0
20 1 15 8 20 1 2.411751
20 16 16 16 20 2 2.394909
20 17 17 17 20 3 2.354639
20 18 18 18 20 4 2.323179
20 19 19 19 20 5 2.263953
20 20 20 20 20 6 2.242579
20 21 21 21 20 7 2.233479
20 22 22 22 20 8 2.188464
20 23 23 23 20 9 2.169713
20 24 24 24 20 10 2.133900
20 25 25 25 20 11 2.121125
20 26 26 26 20 12 2.093463
20 27 27 27 20 13 2.080954
20 28 28 28 20 14 2.054922
20 29 29 29 20 15 2.008837
20 30 30 30 20 16 1.994194
20 31 31 31 20 17 1.984454
20 32 33 33 20 18 1.961029
20 34 35 35 20 19 1.917839
20 36 37 37 20 20 1.900065
20 38 39 39 20 21 1.868199
20 40 41 41 20 22 1.851115
20 42 43 43 20 23 1.825881
20 44 45 45 20 24 1.802542
20 46 47 47 20 25 1.782725
20 48 49 49 20 26 1.762739
20 50 51 51 20 27 1.745053
20 52 53 53 20 28 1.727933
20 54 55 55 20 29 1.714118
20 56 57 57 20 30 1.689428
20 58 59 59 20 31 1.684295
20 60 61 61 20 32 1.672389
20 62 64 63 20 33 1.651339
20 65 67 66 20 34 1.630592
20 68 70 69 20 35 1.616039
20 71 73 72 20 36 1.600232
20 74 76 75 20 37 1.589127
20 77 79 78 20 38 1.573615
20 80 82 81 20 39 1.559344
20 83 85 84 20 40 1.551879
20 86 88 87 20 41 1.528649
20 89 91 90 20 42 1.515436
20 92 94 93 20 43 1.501199
20 95 97 96 20 44 1.495361
20 98 100 99 20 45 1.486445
20 101 103 102 20 46 1.470797
20 104 109 107 20 47 1.459006
20 110 115 113 20 48 1.443171
20 116 121 119 20 49 1.434736
20 122 127 125 20 50 1.423114
20 128 133 131 20 51 1.409723
20 134 139 137 20 52 1.395626
20 140 145 143 20 53 1.381139
20 146 151 149 20 54 1.366700
20 152 157 155 20 55 1.358342
20 158 163 161 20 56 1.354506
20 164 169 167 20 57 1.345394
20 170 175 173 20 58 1.338001
20 176 181 179 20 59 1.331060
20 182 187 185 20 60 1.322589
20 188 193 191 20 61 1.319985
20 194 254 224 20 62 1.289348
20 255 255 255 20 63 1.270477
21 0 0 0 21 0 1.000000   # ieta [22], pt 0
21 1 15 8 21 1 2.350238
21 16 16 16 21 2 2.331007
21 17 17 17 21 3 2.291811
21 18 18 18 21 4 2.267633
21 19 19 19 21 5 2.219795
21 20 20 20 21 6 2.201181
21 21 21 21 21 7 2.192249
21 22 22 22 21 8 2.140681
21 23 23 23 21 9 2.122339
21 24 24 24 21 10 2.087308
21 25 25 25 21 11 2.070084
21 26 26 26 21 12 2.036833
21 27 27 27 21 13 2.024516
21 28 28 28 21 14 1.994575
21 29 29 29 21 15 1.958030
21 30 30 30 21 16 1.943756
21 31 31 31 21 17 1.934263
21 32 33 33 21 18 1.907242
21 34 35 35 21 19 1.866520
21 36 37 37 21 20 1.854588
21 38 39 39 21 21 1.808991
21 40 41 41 21 22 1.796781
21 42 43 43 21 23 1.775620
21 44 45 45 21 24 1.753771
21 46 47 47 21 25 1.741261
21 48 49 49 21 26 1.725672
21 50 51 51 21 27 1.698560
21 52 53 53 21 28 1.672511
21 54 55 55 21 29 1.662117
21 56 57 57 21 30 1.647215
21 58 59 59 21 31 1.642106
21 60 61 61 21 32 1.630394
21 62 64 63 21 33 1.609265
21 65 67 66 21 34 1.589047
21 68 70 69 21 35 1.574865
21 71 73 72 21 36 1.559225
21 74 76 75 21 37 1.548420
21 77 79 78 21 38 1.541440
21 80 82 81 21 39 1.528229
21 83 85 84 21 40 1.520912
21 86 88 87 21 41 1.504620
21 89 91 90 21 42 1.495979
21 92 94 93 21 43 1.473964
21 95 97 96 21 44 1.464317
21 98 100 99 21 45 1.447402
21 101 103 102 21 46 1.430142
21 104 109 107 21 47 1.426567
21 110 115 113 21 48 1.419444
21 116 121 119 21 49 1.411148
21 122 127 125 21 50 1.397633
21 128 133 131 21 51 1.384482
21 134 139 137 21 52 1.375601
21 140 145 143 21 53 1.368524
21 146 151 149 21 54 1.358987
21 152 157 155 21 55 1.345086
21 158 163 161 21 56 1.341287
21 164 169 167 21 57 1.332264
21 170 175 173 21 58 1.324944
21 176 181 179 21 59 1.317696
21 182 187 185 21 60 1.307441
21 188 193 191 21 61 1.304867
21 194 254 224 21 62 1.274996
21 255 255 255 21 63 1.256394
22 0 0 0 22 0 1.000000   # ieta [23], pt 0
22 1 15 8 22 1 2.253566
22 16 16 16 22 2 2.235126
22 17 17 17 22 3 2.210862
22 18 18 18 22 4 2.204112
22 19 19 19 22 5 2.157614
22 20 20 20 22 6 2.131497
22 21 21 21 22 7 2.135008
22 22 22 22 22 8 2.097146
22 23 23 23 22 9 2.071311
22 24 24 24 22 10 2.062616
22 25 25 25 22 11 2.045596
22 26 26 26 22 12 1.996407
22 27 27 27 22 13 1.984335
22 28 28 28 22 14 1.945487
22 29 29 29 22 15 1.909146
22 30 30 30 22 16 1.895229
22 31 31 31 22 17 1.885973
22 32 33 33 22 18 1.853738
22 34 35 35 22 19 1.817629
22 36 37 37 22 20 1.806011
22 38 39 39 22 21 1.764045
22 40 41 41 22 22 1.752139
22 42 43 43 22 23 1.731504
22 44 45 45 22 24 1.717260
22 46 47 47 22 25 1.697946
22 48 49 49 22 26 1.682804
22 50 51 51 22 27 1.652109
22 52 53 53 22 28 1.630157
22 54 55 55 22 29 1.620027
22 56 57 57 22 30 1.610035
22 58 59 59 22 31 1.605041
22 60 61 61 22 32 1.588559
22 62 64 63 22 33 1.574825
22 65 67 66 22 34 1.553246
22 68 70 69 22 35 1.531088
22 71 73 72 22 36 1.523558
22 74 76 75 22 37 1.511819
22 77 79 78 22 38 1.505004
22 80 82 81 22 39 1.492105
22 83 85 84 22 40 1.484961
22 86 88 87 22 41 1.469054
22 89 91 90 22 42 1.460618
22 92 94 93 22 43 1.449347
22 95 97 96 22 44 1.444367
22 98 100 99 22 45 1.433059
22 101 103 102 22 46 1.417647
22 104 109 107 22 47 1.408219
22 110 115 113 22 48 1.397276
22 116 121 119 22 49 1.384885
22 122 127 125 22 50 1.371621
22 128 133 131 22 51 1.356979
22 134 139 137 22 52 1.348075
22 140 145 143 22 53 1.338451
22 146 151 149 22 54 1.325281
22 152 157 155 22 55 1.314894
22 158 163 161 22 56 1.309594
22 164 169 167 22 57 1.298229
22 170 175 173 22 58 1.289840
22 176 181 179 22 59 1.284286
22 182 187 185 22 60 1.275387
22 188 193 191 22 61 1.272876
22 194 254 224 22 62 1.251568
22 255 255 255 22 63 1.234633
23 0 0 0 23 0 1.000000   # ieta [24], pt 0
23 1 15 8 23 1 2.127816
23 16 16 16 23 2 2.111330
23 17 17 17 23 3 2.086514
23 18 18 18 23 4 2.073904
23 19 19 19 23 5 2.026139
23 20 20 20 23 6 2.016356
23 21 21 21 23 7 2.004522
23 22 22 22 23 8 1.968151
23 23 23 23 23 9 1.958654
23 24 24 24 23 10 1.935875
23 25 25 25 23 11 1.920634
23 26 26 26 23 12 1.881175
23 27 27 27 23 13 1.875425
23 28 28 28 23 14 1.845404
23 29 29 29 23 15 1.828497
23 30 30 30 23 16 1.819201
23 31 31 31 23 17 1.808750
23 32 33 33 23 18 1.777148
23 34 35 35 23 19 1.748709
23 36 37 37 23 20 1.739471
23 38 39 39 23 21 1.699146
23 40 41 41 23 22 1.683066
23 42 43 43 23 23 1.663315
23 44 45 45 23 24 1.645875
23 46 47 47 23 25 1.632522
23 48 49 49 23 26 1.617964
23 50 51 51 23 27 1.598764
23 52 53 53 23 28 1.579525
23 54 55 55 23 29 1.569246
23 56 57 57 23 30 1.551638
23 58 59 59 23 31 1.546098
23 60 61 61 23 32 1.530490
23 62 64 63 23 33 1.521147
23 65 67 66 23 34 1.505152
23 68 70 69 23 35 1.482522
23 71 73 72 23 36 1.478215
23 74 76 75 23 37 1.469196
23 77 79 78 23 38 1.461382
23 80 82 81 23 39 1.454090
23 83 85 84 23 40 1.450891
23 86 88 87 23 41 1.437554
23 89 91 90 23 42 1.427451
23 92 94 93 23 43 1.413031
23 95 97 96 23 44 1.407747
23 98 100 99 23 45 1.394671
23 101 103 102 23 46 1.380262
23 104 109 107 23 47 1.368499
23 110 115 113 23 48 1.353799
23 116 121 119 23 49 1.340246
23 122 127 125 23 50 1.328930
23 128 133 131 23 51 1.319329
23 134 139 137 23 52 1.313000
23 140 145 143 23 53 1.305002
23 146 151 149 23 54 1.297576
23 152 157 155 23 55 1.287914
23 158 163 161 23 56 1.283335
23 164 169 167 23 57 1.273491
23 170 175 173 23 58 1.266283
23 176 181 179 23 59 1.261049
23 182 187 185 23 60 1.252529
23 188 193 191 23 61 1.250261
23 194 254 224 23 62 1.232249
23 255 255 255 23 63 1.215899
24 0 0 0 24 0 1.000000   # ieta [25], pt 0
24 1 15 8 24 1 2.127290
24 16 16 16 24 2 2.110809
24 17 17 17 24 3 2.085998
24 18 18 18 24 4 2.073392
24 19 19 19 24 5 2.025638
24 20 20 20 24 6 2.013598
24 21 21 21 24 7 2.001780
24 22 22 22 24 8 1.965459
24 23 23 23 24 9 1.955976
24 24 24 24 24 10 1.933228
24 25 25 25 24 11 1.918007
24 26 26 26 24 12 1.878602
24 27 27 27 24 13 1.872860
24 28 28 28 24 14 1.842881
24 29 29 29 24 15 1.825996
24 30 30 30 24 16 1.815124
24 31 31 31 24 17 1.804696
24 32 33 33 24 18 1.773165
24 34 35 35 24 19 1.744789
24 36 37 37 24 20 1.735572
24 38 39 39 24 21 1.694004
24 40 41 41 24 22 1.677972
24 42 43 43 24 23 1.658282
24 44 45 45 24 24 1.640894
24 46 47 47 24 25 1.627581
24 48 49 49 24 26 1.612236
24 50 51 51 24 27 1.593105
24 52 53 53 24 28 1.573933
24 54 55 55 24 29 1.563691
24 56 57 57 24 30 1.546145
24 58 59 59 24 31 1.540625
24 60 61 61 24 32 1.526784
24 62 64 63 24 33 1.516669
24 65 67 66 24 34 1.500720
24 68 70 69 24 35 1.478157
24 71 73 72 24 36 1.474078
24 74 76 75 24 37 1.464164
24 77 79 78 24 38 1.455595
24 80 82 81 24 39 1.448120
24 83 85 84 24 40 1.444933
24 86 88 87 24 41 1.432667
24 89 91 90 24 42 1.422598
24 92 94 93 24 43 1.408227
24 95 97 96 24 44 1.402961
24 98 100 99 24 45 1.389930
24 101 103 102 24 46 1.375570
24 104 109 107 24 47 1.363847
24 110 115 113 24 48 1.349543
24 116 121 119 24 49 1.336378
24 122 127 125 24 50 1.326429
24 128 133 131 24 51 1.318672
24 134 139 137 24 52 1.313017
24 140 145 143 24 53 1.305589
24 146 151 149 24 54 1.298159
24 152 157 155 24 55 1.288493
24 158 163 161 24 56 1.283912
24 164 169 167 24 57 1.274064
24 170 175 173 24 58 1.266853
24 176 181 179 24 59 1.261616
24 182 187 185 24 60 1.253092
24 188 193 191 24 61 1.250824
24 194 254 224 24 62 1.232262
24 255 255 255 24 63 1.214104
25 0 0 0 25 0 1.000000   # ieta [26], pt 0
25 1 15 8 25 1 2.094674
25 16 16 16 25 2 2.076184
25 17 17 17 25 3 2.051780
25 18 18 18 25 4 2.039381
25 19 19 19 25 5 1.991770
25 20 20 20 25 6 1.979931
25 21 21 21 25 7 1.978444
25 22 22 22 25 8 1.939724
25 23 23 23 25 9 1.929633
25 24 24 24 25 10 1.910108
25 25 25 25 25 11 1.878475
25 26 26 26 25 12 1.855205
25 27 27 27 25 13 1.849692
25 28 28 28 25 14 1.821031
25 29 29 29 25 15 1.804347
25 30 30 30 25 16 1.792330
25 31 31 31 25 17 1.782033
25 32 33 33 25 18 1.754422
25 34 35 35 25 19 1.729857
25 36 37 37 25 20 1.720281
25 38 39 39 25 21 1.679379
25 40 41 41 25 22 1.664214
25 42 43 43 25 23 1.644684
25 44 45 45 25 24 1.627440
25 46 47 47 25 25 1.614236
25 48 49 49 25 26 1.599017
25 50 51 51 25 27 1.580042
25 52 53 53 25 28 1.561028
25 54 55 55 25 29 1.550870
25 56 57 57 25 30 1.532305
25 58 59 59 25 31 1.526834
25 60 61 61 25 32 1.510478
25 62 64 63 25 33 1.501427
25 65 67 66 25 34 1.484994
25 68 70 69 25 35 1.460030
25 71 73 72 25 36 1.454345
25 74 76 75 25 37 1.443292
25 77 79 78 25 38 1.434845
25 80 82 81 25 39 1.426377
25 83 85 84 25 40 1.421502
25 86 88 87 25 41 1.408255
25 89 91 90 25 42 1.398518
25 92 94 93 25 43 1.383248
25 95 97 96 25 44 1.377502
25 98 100 99 25 45 1.364708
25 101 103 102 25 46 1.350609
25 104 109 107 25 47 1.339740
25 110 115 113 25 48 1.325794
25 116 121 119 25 49 1.311279
25 122 127 125 25 50 1.301857
25 128 133 131 25 51 1.293452
25 134 139 137 25 52 1.287812
25 140 145 143 25 53 1.280255
25 146 151 149 25 54 1.272529
25 152 157 155 25 55 1.264408
25 158 163 161 25 56 1.259913
25 164 169 167 25 57 1.250716
25 170 175 173 25 58 1.244513
25 176 181 179 25 59 1.240644
25 182 187 185 25 60 1.232695
25 188 193 191 25 61 1.230464
25 194 254 224 25 62 1.211221
25 255 255 255 25 63 1.194533
26 0 0 0 26 0 1.000000   # ieta [27], pt 0
26 1 15 8 26 1 2.342732
26 16 16 16 26 2 2.319607
26 17 17 17 26 3 2.277003
26 18 18 18 26 4 2.255136
26 19 19 19 26 5 2.167542
26 20 20 20 26 6 2.151855
26 21 21 21 26 7 2.139844
26 22 22 22 26 8 2.098818
26 23 23 23 26 9 2.062232
26 24 24 24 26 10 2.040669
26 25 25 25 26 11 2.024584
26 26 26 26 26 12 1.965429
26 27 27 27 26 13 1.959587
26 28 28 28 26 14 1.919457
26 29 29 29 26 15 1.898269
26 30 30 30 26 16 1.881026
26 31 31 31 26 17 1.865085
26 32 33 33 26 18 1.824256
26 34 35 35 26 19 1.782900
26 36 37 37 26 20 1.766310
26 38 39 39 26 21 1.722528
26 40 41 41 26 22 1.704237
26 42 43 43 26 23 1.680107
26 44 45 45 26 24 1.661433
26 46 47 47 26 25 1.647130
26 48 49 49 26 26 1.632555
26 50 51 51 26 27 1.610822
26 52 53 53 26 28 1.587971
26 54 55 55 26 29 1.576499
26 56 57 57 26 30 1.557308
26 58 59 59 26 31 1.551748
26 60 61 61 26 32 1.533030
26 62 64 63 26 33 1.521660
26 65 67 66 26 34 1.503975
26 68 70 69 26 35 1.478367
26 71 73 72 26 36 1.472612
26 74 76 75 26 37 1.461419
26 77 79 78 26 38 1.452867
26 80 82 81 26 39 1.442000
26 83 85 84 26 40 1.437072
26 86 88 87 26 41 1.422774
26 89 91 90 26 42 1.412937
26 92 94 93 26 43 1.397818
26 95 97 96 26 44 1.392167
26 98 100 99 26 45 1.379236
26 101 103 102 26 46 1.364987
26 104 109 107 26 47 1.353233
26 110 115 113 26 48 1.338997
26 116 121 119 26 49 1.324103
26 122 127 125 26 50 1.314523
26 128 133 131 26 51 1.305903
26 134 139 137 26 52 1.299639
26 140 145 143 26 53 1.292012
26 146 151 149 26 54 1.284215
26 152 157 155 26 55 1.275213
26 158 163 161 26 56 1.270679
26 164 169 167 26 57 1.261404
26 170 175 173 26 58 1.255148
26 176 181 179 26 59 1.249829
26 182 187 185 26 60 1.241540
26 188 193 191 26 61 1.239292
26 194 254 224 26 62 1.221338
26 255 255 255 26 63 1.204844
27 0 0 0 27 0 1.000000   # ieta [28], pt 0
27 1 15 8 27 1 2.370053
27 16 16 16 27 2 2.340565
27 17 17 17 27 3 2.297577
27 18 18 18 27 4 2.275512
27 19 19 19 27 5 2.187631
27 20 20 20 27 6 2.172772
27 21 21 21 27 7 2.160020
27 22 22 22 27 8 2.092562
27 23 23 23 27 9 2.056085
27 24 24 24 27 10 2.033490
27 25 25 25 27 11 2.017462
27 26 26 26 27 12 1.975395
27 27 27 27 27 13 1.969524
27 28 28 28 27 14 1.929191
27 29 29 29 27 15 1.907895
27 30 30 30 27 16 1.890564
27 31 31 31 27 17 1.874543
27 32 33 33 27 18 1.833507
27 34 35 35 27 19 1.791941
27 36 37 37 27 20 1.775267
27 38 39 39 27 21 1.731263
27 40 41 41 27 22 1.712879
27 42 43 43 27 23 1.688627
27 44 45 45 27 24 1.670150
27 46 47 47 27 25 1.656063
27 48 49 49 27 26 1.641409
27 50 51 51 27 27 1.619559
27 52 53 53 27 28 1.595729
27 54 55 55 27 29 1.583347
27 56 57 57 27 30 1.564072
27 58 59 59 27 31 1.558488
27 60 61 61 27 32 1.538547
27 62 64 63 27 33 1.530223
27 65 67 66 27 34 1.513268
27 68 70 69 27 35 1.487104
27 71 73 72 27 36 1.480834
27 74 76 75 27 37 1.469579
27 77 79 78 27 38 1.460979
27 80 82 81 27 39 1.450051
27 83 85 84 27 40 1.445096
27 86 88 87 27 41 1.431564
27 89 91 90 27 42 1.421740
27 92 94 93 27 43 1.406527
27 95 97 96 27 44 1.400841
27 98 100 99 27 45 1.387829
27 101 103 102 27 46 1.373491
27 104 109 107 27 47 1.361664
27 110 115 113 27 48 1.347717
27 116 121 119 27 49 1.333865
27 122 127 125 27 50 1.323693
27 128 133 131 27 51 1.314648
27 134 139 137 27 52 1.308482
27 140 145 143 27 53 1.300333
27 146 151 149 27 54 1.292502
27 152 157 155 27 55 1.283442
27 158 163 161 27 56 1.278879
27 164 169 167 27 57 1.269544
27 170 175 173 27 58 1.263248
27 176 181 179 27 59 1.257895
27 182 187 185 27 60 1.249552
27 188 193 191 27 61 1.247289
27 194 254 224 27 62 1.228762
27 255 255 255 27 63 1.211631
28 0 0 0 28 0 1.000000   # ieta [29], pt 0
28 1 15 8 28 1 1.608698
28 16 16 16 28 2 1.527286
28 17 17 17 28 3 1.497962
28 18 18 18 28 4 1.460623
28 19 19 19 28 5 1.424432
28 20 20 20 28 6 1.403630
28 21 21 21 28 7 1.403630
28 22 22 22 28 8 1.384388
28 23 23 23 28 9 1.372381
28 24 24 24 28 10 1.367103
28 25 25 25 28 11 1.360914
28 26 26 26 28 12 1.348840
28 27 27 27 28 13 1.336446
28 28 28 28 28 14 1.336012
28 29 29 29 28 15 1.351360
28 30 30 30 28 16 1.353581
28 31 31 31 28 17 1.352035
28 32 33 33 28 18 1.337282
28 34 35 35 28 19 1.303683
28 36 37 37 28 20 1.299707
28 38 39 39 28 21 1.297217
28 40 41 41 28 22 1.294640
28 42 43 43 28 23 1.293196
28 44 45 45 28 24 1.289355
28 46 47 47 28 25 1.270086
28 48 49 49 28 26 1.266203
28 50 51 51 28 27 1.265229
28 52 53 53 28 28 1.265229
28 54 55 55 28 29 1.264856
28 56 57 57 28 30 1.262246
28 58 59 59 28 31 1.253620
28 60 61 61 28 32 1.253620
28 62 64 63 28 33 1.253620
28 65 67 66 28 34 1.253620
28 68 70 69 28 35 1.251996
28 71 73 72 28 36 1.251586
28 74 76 75 28 37 1.234938
28 77 79 78 28 38 1.218598
28 80 82 81 28 39 1.210759
28 83 85 84 28 40 1.210759
28 86 88 87 28 41 1.208581
28 89 91 90 28 42 1.202470
28 92 94 93 28 43 1.199132
28 95 97 96 28 44 1.199132
28 98 100 99 28 45 1.199132
28 101 103 102 28 46 1.191963
28 104 109 107 28 47 1.178911
28 110 115 113 28 48 1.163886
28 116 121 119 28 49 1.149736
28 122 127 125 28 50 1.146509
28 128 133 131 28 51 1.141581
28 134 139 137 28 52 1.138716
28 140 145 143 28 53 1.138598
28 146 151 149 28 54 1.138946
28 152 157 155 28 55 1.138946
28 158 163 161 28 56 1.138946
28 164 169 167 28 57 1.138946
28 170 175 173 28 58 1.138946
28 176 181 179 28 59 1.138689
28 182 187 185 28 60 1.138432
28 188 193 191 28 61 1.137612
28 194 254 224 28 62 1.129791
28 255 255 255 28 63 1.125860
29 0 0 0 29 0 1.000000   # ieta [30], pt 0
29 1 15 8 29 1 1.308392
29 16 16 16 29 2 1.271959
29 17 17 17 29 3 1.260850
29 18 18 18 29 4 1.235734
29 19 19 19 29 5 1.204395
29 20 20 20 29 6 1.191825
29 21 21 21 29 7 1.191825
29 22 22 22 29 8 1.168994
29 23 23 23 29 9 1.151899
29 24 24 24 29 10 1.141061
29 25 25 25 29 11 1.130712
29 26 26 26 29 12 1.113953
29 27 27 27 29 13 1.099203
29 28 28 28 29 14 1.108149
29 29 29 29 29 15 1.113501
29 30 30 30 29 16 1.110951
29 31 31 31 29 17 1.120483
29 32 33 33 29 18 1.094049
29 34 35 35 29 19 1.056601
29 36 37 37 29 20 1.050701
29 38 39 39 29 21 1.047228
29 40 41 41 29 22 1.046003
29 42 43 43 29 23 1.044558
29 44 45 45 29 24 1.044511
29 46 47 47 29 25 1.043487
29 48 49 49 29 26 1.045426
29 50 51 51 29 27 1.045624
29 52 53 53 29 28 1.046836
29 54 55 55 29 29 1.046463
29 56 57 57 29 30 1.046999
29 58 59 59 29 31 1.040071
29 60 61 61 29 32 1.040071
29 62 64 63 29 33 1.040071
29 65 67 66 29 34 1.040071
29 68 70 69 29 35 1.040390
29 71 73 72 29 36 1.039980
29 74 76 75 29 37 1.039529
29 77 79 78 29 38 1.038442
29 80 82 81 29 39 1.037257
29 83 85 84 29 40 1.037257
29 86 88 87 29 41 1.027643
29 89 91 90 29 42 1.027244
29 92 94 93 29 43 1.027244
29 95 97 96 29 44 1.027244
29 98 100 99 29 45 1.027244
29 101 103 102 29 46 1.025598
29 104 109 107 29 47 1.023964
29 110 115 113 29 48 1.015924
29 116 121 119 29 49 1.010323
29 122 127 125 29 50 1.008991
29 128 133 131 29 51 1.004062
29 134 139 137 29 52 1.001197
29 140 145 143 29 53 1.000403
29 146 151 149 29 54 1.000075
29 152 157 155 29 55 1.000075
29 158 163 161 29 56 1.000075
29 164 169 167 29 57 1.000075
29 170 175 173 29 58 1.000075
29 176 181 179 29 59 0.999817
29 182 187 185 29 60 0.999560
29 188 193 191 29 61 0.998740
29 194 254 224 29 62 0.994082
29 255 255 255 29 63 0.991502
30 0 0 0 30 0 1.000000   # ieta [31], pt 0
30 1 15 8 30 1 1.241430
30 16 16 16 30 2 1.204997
30 17 17 17 30 3 1.183975
30 18 18 18 30 4 1.165102
30 19 19 19 30 5 1.137259
30 20 20 20 30 6 1.123111
30 21 21 21 30 7 1.123111
30 22 22 22 30 8 1.099209
30 23 23 23 30 9 1.075906
30 24 24 24 30 10 1.061026
30 25 25 25 30 11 1.045694
30 26 26 26 30 12 1.033243
30 27 27 27 30 13 1.032577
30 28 28 28 30 14 1.041524
30 29 29 29 30 15 1.046876
30 30 30 30 30 16 1.045219
30 31 31 31 30 17 1.042646
30 32 33 33 30 18 1.033051
30 34 35 35 30 19 1.003125
30 36 37 37 30 20 1.001332
30 38 39 39 30 21 0.999142
30 40 41 41 30 22 0.997916
30 42 43 43 30 23 0.996472
30 44 45 45 30 24 0.996424
30 46 47 47 30 25 0.996424
30 48 49 49 30 26 0.998363
30 50 51 51 30 27 0.998560
30 52 53 53 30 28 0.999773
30 54 55 55 30 29 1.000524
30 56 57 57 30 30 1.003796
30 58 59 59 30 31 1.003796
30 60 61 61 30 32 1.003796
30 62 64 63 30 33 1.003796
30 65 67 66 30 34 1.003796
30 68 70 69 30 35 1.004114
30 71 73 72 30 36 1.003705
30 74 76 75 30 37 1.003253
30 77 79 78 30 38 1.002167
30 80 82 81 30 39 1.000981
30 83 85 84 30 40 1.000981
30 86 88 87 30 41 1.000182
30 89 91 90 30 42 0.999782
30 92 94 93 30 43 0.999782
30 95 97 96 30 44 0.999782
30 98 100 99 30 45 0.999782
30 101 103 102 30 46 0.998136
30 104 109 107 30 47 0.996502
30 110 115 113 30 48 0.991901
30 116 121 119 30 49 0.986782
30 122 127 125 30 50 0.985450
30 128 133 131 30 51 0.981239
30 134 139 137 30 52 0.979595
30 140 145 143 30 53 0.978801
30 146 151 149 30 54 0.978472
30 152 157 155 30 55 0.978472
30 158 163 161 30 56 0.978472
30 164 169 167 30 57 0.978472
30 170 175 173 30 58 0.978472
30 176 181 179 30 59 0.978215
30 182 187 185 30 60 0.977957
30 188 193 191 30 61 0.977137
30 194 254 224 30 62 0.972479
30 255 255 255 30 63 0.969899
31 0 0 0 31 0 1.000000   # ieta [32], pt 0
31 1 15 8 31 1 1.170151
31 16 16 16 31 2 1.088755
31 17 17 17 31 3 1.077880
31 18 18 18 31 4 1.063742
31 19 19 19 31 5 1.031397
31 20 20 20 31 6 1.023282
31 21 21 21 31 7 1.018837
31 22 22 22 31 8 0.990026
31 23 23 23 31 9 0.960369
31 24 24 24 31 10 0.941951
31 25 25 25 31 11 0.934498
31 26 26 26 31 12 0.924529
31 27 27 27 31 13 0.924924
31 28 28 28 31 14 0.926986
31 29 29 29 31 15 0.926021
31 30 30 30 31 16 0.915849
31 31 31 31 31 17 0.911666
31 32 33 33 31 18 0.898652
31 34 35 35 31 19 0.883512
31 36 37 37 31 20 0.883222
31 38 39 39 31 21 0.883525
31 40 41 41 31 22 0.883858
31 42 43 43 31 23 0.884691
31 44 45 45 31 24 0.884643
31 46 47 47 31 25 0.884643
31 48 49 49 31 26 0.885952
31 50 51 51 31 27 0.886182
31 52 53 53 31 28 0.886182
31 54 55 55 31 29 0.890257
31 56 57 57 31 30 0.895124
31 58 59 59 31 31 0.896908
31 60 61 61 31 32 0.897814
31 62 64 63 31 33 0.898719
31 65 67 66 31 34 0.898719
31 68 70 69 31 35 0.899038
31 71 73 72 31 36 0.898628
31 74 76 75 31 37 0.898579
31 77 79 78 31 38 0.898888
31 80 82 81 31 39 0.898888
31 83 85 84 31 40 0.898888
31 86 88 87 31 41 0.898888
31 89 91 90 31 42 0.898888
31 92 94 93 31 43 0.898888
31 95 97 96 31 44 0.898888
31 98 100 99 31 45 0.898888
31 101 103 102 31 46 0.898652
31 104 109 107 31 47 0.897723
31 110 115 113 31 48 0.893121
31 116 121 119 31 49 0.891290
31 122 127 125 31 50 0.890972
31 128 133 131 31 51 0.886760
31 134 139 137 31 52 0.885117
31 140 145 143 31 53 0.884322
31 146 151 149 31 54 0.883994
31 152 157 155 31 55 0.883994
31 158 163 161 31 56 0.883994
31 164 169 167 31 57 0.883994
31 170 175 173 31 58 0.883994
31 176 181 179 31 59 0.883736
31 182 187 185 31 60 0.883479
31 188 193 191 31 61 0.882659
31 194 254 224 31 62 0.878001
31 255 255 255 31 63 0.875421
32 0 0 0 32 0 1.000000   # ieta [33], pt 0
32 1 15 8 32 1 1.168974
32 16 16 16 32 2 1.087578
32 17 17 17 32 3 1.076702
32 18 18 18 32 4 1.062565
32 19 19 19 32 5 1.031239
32 20 20 20 32 6 1.023124
32 21 21 21 32 7 1.018680
32 22 22 22 32 8 0.987865
32 23 23 23 32 9 0.956933
32 24 24 24 32 10 0.938515
32 25 25 25 32 11 0.931062
32 26 26 26 32 12 0.921093
32 27 27 27 32 13 0.921488
32 28 28 28 32 14 0.923550
32 29 29 29 32 15 0.926639
32 30 30 30 32 16 0.916468
32 31 31 31 32 17 0.912285
32 32 33 33 32 18 0.899270
32 34 35 35 32 19 0.882689
32 36 37 37 32 20 0.881665
32 38 39 39 32 21 0.880566
32 40 41 41 32 22 0.880232
32 42 43 43 32 23 0.881065
32 44 45 45 32 24 0.881017
32 46 47 47 32 25 0.881017
32 48 49 49 32 26 0.881941
32 50 51 51 32 27 0.881784
32 52 53 53 32 28 0.881784
32 54 55 55 32 29 0.885860
32 56 57 57 32 30 0.890726
32 58 59 59 32 31 0.892511
32 60 61 61 32 32 0.893416
32 62 64 63 32 33 0.894322
32 65 67 66 32 34 0.894322
32 68 70 69 32 35 0.893857
32 71 73 72 32 36 0.894055
32 74 76 75 32 37 0.894072
32 77 79 78 32 38 0.893909
32 80 82 81 32 39 0.893909
32 83 85 84 32 40 0.893909
32 86 88 87 32 41 0.893909
32 89 91 90 32 42 0.893909
32 92 94 93 32 43 0.893909
32 95 97 96 32 44 0.893909
32 98 100 99 32 45 0.893909
32 101 103 102 32 46 0.893672
32 104 109 107 32 47 0.892743
32 110 115 113 32 48 0.888142
32 116 121 119 32 49 0.886310
32 122 127 125 32 50 0.885993
32 128 133 131 32 51 0.883537
32 134 139 137 32 52 0.882279
32 140 145 143 32 53 0.881871
32 146 151 149 32 54 0.881542
32 152 157 155 32 55 0.881542
32 158 163 161 32 56 0.881542
32 164 169 167 32 57 0.881542
32 170 175 173 32 58 0.881542
32 176 181 179 32 59 0.881285
32 182 187 185 32 60 0.881027
32 188 193 191 32 61 0.881027
32 194 254 224 32 62 0.877189
32 255 255 255 32 63 0.874609
33 0 0 0 33 0 1.000000   # ieta [34], pt 0
33 1 15 8 33 1 1.161596
33 16 16 16 33 2 1.073372
33 17 17 17 33 3 1.062496
33 18 18 18 33 4 1.048359
33 19 19 19 33 5 1.016613
33 20 20 20 33 6 1.008053
33 21 21 21 33 7 1.003608
33 22 22 22 33 8 0.970575
33 23 23 23 33 9 0.939643
33 24 24 24 33 10 0.921225
33 25 25 25 33 11 0.920248
33 26 26 26 33 12 0.910279
33 27 27 27 33 13 0.910674
33 28 28 28 33 14 0.914739
33 29 29 29 33 15 0.915656
33 30 30 30 33 16 0.905485
33 31 31 31 33 17 0.903847
33 32 33 33 33 18 0.890833
33 34 35 35 33 19 0.874251
33 36 37 37 33 20 0.871329
33 38 39 39 33 21 0.865738
33 40 41 41 33 22 0.864304
33 42 43 43 33 23 0.865136
33 44 45 45 33 24 0.865089
33 46 47 47 33 25 0.865089
33 48 49 49 33 26 0.865220
33 50 51 51 33 27 0.865064
33 52 53 53 33 28 0.865064
33 54 55 55 33 29 0.869090
33 56 57 57 33 30 0.874324
33 58 59 59 33 31 0.879130
33 60 61 61 33 32 0.880035
33 62 64 63 33 33 0.880941
33 65 67 66 33 34 0.880941
33 68 70 69 33 35 0.880941
33 71 73 72 33 36 0.881138
33 74 76 75 33 37 0.881417
33 77 79 78 33 38 0.881777
33 80 82 81 33 39 0.881777
33 83 85 84 33 40 0.881777
33 86 88 87 33 41 0.881777
33 89 91 90 33 42 0.881777
33 92 94 93 33 43 0.881777
33 95 97 96 33 44 0.881777
33 98 100 99 33 45 0.881777
33 101 103 102 33 46 0.881541
33 104 109 107 33 47 0.880612
33 110 115 113 33 48 0.876010
33 116 121 119 33 49 0.874179
33 122 127 125 33 50 0.874010
33 128 133 131 33 51 0.872573
33 134 139 137 33 52 0.871316
33 140 145 143 33 53 0.870907
33 146 151 149 33 54 0.870907
33 152 157 155 33 55 0.870907
33 158 163 161 33 56 0.870907
33 164 169 167 33 57 0.870907
33 170 175 173 33 58 0.870907
33 176 181 179 33 59 0.870650
33 182 187 185 33 60 0.870393
33 188 193 191 33 61 0.870393
33 194 254 224 33 62 0.866906
33 255 255 255 33 63 0.864818
34 0 0 0 34 0 1.000000   # ieta [35], pt 0
34 1 15 8 34 1 1.179621
34 16 16 16 34 2 1.098225
34 17 17 17 34 3 1.087349
34 18 18 18 34 4 1.073212
34 19 19 19 34 5 1.041467
34 20 20 20 34 6 1.032906
34 21 21 21 34 7 1.028461
34 22 22 22 34 8 0.999604
34 23 23 23 34 9 0.968672
34 24 24 24 34 10 0.950254
34 25 25 25 34 11 0.942801
34 26 26 26 34 12 0.932832
34 27 27 27 34 13 0.933227
34 28 28 28 34 14 0.935289
34 29 29 29 34 15 0.933047
34 30 30 30 34 16 0.922875
34 31 31 31 34 17 0.917976
34 32 33 33 34 18 0.904962
34 34 35 35 34 19 0.888381
34 36 37 37 34 20 0.885459
34 38 39 39 34 21 0.880248
34 40 41 41 34 22 0.876786
34 42 43 43 34 23 0.876500
34 44 45 45 34 24 0.876452
34 46 47 47 34 25 0.876452
34 48 49 49 34 26 0.876007
34 50 51 51 34 27 0.875273
34 52 53 53 34 28 0.875273
34 54 55 55 34 29 0.879299
34 56 57 57 34 30 0.884534
34 58 59 59 34 31 0.886868
34 60 61 61 34 32 0.887774
34 62 64 63 34 33 0.883824
34 65 67 66 34 34 0.883364
34 68 70 69 34 35 0.883364
34 71 73 72 34 36 0.883562
34 74 76 75 34 37 0.884010
34 77 79 78 34 38 0.884710
34 80 82 81 34 39 0.884710
34 83 85 84 34 40 0.884710
34 86 88 87 34 41 0.884710
34 89 91 90 34 42 0.884710
34 92 94 93 34 43 0.884710
34 95 97 96 34 44 0.884710
34 98 100 99 34 45 0.884710
34 101 103 102 34 46 0.884474
34 104 109 107 34 47 0.883544
34 110 115 113 34 48 0.878943
34 116 121 119 34 49 0.877111
34 122 127 125 34 50 0.876942
34 128 133 131 34 51 0.875506
34 134 139 137 34 52 0.874248
34 140 145 143 34 53 0.873840
34 146 151 149 34 54 0.873840
34 152 157 155 34 55 0.873840
34 158 163 161 34 56 0.873840
34 164 169 167 34 57 0.873840
34 170 175 173 34 58 0.873840
34 176 181 179 34 59 0.873583
34 182 187 185 34 60 0.873325
34 188 193 191 34 61 0.873325
34 194 254 224 34 62 0.869838
34 255 255 255 34 63 0.867751
35 0 0 0 35 0 1.000000   # ieta [36], pt 0
35 1 15 8 35 1 1.183557
35 16 16 16 35 2 1.102162
35 17 17 17 35 3 1.091286
35 18 18 18 35 4 1.077148
35 19 19 19 35 5 1.045403
35 20 20 20 35 6 1.036842
35 21 21 21 35 7 1.032398
35 22 22 22 35 8 1.002061
35 23 23 23 35 9 0.971130
35 24 24 24 35 10 0.952711
35 25 25 25 35 11 0.945258
35 26 26 26 35 12 0.935290
35 27 27 27 35 13 0.935685
35 28 28 28 35 14 0.937747
35 29 29 29 35 15 0.935504
35 30 30 30 35 16 0.925333
35 31 31 31 35 17 0.920434
35 32 33 33 35 18 0.907420
35 34 35 35 35 19 0.888870
35 36 37 37 35 20 0.883768
35 38 39 39 35 21 0.878345
35 40 41 41 35 22 0.874883
35 42 43 43 35 23 0.874597
35 44 45 45 35 24 0.874549
35 46 47 47 35 25 0.874549
35 48 49 49 35 26 0.874104
35 50 51 51 35 27 0.873370
35 52 53 53 35 28 0.873370
35 54 55 55 35 29 0.876847
35 56 57 57 35 30 0.879380
35 58 59 59 35 31 0.881714
35 60 61 61 35 32 0.882620
35 62 64 63 35 33 0.878670
35 65 67 66 35 34 0.878211
35 68 70 69 35 35 0.878211
35 71 73 72 35 36 0.878408
35 74 76 75 35 37 0.878857
35 77 79 78 35 38 0.879556
35 80 82 81 35 39 0.879556
35 83 85 84 35 40 0.879556
35 86 88 87 35 41 0.879556
35 89 91 90 35 42 0.879556
35 92 94 93 35 43 0.879556
35 95 97 96 35 44 0.879556
35 98 100 99 35 45 0.879556
35 101 103 102 35 46 0.879320
35 104 109 107 35 47 0.878391
35 110 115 113 35 48 0.873789
35 116 121 119 35 49 0.871958
35 122 127 125 35 50 0.871789
35 128 133 131 35 51 0.870352
35 134 139 137 35 52 0.869094
35 140 145 143 35 53 0.868686
35 146 151 149 35 54 0.868686
35 152 157 155 35 55 0.868686
35 158 163 161 35 56 0.868686
35 164 169 167 35 57 0.868686
35 170 175 173 35 58 0.868686
35 176 181 179 35 59 0.868429
35 182 187 185 35 60 0.868172
35 188 193 191 35 61 0.868172
35 194 254 224 35 62 0.864685
35 255 255 255 35 63 0.862597
36 0 0 0 36 0 1.000000   # ieta [37], pt 0
36 1 15 8 36 1 1.196809
36 16 16 16 36 2 1.115413
36 17 17 17 36 3 1.104537
36 18 18 18 36 4 1.090400
36 19 19 19 36 5 1.062906
36 20 20 20 36 6 1.056089
36 21 21 21 36 7 1.056089
36 22 22 22 36 8 1.031075
36 23 23 23 36 9 1.000143
36 24 24 24 36 10 0.986620
36 25 25 25 36 11 0.979167
36 26 26 26 36 12 0.969199
36 27 27 27 36 13 0.969594
36 28 28 28 36 14 0.971656
36 29 29 29 36 15 0.969413
36 30 30 30 36 16 0.959242
36 31 31 31 36 17 0.950091
36 32 33 33 36 18 0.938037
36 34 35 35 36 19 0.916738
36 36 37 37 36 20 0.914528
36 38 39 39 36 21 0.912567
36 40 41 41 36 22 0.909840
36 42 43 43 36 23 0.909554
36 44 45 45 36 24 0.909506
36 46 47 47 36 25 0.909506
36 48 49 49 36 26 0.909061
36 50 51 51 36 27 0.908327
36 52 53 53 36 28 0.908327
36 54 55 55 36 29 0.910061
36 56 57 57 36 30 0.913768
36 58 59 59 36 31 0.916102
36 60 61 61 36 32 0.917008
36 62 64 63 36 33 0.913058
36 65 67 66 36 34 0.912598
36 68 70 69 36 35 0.912598
36 71 73 72 36 36 0.912796
36 74 76 75 36 37 0.913244
36 77 79 78 36 38 0.913944
36 80 82 81 36 39 0.913944
36 83 85 84 36 40 0.913944
36 86 88 87 36 41 0.913944
36 89 91 90 36 42 0.913944
36 92 94 93 36 43 0.913944
36 95 97 96 36 44 0.913944
36 98 100 99 36 45 0.913944
36 101 103 102 36 46 0.913708
36 104 109 107 36 47 0.912778
36 110 115 113 36 48 0.908177
36 116 121 119 36 49 0.906345
36 122 127 125 36 50 0.906176
36 128 133 131 36 51 0.904740
36 134 139 137 36 52 0.903482
36 140 145 143 36 53 0.903074
36 146 151 149 36 54 0.903074
36 152 157 155 36 55 0.903074
36 158 163 161 36 56 0.903074
36 164 169 167 36 57 0.903074
36 170 175 173 36 58 0.903074
36 176 181 179 36 59 0.902817
36 182 187 185 36 60 0.902559
36 188 193 191 36 61 0.902559
36 194 254 224 36 62 0.899072
36 255 255 255 36 63 0.896985
37 0 0 0 37 0 1.000000   # ieta [38], pt 0
37 1 15 8 37 1 1.233708
37 16 16 16 37 2 1.154069
37 17 17 17 37 3 1.149446
37 18 18 18 37 4 1.105473
37 19 19 19 37 5 1.077980
37 20 20 20 37 6 1.075514
37 21 21 21 37 7 1.075514
37 22 22 22 37 8 1.059048
37 23 23 23 37 9 1.040758
37 24 24 24 37 10 1.032118
37 25 25 25 37 11 1.030002
37 26 26 26 37 12 1.020034
37 27 27 27 37 13 1.020429
37 28 28 28 37 14 1.022491
37 29 29 29 37 15 1.019724
37 30 30 30 37 16 1.009552
37 31 31 31 37 17 1.000401
37 32 33 33 37 18 0.988174
37 34 35 35 37 19 0.966702
37 36 37 37 37 20 0.962849
37 38 39 39 37 21 0.957112
37 40 41 41 37 22 0.952252
37 42 43 43 37 23 0.949279
37 44 45 45 37 24 0.948656
37 46 47 47 37 25 0.948656
37 48 49 49 37 26 0.948211
37 50 51 51 37 27 0.947477
37 52 53 53 37 28 0.947477
37 54 55 55 37 29 0.947610
37 56 57 57 37 30 0.949715
37 58 59 59 37 31 0.952050
37 60 61 61 37 32 0.952955
37 62 64 63 37 33 0.949005
37 65 67 66 37 34 0.948546
37 68 70 69 37 35 0.948546
37 71 73 72 37 36 0.948744
37 74 76 75 37 37 0.949192
37 77 79 78 37 38 0.949892
37 80 82 81 37 39 0.949892
37 83 85 84 37 40 0.949892
37 86 88 87 37 41 0.949892
37 89 91 90 37 42 0.949892
37 92 94 93 37 43 0.949892
37 95 97 96 37 44 0.949892
37 98 100 99 37 45 0.949892
37 101 103 102 37 46 0.949656
37 104 109 107 37 47 0.948726
37 110 115 113 37 48 0.944125
37 116 121 119 37 49 0.942293
37 122 127 125 37 50 0.942124
37 128 133 131 37 51 0.940688
37 134 139 137 37 52 0.939430
37 140 145 143 37 53 0.939022
37 146 151 149 37 54 0.939022
37 152 157 155 37 55 0.939022
37 158 163 161 37 56 0.939022
37 164 169 167 37 57 0.939022
37 170 175 173 37 58 0.939022
37 176 181 179 37 59 0.938764
37 182 187 185 37 60 0.938507
37 188 193 191 37 61 0.938507
37 194 254 224 37 62 0.935020
37 255 255 255 37 63 0.932933
38 0 0 0 38 0 1.000000   # ieta [39], pt 0
38 1 15 8 38 1 1.615474
38 16 16 16 38 2 1.562522
38 17 17 17 38 3 1.582490
38 18 18 18 38 4 1.485806
38 19 19 19 38 5 1.336793
38 20 20 20 38 6 1.334327
38 21 21 21 38 7 1.334327
38 22 22 22 38 8 1.267770
38 23 23 23 38 9 1.209448
38 24 24 24 38 10 1.194872
38 25 25 25 38 11 1.176566
38 26 26 26 38 12 1.109178
38 27 27 27 38 13 1.088254
38 28 28 28 38 14 1.090316
38 29 29 29 38 15 1.087549
38 30 30 30 38 16 1.077377
38 31 31 31 38 17 1.081541
38 32 33 33 38 18 1.059634
38 34 35 35 38 19 1.011554
38 36 37 37 38 20 0.997714
38 38 39 39 38 21 0.983998
38 40 41 41 38 22 0.974133
38 42 43 43 38 23 0.968800
38 44 45 45 38 24 0.968177
38 46 47 47 38 25 0.968177
38 48 49 49 38 26 0.967731
38 50 51 51 38 27 0.966998
38 52 53 53 38 28 0.966998
38 54 55 55 38 29 0.967131
38 56 57 57 38 30 0.962878
38 58 59 59 38 31 0.965212
38 60 61 61 38 32 0.966118
38 62 64 63 38 33 0.962168
38 65 67 66 38 34 0.961709
38 68 70 69 38 35 0.961709
38 71 73 72 38 36 0.961906
38 74 76 75 38 37 0.962355
38 77 79 78 38 38 0.963054
38 80 82 81 38 39 0.963054
38 83 85 84 38 40 0.963054
38 86 88 87 38 41 0.963054
38 89 91 90 38 42 0.963054
38 92 94 93 38 43 0.963054
38 95 97 96 38 44 0.963054
38 98 100 99 38 45 0.963054
38 101 103 102 38 46 0.962818
38 104 109 107 38 47 0.961889
38 110 115 113 38 48 0.957288
38 116 121 119 38 49 0.955456
38 122 127 125 38 50 0.955287
38 128 133 131 38 51 0.953851
38 134 139 137 38 52 0.952593
38 140 145 143 38 53 0.952184
38 146 151 149 38 54 0.952184
38 152 157 155 38 55 0.952184
38 158 163 161 38 56 0.952184
38 164 169 167 38 57 0.952184
38 170 175 173 38 58 0.952184
38 176 181 179 38 59 0.951927
38 182 187 185 38 60 0.951670
38 188 193 191 38 61 0.951670
38 194 254 224 38 62 0.948183
38 255 255 255 38 63 0.946095
39 0 0 0 39 0 1.000000   # ieta [40], pt 0
39 1 15 8 39 1 1.725335
39 16 16 16 39 2 1.649418
39 17 17 17 39 3 1.669386
39 18 18 18 39 4 1.563022
39 19 19 19 39 5 1.414008
39 20 20 20 39 6 1.416790
39 21 21 21 39 7 1.416790
39 22 22 22 39 8 1.342821
39 23 23 23 39 9 1.284499
39 24 24 24 39 10 1.304541
39 25 25 25 39 11 1.273003
39 26 26 26 39 12 1.205616
39 27 27 27 39 13 1.184692
39 28 28 28 39 14 1.186753
39 29 29 29 39 15 1.183986
39 30 30 30 39 16 1.173815
39 31 31 31 39 17 1.174111
39 32 33 33 39 18 1.146418
39 34 35 35 39 19 1.075402
39 36 37 37 39 20 1.073146
39 38 39 39 39 21 1.053268
39 40 41 41 39 22 1.043342
39 42 43 43 39 23 1.037054
39 44 45 45 39 24 1.035476
39 46 47 47 39 25 1.035476
39 48 49 49 39 26 1.035031
39 50 51 51 39 27 1.034298
39 52 53 53 39 28 1.034298
39 54 55 55 39 29 1.031712
39 56 57 57 39 30 1.027459
39 58 59 59 39 31 1.029794
39 60 61 61 39 32 1.030699
39 62 64 63 39 33 1.023901
39 65 67 66 39 34 1.022017
39 68 70 69 39 35 1.022017
39 71 73 72 39 36 1.022215
39 74 76 75 39 37 1.022663
39 77 79 78 39 38 1.023363
39 80 82 81 39 39 1.023363
39 83 85 84 39 40 1.023363
39 86 88 87 39 41 1.023363
39 89 91 90 39 42 1.023363
39 92 94 93 39 43 1.023363
39 95 97 96 39 44 1.023363
39 98 100 99 39 45 1.023363
39 101 103 102 39 46 1.023127
39 104 109 107 39 47 1.022197
39 110 115 113 39 48 1.017596
39 116 121 119 39 49 1.015764
39 122 127 125 39 50 1.015595
39 128 133 131 39 51 1.014159
39 134 139 137 39 52 1.012901
39 140 145 143 39 53 1.012492
39 146 151 149 39 54 1.012492
39 152 157 155 39 55 1.012492
39 158 163 161 39 56 1.012492
39 164 169 167 39 57 1.012492
39 170 175 173 39 58 1.012492
39 176 181 179 39 59 1.012235
39 182 187 185 39 60 1.011978
39 188 193 191 39 61 1.011978
39 194 254 224 39 62 1.008491
39 255 255 255 39 63 1.006403
