# address to addend+multiplicative factor LUT
# maps 12 bits to 18 bits
# 18 bits = (addend<<10) + multiplier)
# addend is signed 8 bits, multiplier is 10 bits
# anything after # is ignored with the exception of the header
# the header is first valid line starting with #<header> versionStr nrBitsAddress nrBitsData </header>
#<header> v1 12 18 </header>
0 512  # compresses ieta bin 0, pt 0
1 4095
2 4095
3 4095
4 3071
5 2047
6 2043
7 1020
8 1007
9 1007
10 989
11 990
12 980
13 982
14 965
15 960
16 960
17 954
18 943
19 934
20 925
21 910
22 903
23 891
24 885
25 874
26 866
27 857
28 853
29 846
30 838
31 832
32 825
33 815
34 809
35 804
36 795
37 787
38 783
39 773
40 770
41 764
42 761
43 756
44 753
45 749
46 742
47 738
48 731
49 726
50 722
51 717
52 711
53 707
54 702
55 696
56 694
57 691
58 688
59 682
60 679
61 679
62 667
63 659
64 512  # compresses ieta bin 1, pt 0
65 3071
66 4095
67 4095
68 3071
69 2046
70 2043
71 1020
72 1007
73 1007
74 997
75 990
76 981
77 982
78 965
79 960
80 960
81 954
82 943
83 934
84 925
85 910
86 903
87 891
88 885
89 874
90 870
91 857
92 853
93 846
94 838
95 832
96 825
97 815
98 809
99 804
100 795
101 787
102 783
103 773
104 773
105 767
106 764
107 756
108 753
109 749
110 744
111 738
112 733
113 729
114 724
115 719
116 713
117 710
118 704
119 700
120 698
121 694
122 691
123 686
124 683
125 683
126 670
127 663
128 512  # compresses ieta bin 2, pt 0
129 4095
130 5119
131 4095
132 4095
133 3071
134 3071
135 2047
136 1018
137 1009
138 999
139 999
140 990
141 991
142 976
143 967
144 969
145 955
146 951
147 940
148 931
149 916
150 909
151 896
152 885
153 880
154 870
155 861
156 853
157 850
158 842
159 836
160 833
161 823
162 813
163 807
164 798
165 794
166 786
167 779
168 776
169 772
170 767
171 761
172 759
173 754
174 749
175 743
176 738
177 733
178 729
179 723
180 717
181 712
182 707
183 701
184 699
185 695
186 692
187 687
188 684
189 683
190 670
191 662
192 512  # compresses ieta bin 3, pt 0
193 4095
194 6143
195 5119
196 5119
197 4095
198 4095
199 4095
200 2047
201 2044
202 1019
203 1010
204 1000
205 1001
206 992
207 976
208 977
209 971
210 958
211 947
212 938
213 922
214 915
215 902
216 896
217 885
218 880
219 871
220 862
221 859
222 851
223 845
224 842
225 831
226 825
227 818
228 809
229 801
230 796
231 785
232 782
233 776
234 772
235 767
236 764
237 759
238 752
239 748
240 742
241 737
242 731
243 725
244 719
245 716
246 709
247 705
248 701
249 697
250 694
251 689
252 686
253 684
254 673
255 663
256 512  # compresses ieta bin 4, pt 0
257 5119
258 7167
259 7167
260 6143
261 5119
262 5119
263 5119
264 3071
265 2047
266 1019
267 1019
268 1010
269 1001
270 992
271 984
272 986
273 971
274 966
275 955
276 944
277 929
278 921
279 908
280 902
281 891
282 886
283 876
284 867
285 864
286 852
287 849
288 842
289 832
290 825
291 818
292 809
293 804
294 796
295 789
296 785
297 778
298 775
299 767
300 767
301 762
302 754
303 750
304 742
305 737
306 733
307 726
308 721
309 716
310 711
311 705
312 702
313 699
314 695
315 690
316 687
317 686
318 674
319 664
320 512  # compresses ieta bin 5, pt 0
321 5119
322 7167
323 7167
324 7167
325 5119
326 5119
327 5119
328 3071
329 3071
330 2046
331 2044
332 1010
333 1010
334 1001
335 986
336 986
337 979
338 967
339 956
340 945
341 936
342 922
343 914
344 903
345 896
346 886
347 876
348 868
349 864
350 856
351 849
352 846
353 836
354 829
355 822
356 813
357 807
358 800
359 792
360 788
361 781
362 778
363 772
364 769
365 762
366 757
367 753
368 745
369 739
370 733
371 726
372 721
373 717
374 711
375 706
376 704
377 700
378 696
379 693
380 690
381 688
382 677
383 669
384 512  # compresses ieta bin 6, pt 0
385 5119
386 7167
387 7167
388 7167
389 6143
390 6143
391 6143
392 4095
393 4095
394 2047
395 2047
396 1019
397 1011
398 1001
399 993
400 987
401 979
402 974
403 962
404 951
405 936
406 922
407 914
408 902
409 896
410 886
411 876
412 868
413 864
414 856
415 849
416 846
417 836
418 829
419 822
420 813
421 807
422 800
423 792
424 785
425 781
426 778
427 770
428 767
429 762
430 757
431 750
432 745
433 739
434 733
435 726
436 721
437 717
438 711
439 706
440 704
441 700
442 696
443 692
444 690
445 688
446 677
447 668
448 512  # compresses ieta bin 7, pt 0
449 5119
450 7167
451 7167
452 7167
453 6143
454 6143
455 6143
456 4095
457 4095
458 3071
459 3071
460 1019
461 1019
462 1002
463 994
464 994
465 980
466 974
467 962
468 951
469 936
470 922
471 914
472 902
473 896
474 886
475 876
476 868
477 864
478 856
479 849
480 846
481 836
482 829
483 822
484 813
485 807
486 800
487 792
488 785
489 781
490 778
491 770
492 767
493 762
494 757
495 750
496 745
497 739
498 733
499 726
500 721
501 717
502 711
503 706
504 704
505 700
506 696
507 692
508 690
509 688
510 676
511 668
512 512  # compresses ieta bin 8, pt 0
513 6143
514 9215
515 9215
516 9215
517 7167
518 7167
519 7167
520 5119
521 5119
522 3071
523 3071
524 2047
525 2044
526 1019
527 1011
528 1003
529 995
530 983
531 977
532 965
533 949
534 940
535 926
536 913
537 902
538 896
539 886
540 877
541 873
542 860
543 857
544 850
545 840
546 832
547 826
548 816
549 811
550 803
551 795
552 788
553 784
554 778
555 772
556 769
557 764
558 759
559 753
560 747
561 742
562 735
563 726
564 723
565 717
566 713
567 706
568 704
569 700
570 696
571 693
572 690
573 688
574 677
575 668
576 512  # compresses ieta bin 9, pt 0
577 7167
578 11263
579 11263
580 11263
581 10239
582 9215
583 9215
584 8191
585 7167
586 6143
587 6143
588 5119
589 5119
590 3071
591 2047
592 2045
593 1012
594 998
595 984
596 966
597 955
598 941
599 932
600 925
601 913
602 907
603 896
604 886
605 883
606 874
607 870
608 863
609 852
610 844
611 837
612 827
613 821
614 813
615 804
616 800
617 793
618 789
619 783
620 780
621 775
622 769
623 762
624 756
625 750
626 741
627 734
628 728
629 725
630 719
631 713
632 712
633 708
634 704
635 699
636 696
637 695
638 682
639 673
640 512  # compresses ieta bin 10, pt 0
641 7167
642 12287
643 12287
644 12287
645 11263
646 11263
647 11263
648 9215
649 8191
650 7167
651 7167
652 5119
653 5119
654 4095
655 3071
656 2047
657 1020
658 1006
659 991
660 979
661 962
662 953
663 939
664 936
665 923
666 917
667 907
668 901
669 896
670 887
671 879
672 871
673 860
674 852
675 844
676 834
677 828
678 819
679 811
680 806
681 802
682 795
683 789
684 785
685 780
686 772
687 767
688 760
689 754
690 747
691 740
692 736
693 730
694 723
695 718
696 715
697 711
698 707
699 703
700 700
701 699
702 684
703 675
704 512  # compresses ieta bin 11, pt 0
705 8191
706 13311
707 13311
708 13311
709 12287
710 11263
711 11263
712 9215
713 9215
714 8191
715 8191
716 7167
717 7167
718 6143
719 5119
720 4095
721 3071
722 2047
723 1013
724 1001
725 982
726 971
727 957
728 953
729 945
730 934
731 926
732 915
733 910
734 896
735 892
736 884
737 872
738 860
739 852
740 845
741 835
742 829
743 820
744 815
745 808
746 804
747 797
748 794
749 788
750 780
751 777
752 767
753 761
754 755
755 748
756 739
757 733
758 728
759 723
760 720
761 715
762 713
763 709
764 705
765 705
766 690
767 681
768 512  # compresses ieta bin 12, pt 0
769 9215
770 15359
771 14335
772 14335
773 13311
774 13311
775 13311
776 12287
777 12287
778 11263
779 11263
780 10239
781 10239
782 9215
783 7167
784 6143
785 6143
786 5119
787 2047
788 1021
789 1002
790 996
791 980
792 970
793 962
794 954
795 941
796 930
797 924
798 910
799 905
800 901
801 888
802 879
803 870
804 862
805 855
806 845
807 836
808 830
809 820
810 815
811 808
812 807
813 801
814 792
815 786
816 779
817 772
818 765
819 758
820 751
821 744
822 737
823 731
824 729
825 725
826 722
827 716
828 714
829 711
830 697
831 687
832 512  # compresses ieta bin 13, pt 0
833 10239
834 17407
835 17407
836 17407
837 16383
838 16383
839 17407
840 15359
841 15359
842 15359
843 15359
844 14335
845 14335
846 14335
847 12287
848 12287
849 11263
850 10239
851 7167
852 6143
853 3071
854 2046
855 1010
856 999
857 983
858 974
859 961
860 954
861 947
862 932
863 927
864 922
865 909
866 902
867 893
868 884
869 876
870 868
871 858
872 849
873 840
874 835
875 825
876 823
877 816
878 810
879 803
880 797
881 785
882 778
883 771
884 767
885 762
886 755
887 748
888 745
889 740
890 736
891 732
892 730
893 729
894 713
895 703
896 512  # compresses ieta bin 14, pt 0
897 11263
898 19455
899 19455
900 18431
901 17407
902 17407
903 18431
904 17407
905 17407
906 16383
907 16383
908 16383
909 16383
910 15359
911 14335
912 14335
913 13311
914 12287
915 9215
916 8191
917 6143
918 5119
919 2047
920 1017
921 1005
922 995
923 981
924 973
925 966
926 950
927 944
928 938
929 925
930 914
931 904
932 898
933 889
934 881
935 871
936 864
937 855
938 852
939 844
940 841
941 834
942 830
943 822
944 813
945 802
946 792
947 785
948 781
949 776
950 769
951 761
952 756
953 752
954 748
955 745
956 741
957 741
958 724
959 714
960 512  # compresses ieta bin 15, pt 0
961 11263
962 21503
963 20479
964 20479
965 20479
966 20479
967 20479
968 20479
969 20479
970 19455
971 20479
972 19455
973 19455
974 19455
975 17407
976 17407
977 17407
978 16383
979 13311
980 12287
981 9215
982 8191
983 6143
984 5119
985 3071
986 1021
987 1006
988 998
989 994
990 977
991 970
992 968
993 949
994 941
995 930
996 923
997 917
998 908
999 899
1000 895
1001 887
1002 883
1003 874
1004 871
1005 865
1006 860
1007 851
1008 842
1009 834
1010 829
1011 822
1012 816
1013 810
1014 802
1015 796
1016 790
1017 784
1018 781
1019 778
1020 774
1021 769
1022 755
1023 745
1024 512  # compresses ieta bin 16, pt 0
1025 12287
1026 21503
1027 21503
1028 21503
1029 20479
1030 20479
1031 20479
1032 20479
1033 20479
1034 19455
1035 20479
1036 19455
1037 19455
1038 19455
1039 17407
1040 17407
1041 17407
1042 16383
1043 13311
1044 12287
1045 9215
1046 8191
1047 6143
1048 5119
1049 3071
1050 1021
1051 1006
1052 998
1053 994
1054 977
1055 970
1056 968
1057 949
1058 941
1059 930
1060 923
1061 913
1062 908
1063 899
1064 894
1065 887
1066 880
1067 871
1068 871
1069 865
1070 857
1071 848
1072 842
1073 832
1074 827
1075 820
1076 814
1077 809
1078 800
1079 792
1080 788
1081 783
1082 779
1083 775
1084 772
1085 767
1086 754
1087 743
1088 512  # compresses ieta bin 17, pt 0
1089 10239
1090 17407
1091 16383
1092 16383
1093 15359
1094 15359
1095 15359
1096 14335
1097 13311
1098 12287
1099 12287
1100 11263
1101 11263
1102 10239
1103 8191
1104 8191
1105 7167
1106 6143
1107 3071
1108 1021
1109 1008
1110 996
1111 975
1112 965
1113 956
1114 943
1115 931
1116 925
1117 919
1118 905
1119 901
1120 892
1121 880
1122 867
1123 859
1124 852
1125 845
1126 835
1127 823
1128 821
1129 817
1130 812
1131 803
1132 801
1133 795
1134 787
1135 781
1136 774
1137 763
1138 755
1139 750
1140 743
1141 737
1142 730
1143 721
1144 720
1145 717
1146 714
1147 710
1148 708
1149 707
1150 692
1151 683
1152 512  # compresses ieta bin 18, pt 0
1153 9215
1154 15359
1155 15359
1156 15359
1157 13311
1158 13311
1159 13311
1160 12287
1161 12287
1162 11263
1163 11263
1164 10239
1165 9215
1166 8191
1167 6143
1168 6143
1169 5119
1170 4095
1171 1014
1172 1007
1173 988
1174 978
1175 956
1176 948
1177 934
1178 927
1179 916
1180 906
1181 897
1182 883
1183 879
1184 871
1185 860
1186 852
1187 844
1188 838
1189 831
1190 822
1191 814
1192 809
1193 802
1194 798
1195 789
1196 785
1197 780
1198 775
1199 767
1200 760
1201 752
1202 745
1203 734
1204 726
1205 721
1206 713
1207 708
1208 705
1209 702
1210 696
1211 692
1212 689
1213 687
1214 669
1215 659
1216 512  # compresses ieta bin 19, pt 0
1217 8191
1218 14335
1219 14335
1220 13311
1221 12287
1222 12287
1223 12287
1224 10239
1225 10239
1226 9215
1227 8191
1228 7167
1229 7167
1230 5119
1231 3071
1232 2047
1233 1021
1234 1013
1235 991
1236 979
1237 962
1238 953
1239 944
1240 930
1241 918
1242 907
1243 896
1244 886
1245 882
1246 870
1247 870
1248 863
1249 852
1250 840
1251 833
1252 823
1253 818
1254 812
1255 801
1256 797
1257 790
1258 787
1259 781
1260 777
1261 772
1262 764
1263 758
1264 749
1265 744
1266 739
1267 728
1268 721
1269 716
1270 707
1271 703
1272 701
1273 695
1274 692
1275 690
1276 686
1277 684
1278 667
1279 657
1280 512  # compresses ieta bin 20, pt 0
1281 9215
1282 15359
1283 14335
1284 14335
1285 12287
1286 12287
1287 12287
1288 10239
1289 10239
1290 8191
1291 8191
1292 7167
1293 6143
1294 5119
1295 3071
1296 2045
1297 1020
1298 1006
1299 984
1300 979
1301 962
1302 953
1303 938
1304 925
1305 918
1306 907
1307 896
1308 886
1309 882
1310 869
1311 866
1312 859
1313 848
1314 836
1315 830
1316 820
1317 814
1318 806
1319 801
1320 797
1321 784
1322 778
1323 769
1324 767
1325 762
1326 754
1327 748
1328 740
1329 735
1330 731
1331 723
1332 715
1333 708
1334 700
1335 696
1336 694
1337 689
1338 686
1339 683
1340 678
1341 676
1342 661
1343 651
1344 512  # compresses ieta bin 21, pt 0
1345 8191
1346 13311
1347 12287
1348 12287
1349 10239
1350 10239
1351 10239
1352 8191
1353 8191
1354 6143
1355 6143
1356 4095
1357 3071
1358 2045
1359 1011
1360 1003
1361 995
1362 982
1363 962
1364 952
1365 929
1366 922
1367 914
1368 902
1369 896
1370 886
1371 871
1372 858
1373 854
1374 847
1375 844
1376 838
1377 827
1378 817
1379 807
1380 802
1381 794
1382 790
1383 785
1384 782
1385 772
1386 767
1387 756
1388 751
1389 744
1390 734
1391 731
1392 729
1393 724
1394 716
1395 711
1396 706
1397 701
1398 697
1399 690
1400 688
1401 683
1402 679
1403 676
1404 671
1405 668
1406 653
1407 644
1408 512  # compresses ieta bin 22, pt 0
1409 6143
1410 10239
1411 9215
1412 9215
1413 8191
1414 7167
1415 8191
1416 6143
1417 5119
1418 5119
1419 4095
1420 2046
1421 1019
1422 1001
1423 984
1424 977
1425 971
1426 952
1427 933
1428 931
1429 909
1430 903
1431 891
1432 885
1433 874
1434 865
1435 851
1436 838
1437 831
1438 829
1439 823
1440 817
1441 807
1442 798
1443 785
1444 781
1445 777
1446 773
1447 766
1448 761
1449 755
1450 750
1451 745
1452 740
1453 736
1454 727
1455 722
1456 717
1457 711
1458 704
1459 697
1460 691
1461 687
1462 680
1463 675
1464 672
1465 666
1466 661
1467 659
1468 654
1469 652
1470 642
1471 633
1472 512  # compresses ieta bin 23, pt 0
1473 4095
1474 6143
1475 5119
1476 5119
1477 3071
1478 3071
1479 2047
1480 1018
1481 1007
1482 997
1483 989
1484 970
1485 964
1486 947
1487 940
1488 935
1489 930
1490 912
1491 897
1492 896
1493 877
1494 865
1495 855
1496 845
1497 837
1498 833
1499 821
1500 810
1501 808
1502 797
1503 793
1504 787
1505 783
1506 774
1507 763
1508 759
1509 753
1510 750
1511 748
1512 745
1513 737
1514 733
1515 725
1516 721
1517 715
1518 709
1519 703
1520 695
1521 688
1522 681
1523 678
1524 674
1525 669
1526 666
1527 660
1528 658
1529 653
1530 649
1531 646
1532 642
1533 642
1534 631
1535 623
1536 512  # compresses ieta bin 24, pt 0
1537 4095
1538 6143
1539 5119
1540 5119
1541 3071
1542 3071
1543 2047
1544 1009
1545 1007
1546 997
1547 989
1548 970
1549 963
1550 947
1551 940
1552 935
1553 929
1554 912
1555 896
1556 890
1557 870
1558 865
1559 855
1560 845
1561 836
1562 828
1563 817
1564 809
1565 803
1566 793
1567 792
1568 783
1569 779
1570 770
1571 759
1572 756
1573 753
1574 747
1575 744
1576 742
1577 734
1578 730
1579 723
1580 719
1581 713
1582 707
1583 700
1584 692
1585 686
1586 681
1587 676
1588 674
1589 669
1590 666
1591 660
1592 658
1593 654
1594 649
1595 647
1596 643
1597 642
1598 631
1599 622
1600 512  # compresses ieta bin 25, pt 0
1601 4095
1602 4095
1603 4095
1604 3071
1605 2043
1606 1018
1607 1018
1608 997
1609 996
1610 987
1611 968
1612 952
1613 953
1614 937
1615 931
1616 926
1617 914
1618 904
1619 889
1620 883
1621 863
1622 854
1623 844
1624 835
1625 831
1626 823
1627 811
1628 800
1629 798
1630 788
1631 784
1632 775
1633 770
1634 763
1635 748
1636 745
1637 739
1638 737
1639 732
1640 730
1641 722
1642 718
1643 709
1644 706
1645 700
1646 694
1647 688
1648 681
1649 673
1650 667
1651 664
1652 661
1653 657
1654 652
1655 649
1656 647
1657 642
1658 639
1659 636
1660 632
1661 631
1662 621
1663 612
1664 512  # compresses ieta bin 26, pt 0
1665 7167
1666 12287
1667 11263
1668 11263
1669 8191
1670 8191
1671 8191
1672 6143
1673 5119
1674 4095
1675 3071
1676 1010
1677 1010
1678 985
1679 976
1680 969
1681 962
1682 936
1683 918
1684 910
1685 884
1686 878
1687 862
1688 857
1689 847
1690 839
1691 826
1692 815
1693 808
1694 802
1695 797
1696 787
1697 783
1698 774
1699 759
1700 756
1701 749
1702 747
1703 741
1704 736
1705 731
1706 724
1707 717
1708 713
1709 707
1710 699
1711 695
1712 688
1713 679
1714 675
1715 670
1716 667
1717 664
1718 659
1719 654
1720 651
1721 646
1722 643
1723 640
1724 636
1725 635
1726 626
1727 617
1728 512  # compresses ieta bin 27, pt 0
1729 8191
1730 13311
1731 12287
1732 12287
1733 9215
1734 9215
1735 9215
1736 6143
1737 5119
1738 4095
1739 3071
1740 1019
1741 1011
1742 992
1743 984
1744 970
1745 963
1746 943
1747 919
1748 911
1749 890
1750 878
1751 867
1752 857
1753 853
1754 844
1755 831
1756 819
1757 812
1758 802
1759 801
1760 791
1761 787
1762 778
1763 763
1764 759
1765 753
1766 750
1767 744
1768 742
1769 734
1770 730
1771 723
1772 719
1773 713
1774 704
1775 698
1776 692
1777 683
1778 679
1779 674
1780 672
1781 667
1782 663
1783 658
1784 656
1785 651
1786 648
1787 645
1788 640
1789 639
1790 629
1791 621
1792 512  # compresses ieta bin 28, pt 0
1793 848
1794 792
1795 776
1796 761
1797 735
1798 724
1799 726
1800 716
1801 707
1802 709
1803 702
1804 695
1805 688
1806 690
1807 694
1808 696
1809 698
1810 687
1811 670
1812 668
1813 667
1814 665
1815 664
1816 663
1817 652
1818 651
1819 650
1820 650
1821 649
1822 649
1823 645
1824 645
1825 645
1826 642
1827 644
1828 642
1829 633
1830 625
1831 621
1832 620
1833 619
1834 616
1835 615
1836 615
1837 614
1838 611
1839 604
1840 597
1841 591
1842 589
1843 586
1844 584
1845 585
1846 584
1847 584
1848 585
1849 584
1850 584
1851 584
1852 583
1853 584
1854 579
1855 577
1856 512  # compresses ieta bin 29, pt 0
1857 688
1858 664
1859 655
1860 636
1861 627
1862 621
1863 616
1864 602
1865 596
1866 592
1867 589
1868 576
1869 565
1870 571
1871 578
1872 576
1873 576
1874 563
1875 545
1876 543
1877 542
1878 540
1879 539
1880 538
1881 537
1882 537
1883 540
1884 539
1885 538
1886 537
1887 536
1888 535
1889 535
1890 534
1891 536
1892 535
1893 534
1894 533
1895 533
1896 532
1897 528
1898 528
1899 527
1900 527
1901 526
1902 526
1903 525
1904 523
1905 518
1906 518
1907 515
1908 513
1909 513
1910 513
1911 513
1912 513
1913 513
1914 513
1915 513
1916 513
1917 513
1918 509
1919 508
1920 512  # compresses ieta bin 30, pt 0
1921 656
1922 632
1923 612
1924 605
1925 587
1926 582
1927 580
1928 566
1929 553
1930 549
1931 539
1932 537
1933 536
1934 536
1935 543
1936 542
1937 541
1938 532
1939 516
1940 515
1941 515
1942 515
1943 515
1944 515
1945 515
1946 515
1947 515
1948 514
1949 514
1950 515
1951 515
1952 515
1953 515
1954 518
1955 518
1956 518
1957 514
1958 514
1959 514
1960 514
1961 513
1962 513
1963 513
1964 513
1965 513
1966 513
1967 511
1968 509
1969 507
1970 505
1971 504
1972 502
1973 503
1974 503
1975 502
1976 502
1977 502
1978 503
1979 501
1980 502
1981 501
1982 499
1983 497
1984 512  # compresses ieta bin 31, pt 0
1985 624
1986 568
1987 565
1988 549
1989 533
1990 531
1991 531
1992 518
1993 496
1994 486
1995 487
1996 478
1997 479
1998 480
1999 481
2000 474
2001 475
2002 463
2003 457
2004 454
2005 456
2006 454
2007 456
2008 458
2009 455
2010 457
2011 455
2012 457
2013 459
2014 461
2015 462
2016 464
2017 462
2018 464
2019 462
2020 461
2021 463
2022 461
2023 463
2024 462
2025 461
2026 462
2027 461
2028 463
2029 462
2030 461
2031 461
2032 459
2033 458
2034 458
2035 455
2036 455
2037 454
2038 453
2039 454
2040 454
2041 453
2042 454
2043 453
2044 453
2045 453
2046 450
2047 448
2048 512  # compresses ieta bin 32, pt 0
2049 624
2050 568
2051 565
2052 549
2053 533
2054 531
2055 531
2056 508
2057 495
2058 485
2059 487
2060 478
2061 479
2062 480
2063 481
2064 474
2065 475
2066 463
2067 457
2068 454
2069 456
2070 453
2071 456
2072 453
2073 455
2074 453
2075 454
2076 453
2077 455
2078 461
2079 458
2080 460
2081 462
2082 460
2083 459
2084 461
2085 459
2086 458
2087 460
2088 459
2089 461
2090 459
2091 458
2092 460
2093 459
2094 458
2095 458
2096 457
2097 455
2098 454
2099 453
2100 454
2101 452
2102 453
2103 452
2104 453
2105 452
2106 452
2107 453
2108 452
2109 453
2110 450
2111 448
2112 512  # compresses ieta bin 33, pt 0
2113 624
2114 554
2115 550
2116 548
2117 532
2118 520
2119 519
2120 506
2121 485
2122 475
2123 477
2124 469
2125 470
2126 472
2127 472
2128 466
2129 467
2130 462
2131 450
2132 448
2133 450
2134 447
2135 444
2136 447
2137 444
2138 447
2139 444
2140 447
2141 449
2142 452
2143 454
2144 452
2145 454
2146 452
2147 455
2148 454
2149 452
2150 455
2151 454
2152 453
2153 452
2154 454
2155 453
2156 452
2157 454
2158 453
2159 451
2160 450
2161 449
2162 450
2163 449
2164 448
2165 447
2166 448
2167 447
2168 446
2169 447
2170 446
2171 447
2172 446
2173 446
2174 444
2175 443
2176 512  # compresses ieta bin 34, pt 0
2177 624
2178 569
2179 565
2180 562
2181 546
2182 533
2183 531
2184 518
2185 506
2186 496
2187 487
2188 488
2189 480
2190 481
2191 481
2192 475
2193 475
2194 470
2195 457
2196 460
2197 456
2198 453
2199 450
2200 453
2201 450
2202 452
2203 450
2204 452
2205 454
2206 456
2207 458
2208 456
2209 454
2210 456
2211 455
2212 454
2213 456
2214 455
2215 454
2216 456
2217 455
2218 454
2219 456
2220 455
2221 454
2222 453
2223 454
2224 452
2225 451
2226 450
2227 449
2228 450
2229 449
2230 448
2231 449
2232 448
2233 449
2234 448
2235 449
2236 448
2237 449
2238 446
2239 445
2240 512  # compresses ieta bin 35, pt 0
2241 624
2242 570
2243 565
2244 562
2245 546
2246 534
2247 532
2248 518
2249 506
2250 496
2251 487
2252 488
2253 489
2254 489
2255 482
2256 482
2257 475
2258 470
2259 458
2260 454
2261 456
2262 453
2263 450
2264 453
2265 450
2266 452
2267 449
2268 452
2269 450
2270 452
2271 454
2272 456
2273 454
2274 452
2275 451
2276 450
2277 452
2278 451
2279 451
2280 453
2281 452
2282 451
2283 453
2284 452
2285 451
2286 451
2287 451
2288 448
2289 449
2290 448
2291 447
2292 446
2293 445
2294 446
2295 445
2296 446
2297 446
2298 446
2299 446
2300 445
2301 446
2302 443
2303 442
2304 512  # compresses ieta bin 36, pt 0
2305 626
2306 584
2307 580
2308 563
2309 548
2310 545
2311 544
2312 531
2313 518
2314 508
2315 507
2316 499
2317 499
2318 500
2319 500
2320 499
2321 492
2322 485
2323 472
2324 474
2325 470
2326 472
2327 468
2328 470
2329 467
2330 468
2331 469
2332 467
2333 468
2334 470
2335 471
2336 473
2337 470
2338 468
2339 470
2340 468
2341 470
2342 471
2343 469
2344 471
2345 469
2346 471
2347 469
2348 468
2349 470
2350 468
2351 468
2352 466
2353 466
2354 466
2355 465
2356 465
2357 463
2358 463
2359 464
2360 464
2361 464
2362 463
2363 463
2364 463
2365 463
2366 461
2367 459
2368 512  # compresses ieta bin 37, pt 0
2369 656
2370 600
2371 595
2372 576
2373 559
2374 557
2375 555
2376 553
2377 540
2378 539
2379 538
2380 527
2381 526
2382 527
2383 526
2384 525
2385 516
2386 508
2387 501
2388 495
2389 496
2390 491
2391 492
2392 487
2393 488
2394 489
2395 489
2396 486
2397 487
2398 488
2399 489
2400 489
2401 490
2402 487
2403 488
2404 489
2405 487
2406 488
2407 488
2408 489
2409 487
2410 488
2411 489
2412 487
2413 488
2414 488
2415 487
2416 484
2417 483
2418 485
2419 482
2420 482
2421 483
2422 482
2423 482
2424 481
2425 482
2426 482
2427 481
2428 481
2429 482
2430 479
2431 478
2432 512  # compresses ieta bin 38, pt 0
2433 848
2434 808
2435 821
2436 764
2437 694
2438 687
2439 689
2440 658
2441 629
2442 615
2443 610
2444 576
2445 564
2446 562
2447 561
2448 559
2449 558
2450 547
2451 523
2452 515
2453 509
2454 503
2455 498
2456 498
2457 499
2458 499
2459 499
2460 500
2461 497
2462 497
2463 497
2464 498
2465 494
2466 495
2467 496
2468 496
2469 493
2470 494
2471 495
2472 495
2473 496
2474 494
2475 494
2476 495
2477 495
2478 493
2479 494
2480 491
2481 490
2482 491
2483 490
2484 489
2485 488
2486 489
2487 488
2488 489
2489 489
2490 488
2491 489
2492 488
2493 489
2494 486
2495 485
2496 512  # compresses ieta bin 39, pt 0
2497 912
2498 856
2499 866
2500 805
2501 735
2502 736
2503 738
2504 693
2505 662
2506 677
2507 661
2508 626
2509 612
2510 610
2511 614
2512 603
2513 607
2514 594
2515 553
2516 551
2517 542
2518 540
2519 533
2520 532
2521 532
2522 531
2523 531
2524 534
2525 529
2526 528
2527 532
2528 531
2529 527
2530 526
2531 525
2532 525
2533 524
2534 527
2535 526
2536 526
2537 525
2538 525
2539 525
2540 524
2541 526
2542 526
2543 525
2544 523
2545 522
2546 522
2547 521
2548 521
2549 520
2550 520
2551 520
2552 519
2553 519
2554 519
2555 519
2556 518
2557 520
2558 517
2559 516
2560 0 # dummy
2561 0 # dummy
2562 0 # dummy
2563 0 # dummy
2564 0 # dummy
2565 0 # dummy
2566 0 # dummy
2567 0 # dummy
2568 0 # dummy
2569 0 # dummy
2570 0 # dummy
2571 0 # dummy
2572 0 # dummy
2573 0 # dummy
2574 0 # dummy
2575 0 # dummy
2576 0 # dummy
2577 0 # dummy
2578 0 # dummy
2579 0 # dummy
2580 0 # dummy
2581 0 # dummy
2582 0 # dummy
2583 0 # dummy
2584 0 # dummy
2585 0 # dummy
2586 0 # dummy
2587 0 # dummy
2588 0 # dummy
2589 0 # dummy
2590 0 # dummy
2591 0 # dummy
2592 0 # dummy
2593 0 # dummy
2594 0 # dummy
2595 0 # dummy
2596 0 # dummy
2597 0 # dummy
2598 0 # dummy
2599 0 # dummy
2600 0 # dummy
2601 0 # dummy
2602 0 # dummy
2603 0 # dummy
2604 0 # dummy
2605 0 # dummy
2606 0 # dummy
2607 0 # dummy
2608 0 # dummy
2609 0 # dummy
2610 0 # dummy
2611 0 # dummy
2612 0 # dummy
2613 0 # dummy
2614 0 # dummy
2615 0 # dummy
2616 0 # dummy
2617 0 # dummy
2618 0 # dummy
2619 0 # dummy
2620 0 # dummy
2621 0 # dummy
2622 0 # dummy
2623 0 # dummy
2624 0 # dummy
2625 0 # dummy
2626 0 # dummy
2627 0 # dummy
2628 0 # dummy
2629 0 # dummy
2630 0 # dummy
2631 0 # dummy
2632 0 # dummy
2633 0 # dummy
2634 0 # dummy
2635 0 # dummy
2636 0 # dummy
2637 0 # dummy
2638 0 # dummy
2639 0 # dummy
2640 0 # dummy
2641 0 # dummy
2642 0 # dummy
2643 0 # dummy
2644 0 # dummy
2645 0 # dummy
2646 0 # dummy
2647 0 # dummy
2648 0 # dummy
2649 0 # dummy
2650 0 # dummy
2651 0 # dummy
2652 0 # dummy
2653 0 # dummy
2654 0 # dummy
2655 0 # dummy
2656 0 # dummy
2657 0 # dummy
2658 0 # dummy
2659 0 # dummy
2660 0 # dummy
2661 0 # dummy
2662 0 # dummy
2663 0 # dummy
2664 0 # dummy
2665 0 # dummy
2666 0 # dummy
2667 0 # dummy
2668 0 # dummy
2669 0 # dummy
2670 0 # dummy
2671 0 # dummy
2672 0 # dummy
2673 0 # dummy
2674 0 # dummy
2675 0 # dummy
2676 0 # dummy
2677 0 # dummy
2678 0 # dummy
2679 0 # dummy
2680 0 # dummy
2681 0 # dummy
2682 0 # dummy
2683 0 # dummy
2684 0 # dummy
2685 0 # dummy
2686 0 # dummy
2687 0 # dummy
2688 0 # dummy
2689 0 # dummy
2690 0 # dummy
2691 0 # dummy
2692 0 # dummy
2693 0 # dummy
2694 0 # dummy
2695 0 # dummy
2696 0 # dummy
2697 0 # dummy
2698 0 # dummy
2699 0 # dummy
2700 0 # dummy
2701 0 # dummy
2702 0 # dummy
2703 0 # dummy
2704 0 # dummy
2705 0 # dummy
2706 0 # dummy
2707 0 # dummy
2708 0 # dummy
2709 0 # dummy
2710 0 # dummy
2711 0 # dummy
2712 0 # dummy
2713 0 # dummy
2714 0 # dummy
2715 0 # dummy
2716 0 # dummy
2717 0 # dummy
2718 0 # dummy
2719 0 # dummy
2720 0 # dummy
2721 0 # dummy
2722 0 # dummy
2723 0 # dummy
2724 0 # dummy
2725 0 # dummy
2726 0 # dummy
2727 0 # dummy
2728 0 # dummy
2729 0 # dummy
2730 0 # dummy
2731 0 # dummy
2732 0 # dummy
2733 0 # dummy
2734 0 # dummy
2735 0 # dummy
2736 0 # dummy
2737 0 # dummy
2738 0 # dummy
2739 0 # dummy
2740 0 # dummy
2741 0 # dummy
2742 0 # dummy
2743 0 # dummy
2744 0 # dummy
2745 0 # dummy
2746 0 # dummy
2747 0 # dummy
2748 0 # dummy
2749 0 # dummy
2750 0 # dummy
2751 0 # dummy
2752 0 # dummy
2753 0 # dummy
2754 0 # dummy
2755 0 # dummy
2756 0 # dummy
2757 0 # dummy
2758 0 # dummy
2759 0 # dummy
2760 0 # dummy
2761 0 # dummy
2762 0 # dummy
2763 0 # dummy
2764 0 # dummy
2765 0 # dummy
2766 0 # dummy
2767 0 # dummy
2768 0 # dummy
2769 0 # dummy
2770 0 # dummy
2771 0 # dummy
2772 0 # dummy
2773 0 # dummy
2774 0 # dummy
2775 0 # dummy
2776 0 # dummy
2777 0 # dummy
2778 0 # dummy
2779 0 # dummy
2780 0 # dummy
2781 0 # dummy
2782 0 # dummy
2783 0 # dummy
2784 0 # dummy
2785 0 # dummy
2786 0 # dummy
2787 0 # dummy
2788 0 # dummy
2789 0 # dummy
2790 0 # dummy
2791 0 # dummy
2792 0 # dummy
2793 0 # dummy
2794 0 # dummy
2795 0 # dummy
2796 0 # dummy
2797 0 # dummy
2798 0 # dummy
2799 0 # dummy
2800 0 # dummy
2801 0 # dummy
2802 0 # dummy
2803 0 # dummy
2804 0 # dummy
2805 0 # dummy
2806 0 # dummy
2807 0 # dummy
2808 0 # dummy
2809 0 # dummy
2810 0 # dummy
2811 0 # dummy
2812 0 # dummy
2813 0 # dummy
2814 0 # dummy
2815 0 # dummy
2816 0 # dummy
2817 0 # dummy
2818 0 # dummy
2819 0 # dummy
2820 0 # dummy
2821 0 # dummy
2822 0 # dummy
2823 0 # dummy
2824 0 # dummy
2825 0 # dummy
2826 0 # dummy
2827 0 # dummy
2828 0 # dummy
2829 0 # dummy
2830 0 # dummy
2831 0 # dummy
2832 0 # dummy
2833 0 # dummy
2834 0 # dummy
2835 0 # dummy
2836 0 # dummy
2837 0 # dummy
2838 0 # dummy
2839 0 # dummy
2840 0 # dummy
2841 0 # dummy
2842 0 # dummy
2843 0 # dummy
2844 0 # dummy
2845 0 # dummy
2846 0 # dummy
2847 0 # dummy
2848 0 # dummy
2849 0 # dummy
2850 0 # dummy
2851 0 # dummy
2852 0 # dummy
2853 0 # dummy
2854 0 # dummy
2855 0 # dummy
2856 0 # dummy
2857 0 # dummy
2858 0 # dummy
2859 0 # dummy
2860 0 # dummy
2861 0 # dummy
2862 0 # dummy
2863 0 # dummy
2864 0 # dummy
2865 0 # dummy
2866 0 # dummy
2867 0 # dummy
2868 0 # dummy
2869 0 # dummy
2870 0 # dummy
2871 0 # dummy
2872 0 # dummy
2873 0 # dummy
2874 0 # dummy
2875 0 # dummy
2876 0 # dummy
2877 0 # dummy
2878 0 # dummy
2879 0 # dummy
2880 0 # dummy
2881 0 # dummy
2882 0 # dummy
2883 0 # dummy
2884 0 # dummy
2885 0 # dummy
2886 0 # dummy
2887 0 # dummy
2888 0 # dummy
2889 0 # dummy
2890 0 # dummy
2891 0 # dummy
2892 0 # dummy
2893 0 # dummy
2894 0 # dummy
2895 0 # dummy
2896 0 # dummy
2897 0 # dummy
2898 0 # dummy
2899 0 # dummy
2900 0 # dummy
2901 0 # dummy
2902 0 # dummy
2903 0 # dummy
2904 0 # dummy
2905 0 # dummy
2906 0 # dummy
2907 0 # dummy
2908 0 # dummy
2909 0 # dummy
2910 0 # dummy
2911 0 # dummy
2912 0 # dummy
2913 0 # dummy
2914 0 # dummy
2915 0 # dummy
2916 0 # dummy
2917 0 # dummy
2918 0 # dummy
2919 0 # dummy
2920 0 # dummy
2921 0 # dummy
2922 0 # dummy
2923 0 # dummy
2924 0 # dummy
2925 0 # dummy
2926 0 # dummy
2927 0 # dummy
2928 0 # dummy
2929 0 # dummy
2930 0 # dummy
2931 0 # dummy
2932 0 # dummy
2933 0 # dummy
2934 0 # dummy
2935 0 # dummy
2936 0 # dummy
2937 0 # dummy
2938 0 # dummy
2939 0 # dummy
2940 0 # dummy
2941 0 # dummy
2942 0 # dummy
2943 0 # dummy
2944 0 # dummy
2945 0 # dummy
2946 0 # dummy
2947 0 # dummy
2948 0 # dummy
2949 0 # dummy
2950 0 # dummy
2951 0 # dummy
2952 0 # dummy
2953 0 # dummy
2954 0 # dummy
2955 0 # dummy
2956 0 # dummy
2957 0 # dummy
2958 0 # dummy
2959 0 # dummy
2960 0 # dummy
2961 0 # dummy
2962 0 # dummy
2963 0 # dummy
2964 0 # dummy
2965 0 # dummy
2966 0 # dummy
2967 0 # dummy
2968 0 # dummy
2969 0 # dummy
2970 0 # dummy
2971 0 # dummy
2972 0 # dummy
2973 0 # dummy
2974 0 # dummy
2975 0 # dummy
2976 0 # dummy
2977 0 # dummy
2978 0 # dummy
2979 0 # dummy
2980 0 # dummy
2981 0 # dummy
2982 0 # dummy
2983 0 # dummy
2984 0 # dummy
2985 0 # dummy
2986 0 # dummy
2987 0 # dummy
2988 0 # dummy
2989 0 # dummy
2990 0 # dummy
2991 0 # dummy
2992 0 # dummy
2993 0 # dummy
2994 0 # dummy
2995 0 # dummy
2996 0 # dummy
2997 0 # dummy
2998 0 # dummy
2999 0 # dummy
3000 0 # dummy
3001 0 # dummy
3002 0 # dummy
3003 0 # dummy
3004 0 # dummy
3005 0 # dummy
3006 0 # dummy
3007 0 # dummy
3008 0 # dummy
3009 0 # dummy
3010 0 # dummy
3011 0 # dummy
3012 0 # dummy
3013 0 # dummy
3014 0 # dummy
3015 0 # dummy
3016 0 # dummy
3017 0 # dummy
3018 0 # dummy
3019 0 # dummy
3020 0 # dummy
3021 0 # dummy
3022 0 # dummy
3023 0 # dummy
3024 0 # dummy
3025 0 # dummy
3026 0 # dummy
3027 0 # dummy
3028 0 # dummy
3029 0 # dummy
3030 0 # dummy
3031 0 # dummy
3032 0 # dummy
3033 0 # dummy
3034 0 # dummy
3035 0 # dummy
3036 0 # dummy
3037 0 # dummy
3038 0 # dummy
3039 0 # dummy
3040 0 # dummy
3041 0 # dummy
3042 0 # dummy
3043 0 # dummy
3044 0 # dummy
3045 0 # dummy
3046 0 # dummy
3047 0 # dummy
3048 0 # dummy
3049 0 # dummy
3050 0 # dummy
3051 0 # dummy
3052 0 # dummy
3053 0 # dummy
3054 0 # dummy
3055 0 # dummy
3056 0 # dummy
3057 0 # dummy
3058 0 # dummy
3059 0 # dummy
3060 0 # dummy
3061 0 # dummy
3062 0 # dummy
3063 0 # dummy
3064 0 # dummy
3065 0 # dummy
3066 0 # dummy
3067 0 # dummy
3068 0 # dummy
3069 0 # dummy
3070 0 # dummy
3071 0 # dummy
3072 0 # dummy
3073 0 # dummy
3074 0 # dummy
3075 0 # dummy
3076 0 # dummy
3077 0 # dummy
3078 0 # dummy
3079 0 # dummy
3080 0 # dummy
3081 0 # dummy
3082 0 # dummy
3083 0 # dummy
3084 0 # dummy
3085 0 # dummy
3086 0 # dummy
3087 0 # dummy
3088 0 # dummy
3089 0 # dummy
3090 0 # dummy
3091 0 # dummy
3092 0 # dummy
3093 0 # dummy
3094 0 # dummy
3095 0 # dummy
3096 0 # dummy
3097 0 # dummy
3098 0 # dummy
3099 0 # dummy
3100 0 # dummy
3101 0 # dummy
3102 0 # dummy
3103 0 # dummy
3104 0 # dummy
3105 0 # dummy
3106 0 # dummy
3107 0 # dummy
3108 0 # dummy
3109 0 # dummy
3110 0 # dummy
3111 0 # dummy
3112 0 # dummy
3113 0 # dummy
3114 0 # dummy
3115 0 # dummy
3116 0 # dummy
3117 0 # dummy
3118 0 # dummy
3119 0 # dummy
3120 0 # dummy
3121 0 # dummy
3122 0 # dummy
3123 0 # dummy
3124 0 # dummy
3125 0 # dummy
3126 0 # dummy
3127 0 # dummy
3128 0 # dummy
3129 0 # dummy
3130 0 # dummy
3131 0 # dummy
3132 0 # dummy
3133 0 # dummy
3134 0 # dummy
3135 0 # dummy
3136 0 # dummy
3137 0 # dummy
3138 0 # dummy
3139 0 # dummy
3140 0 # dummy
3141 0 # dummy
3142 0 # dummy
3143 0 # dummy
3144 0 # dummy
3145 0 # dummy
3146 0 # dummy
3147 0 # dummy
3148 0 # dummy
3149 0 # dummy
3150 0 # dummy
3151 0 # dummy
3152 0 # dummy
3153 0 # dummy
3154 0 # dummy
3155 0 # dummy
3156 0 # dummy
3157 0 # dummy
3158 0 # dummy
3159 0 # dummy
3160 0 # dummy
3161 0 # dummy
3162 0 # dummy
3163 0 # dummy
3164 0 # dummy
3165 0 # dummy
3166 0 # dummy
3167 0 # dummy
3168 0 # dummy
3169 0 # dummy
3170 0 # dummy
3171 0 # dummy
3172 0 # dummy
3173 0 # dummy
3174 0 # dummy
3175 0 # dummy
3176 0 # dummy
3177 0 # dummy
3178 0 # dummy
3179 0 # dummy
3180 0 # dummy
3181 0 # dummy
3182 0 # dummy
3183 0 # dummy
3184 0 # dummy
3185 0 # dummy
3186 0 # dummy
3187 0 # dummy
3188 0 # dummy
3189 0 # dummy
3190 0 # dummy
3191 0 # dummy
3192 0 # dummy
3193 0 # dummy
3194 0 # dummy
3195 0 # dummy
3196 0 # dummy
3197 0 # dummy
3198 0 # dummy
3199 0 # dummy
3200 0 # dummy
3201 0 # dummy
3202 0 # dummy
3203 0 # dummy
3204 0 # dummy
3205 0 # dummy
3206 0 # dummy
3207 0 # dummy
3208 0 # dummy
3209 0 # dummy
3210 0 # dummy
3211 0 # dummy
3212 0 # dummy
3213 0 # dummy
3214 0 # dummy
3215 0 # dummy
3216 0 # dummy
3217 0 # dummy
3218 0 # dummy
3219 0 # dummy
3220 0 # dummy
3221 0 # dummy
3222 0 # dummy
3223 0 # dummy
3224 0 # dummy
3225 0 # dummy
3226 0 # dummy
3227 0 # dummy
3228 0 # dummy
3229 0 # dummy
3230 0 # dummy
3231 0 # dummy
3232 0 # dummy
3233 0 # dummy
3234 0 # dummy
3235 0 # dummy
3236 0 # dummy
3237 0 # dummy
3238 0 # dummy
3239 0 # dummy
3240 0 # dummy
3241 0 # dummy
3242 0 # dummy
3243 0 # dummy
3244 0 # dummy
3245 0 # dummy
3246 0 # dummy
3247 0 # dummy
3248 0 # dummy
3249 0 # dummy
3250 0 # dummy
3251 0 # dummy
3252 0 # dummy
3253 0 # dummy
3254 0 # dummy
3255 0 # dummy
3256 0 # dummy
3257 0 # dummy
3258 0 # dummy
3259 0 # dummy
3260 0 # dummy
3261 0 # dummy
3262 0 # dummy
3263 0 # dummy
3264 0 # dummy
3265 0 # dummy
3266 0 # dummy
3267 0 # dummy
3268 0 # dummy
3269 0 # dummy
3270 0 # dummy
3271 0 # dummy
3272 0 # dummy
3273 0 # dummy
3274 0 # dummy
3275 0 # dummy
3276 0 # dummy
3277 0 # dummy
3278 0 # dummy
3279 0 # dummy
3280 0 # dummy
3281 0 # dummy
3282 0 # dummy
3283 0 # dummy
3284 0 # dummy
3285 0 # dummy
3286 0 # dummy
3287 0 # dummy
3288 0 # dummy
3289 0 # dummy
3290 0 # dummy
3291 0 # dummy
3292 0 # dummy
3293 0 # dummy
3294 0 # dummy
3295 0 # dummy
3296 0 # dummy
3297 0 # dummy
3298 0 # dummy
3299 0 # dummy
3300 0 # dummy
3301 0 # dummy
3302 0 # dummy
3303 0 # dummy
3304 0 # dummy
3305 0 # dummy
3306 0 # dummy
3307 0 # dummy
3308 0 # dummy
3309 0 # dummy
3310 0 # dummy
3311 0 # dummy
3312 0 # dummy
3313 0 # dummy
3314 0 # dummy
3315 0 # dummy
3316 0 # dummy
3317 0 # dummy
3318 0 # dummy
3319 0 # dummy
3320 0 # dummy
3321 0 # dummy
3322 0 # dummy
3323 0 # dummy
3324 0 # dummy
3325 0 # dummy
3326 0 # dummy
3327 0 # dummy
3328 0 # dummy
3329 0 # dummy
3330 0 # dummy
3331 0 # dummy
3332 0 # dummy
3333 0 # dummy
3334 0 # dummy
3335 0 # dummy
3336 0 # dummy
3337 0 # dummy
3338 0 # dummy
3339 0 # dummy
3340 0 # dummy
3341 0 # dummy
3342 0 # dummy
3343 0 # dummy
3344 0 # dummy
3345 0 # dummy
3346 0 # dummy
3347 0 # dummy
3348 0 # dummy
3349 0 # dummy
3350 0 # dummy
3351 0 # dummy
3352 0 # dummy
3353 0 # dummy
3354 0 # dummy
3355 0 # dummy
3356 0 # dummy
3357 0 # dummy
3358 0 # dummy
3359 0 # dummy
3360 0 # dummy
3361 0 # dummy
3362 0 # dummy
3363 0 # dummy
3364 0 # dummy
3365 0 # dummy
3366 0 # dummy
3367 0 # dummy
3368 0 # dummy
3369 0 # dummy
3370 0 # dummy
3371 0 # dummy
3372 0 # dummy
3373 0 # dummy
3374 0 # dummy
3375 0 # dummy
3376 0 # dummy
3377 0 # dummy
3378 0 # dummy
3379 0 # dummy
3380 0 # dummy
3381 0 # dummy
3382 0 # dummy
3383 0 # dummy
3384 0 # dummy
3385 0 # dummy
3386 0 # dummy
3387 0 # dummy
3388 0 # dummy
3389 0 # dummy
3390 0 # dummy
3391 0 # dummy
3392 0 # dummy
3393 0 # dummy
3394 0 # dummy
3395 0 # dummy
3396 0 # dummy
3397 0 # dummy
3398 0 # dummy
3399 0 # dummy
3400 0 # dummy
3401 0 # dummy
3402 0 # dummy
3403 0 # dummy
3404 0 # dummy
3405 0 # dummy
3406 0 # dummy
3407 0 # dummy
3408 0 # dummy
3409 0 # dummy
3410 0 # dummy
3411 0 # dummy
3412 0 # dummy
3413 0 # dummy
3414 0 # dummy
3415 0 # dummy
3416 0 # dummy
3417 0 # dummy
3418 0 # dummy
3419 0 # dummy
3420 0 # dummy
3421 0 # dummy
3422 0 # dummy
3423 0 # dummy
3424 0 # dummy
3425 0 # dummy
3426 0 # dummy
3427 0 # dummy
3428 0 # dummy
3429 0 # dummy
3430 0 # dummy
3431 0 # dummy
3432 0 # dummy
3433 0 # dummy
3434 0 # dummy
3435 0 # dummy
3436 0 # dummy
3437 0 # dummy
3438 0 # dummy
3439 0 # dummy
3440 0 # dummy
3441 0 # dummy
3442 0 # dummy
3443 0 # dummy
3444 0 # dummy
3445 0 # dummy
3446 0 # dummy
3447 0 # dummy
3448 0 # dummy
3449 0 # dummy
3450 0 # dummy
3451 0 # dummy
3452 0 # dummy
3453 0 # dummy
3454 0 # dummy
3455 0 # dummy
3456 0 # dummy
3457 0 # dummy
3458 0 # dummy
3459 0 # dummy
3460 0 # dummy
3461 0 # dummy
3462 0 # dummy
3463 0 # dummy
3464 0 # dummy
3465 0 # dummy
3466 0 # dummy
3467 0 # dummy
3468 0 # dummy
3469 0 # dummy
3470 0 # dummy
3471 0 # dummy
3472 0 # dummy
3473 0 # dummy
3474 0 # dummy
3475 0 # dummy
3476 0 # dummy
3477 0 # dummy
3478 0 # dummy
3479 0 # dummy
3480 0 # dummy
3481 0 # dummy
3482 0 # dummy
3483 0 # dummy
3484 0 # dummy
3485 0 # dummy
3486 0 # dummy
3487 0 # dummy
3488 0 # dummy
3489 0 # dummy
3490 0 # dummy
3491 0 # dummy
3492 0 # dummy
3493 0 # dummy
3494 0 # dummy
3495 0 # dummy
3496 0 # dummy
3497 0 # dummy
3498 0 # dummy
3499 0 # dummy
3500 0 # dummy
3501 0 # dummy
3502 0 # dummy
3503 0 # dummy
3504 0 # dummy
3505 0 # dummy
3506 0 # dummy
3507 0 # dummy
3508 0 # dummy
3509 0 # dummy
3510 0 # dummy
3511 0 # dummy
3512 0 # dummy
3513 0 # dummy
3514 0 # dummy
3515 0 # dummy
3516 0 # dummy
3517 0 # dummy
3518 0 # dummy
3519 0 # dummy
3520 0 # dummy
3521 0 # dummy
3522 0 # dummy
3523 0 # dummy
3524 0 # dummy
3525 0 # dummy
3526 0 # dummy
3527 0 # dummy
3528 0 # dummy
3529 0 # dummy
3530 0 # dummy
3531 0 # dummy
3532 0 # dummy
3533 0 # dummy
3534 0 # dummy
3535 0 # dummy
3536 0 # dummy
3537 0 # dummy
3538 0 # dummy
3539 0 # dummy
3540 0 # dummy
3541 0 # dummy
3542 0 # dummy
3543 0 # dummy
3544 0 # dummy
3545 0 # dummy
3546 0 # dummy
3547 0 # dummy
3548 0 # dummy
3549 0 # dummy
3550 0 # dummy
3551 0 # dummy
3552 0 # dummy
3553 0 # dummy
3554 0 # dummy
3555 0 # dummy
3556 0 # dummy
3557 0 # dummy
3558 0 # dummy
3559 0 # dummy
3560 0 # dummy
3561 0 # dummy
3562 0 # dummy
3563 0 # dummy
3564 0 # dummy
3565 0 # dummy
3566 0 # dummy
3567 0 # dummy
3568 0 # dummy
3569 0 # dummy
3570 0 # dummy
3571 0 # dummy
3572 0 # dummy
3573 0 # dummy
3574 0 # dummy
3575 0 # dummy
3576 0 # dummy
3577 0 # dummy
3578 0 # dummy
3579 0 # dummy
3580 0 # dummy
3581 0 # dummy
3582 0 # dummy
3583 0 # dummy
3584 0 # dummy
3585 0 # dummy
3586 0 # dummy
3587 0 # dummy
3588 0 # dummy
3589 0 # dummy
3590 0 # dummy
3591 0 # dummy
3592 0 # dummy
3593 0 # dummy
3594 0 # dummy
3595 0 # dummy
3596 0 # dummy
3597 0 # dummy
3598 0 # dummy
3599 0 # dummy
3600 0 # dummy
3601 0 # dummy
3602 0 # dummy
3603 0 # dummy
3604 0 # dummy
3605 0 # dummy
3606 0 # dummy
3607 0 # dummy
3608 0 # dummy
3609 0 # dummy
3610 0 # dummy
3611 0 # dummy
3612 0 # dummy
3613 0 # dummy
3614 0 # dummy
3615 0 # dummy
3616 0 # dummy
3617 0 # dummy
3618 0 # dummy
3619 0 # dummy
3620 0 # dummy
3621 0 # dummy
3622 0 # dummy
3623 0 # dummy
3624 0 # dummy
3625 0 # dummy
3626 0 # dummy
3627 0 # dummy
3628 0 # dummy
3629 0 # dummy
3630 0 # dummy
3631 0 # dummy
3632 0 # dummy
3633 0 # dummy
3634 0 # dummy
3635 0 # dummy
3636 0 # dummy
3637 0 # dummy
3638 0 # dummy
3639 0 # dummy
3640 0 # dummy
3641 0 # dummy
3642 0 # dummy
3643 0 # dummy
3644 0 # dummy
3645 0 # dummy
3646 0 # dummy
3647 0 # dummy
3648 0 # dummy
3649 0 # dummy
3650 0 # dummy
3651 0 # dummy
3652 0 # dummy
3653 0 # dummy
3654 0 # dummy
3655 0 # dummy
3656 0 # dummy
3657 0 # dummy
3658 0 # dummy
3659 0 # dummy
3660 0 # dummy
3661 0 # dummy
3662 0 # dummy
3663 0 # dummy
3664 0 # dummy
3665 0 # dummy
3666 0 # dummy
3667 0 # dummy
3668 0 # dummy
3669 0 # dummy
3670 0 # dummy
3671 0 # dummy
3672 0 # dummy
3673 0 # dummy
3674 0 # dummy
3675 0 # dummy
3676 0 # dummy
3677 0 # dummy
3678 0 # dummy
3679 0 # dummy
3680 0 # dummy
3681 0 # dummy
3682 0 # dummy
3683 0 # dummy
3684 0 # dummy
3685 0 # dummy
3686 0 # dummy
3687 0 # dummy
3688 0 # dummy
3689 0 # dummy
3690 0 # dummy
3691 0 # dummy
3692 0 # dummy
3693 0 # dummy
3694 0 # dummy
3695 0 # dummy
3696 0 # dummy
3697 0 # dummy
3698 0 # dummy
3699 0 # dummy
3700 0 # dummy
3701 0 # dummy
3702 0 # dummy
3703 0 # dummy
3704 0 # dummy
3705 0 # dummy
3706 0 # dummy
3707 0 # dummy
3708 0 # dummy
3709 0 # dummy
3710 0 # dummy
3711 0 # dummy
3712 0 # dummy
3713 0 # dummy
3714 0 # dummy
3715 0 # dummy
3716 0 # dummy
3717 0 # dummy
3718 0 # dummy
3719 0 # dummy
3720 0 # dummy
3721 0 # dummy
3722 0 # dummy
3723 0 # dummy
3724 0 # dummy
3725 0 # dummy
3726 0 # dummy
3727 0 # dummy
3728 0 # dummy
3729 0 # dummy
3730 0 # dummy
3731 0 # dummy
3732 0 # dummy
3733 0 # dummy
3734 0 # dummy
3735 0 # dummy
3736 0 # dummy
3737 0 # dummy
3738 0 # dummy
3739 0 # dummy
3740 0 # dummy
3741 0 # dummy
3742 0 # dummy
3743 0 # dummy
3744 0 # dummy
3745 0 # dummy
3746 0 # dummy
3747 0 # dummy
3748 0 # dummy
3749 0 # dummy
3750 0 # dummy
3751 0 # dummy
3752 0 # dummy
3753 0 # dummy
3754 0 # dummy
3755 0 # dummy
3756 0 # dummy
3757 0 # dummy
3758 0 # dummy
3759 0 # dummy
3760 0 # dummy
3761 0 # dummy
3762 0 # dummy
3763 0 # dummy
3764 0 # dummy
3765 0 # dummy
3766 0 # dummy
3767 0 # dummy
3768 0 # dummy
3769 0 # dummy
3770 0 # dummy
3771 0 # dummy
3772 0 # dummy
3773 0 # dummy
3774 0 # dummy
3775 0 # dummy
3776 0 # dummy
3777 0 # dummy
3778 0 # dummy
3779 0 # dummy
3780 0 # dummy
3781 0 # dummy
3782 0 # dummy
3783 0 # dummy
3784 0 # dummy
3785 0 # dummy
3786 0 # dummy
3787 0 # dummy
3788 0 # dummy
3789 0 # dummy
3790 0 # dummy
3791 0 # dummy
3792 0 # dummy
3793 0 # dummy
3794 0 # dummy
3795 0 # dummy
3796 0 # dummy
3797 0 # dummy
3798 0 # dummy
3799 0 # dummy
3800 0 # dummy
3801 0 # dummy
3802 0 # dummy
3803 0 # dummy
3804 0 # dummy
3805 0 # dummy
3806 0 # dummy
3807 0 # dummy
3808 0 # dummy
3809 0 # dummy
3810 0 # dummy
3811 0 # dummy
3812 0 # dummy
3813 0 # dummy
3814 0 # dummy
3815 0 # dummy
3816 0 # dummy
3817 0 # dummy
3818 0 # dummy
3819 0 # dummy
3820 0 # dummy
3821 0 # dummy
3822 0 # dummy
3823 0 # dummy
3824 0 # dummy
3825 0 # dummy
3826 0 # dummy
3827 0 # dummy
3828 0 # dummy
3829 0 # dummy
3830 0 # dummy
3831 0 # dummy
3832 0 # dummy
3833 0 # dummy
3834 0 # dummy
3835 0 # dummy
3836 0 # dummy
3837 0 # dummy
3838 0 # dummy
3839 0 # dummy
3840 0 # dummy
3841 0 # dummy
3842 0 # dummy
3843 0 # dummy
3844 0 # dummy
3845 0 # dummy
3846 0 # dummy
3847 0 # dummy
3848 0 # dummy
3849 0 # dummy
3850 0 # dummy
3851 0 # dummy
3852 0 # dummy
3853 0 # dummy
3854 0 # dummy
3855 0 # dummy
3856 0 # dummy
3857 0 # dummy
3858 0 # dummy
3859 0 # dummy
3860 0 # dummy
3861 0 # dummy
3862 0 # dummy
3863 0 # dummy
3864 0 # dummy
3865 0 # dummy
3866 0 # dummy
3867 0 # dummy
3868 0 # dummy
3869 0 # dummy
3870 0 # dummy
3871 0 # dummy
3872 0 # dummy
3873 0 # dummy
3874 0 # dummy
3875 0 # dummy
3876 0 # dummy
3877 0 # dummy
3878 0 # dummy
3879 0 # dummy
3880 0 # dummy
3881 0 # dummy
3882 0 # dummy
3883 0 # dummy
3884 0 # dummy
3885 0 # dummy
3886 0 # dummy
3887 0 # dummy
3888 0 # dummy
3889 0 # dummy
3890 0 # dummy
3891 0 # dummy
3892 0 # dummy
3893 0 # dummy
3894 0 # dummy
3895 0 # dummy
3896 0 # dummy
3897 0 # dummy
3898 0 # dummy
3899 0 # dummy
3900 0 # dummy
3901 0 # dummy
3902 0 # dummy
3903 0 # dummy
3904 0 # dummy
3905 0 # dummy
3906 0 # dummy
3907 0 # dummy
3908 0 # dummy
3909 0 # dummy
3910 0 # dummy
3911 0 # dummy
3912 0 # dummy
3913 0 # dummy
3914 0 # dummy
3915 0 # dummy
3916 0 # dummy
3917 0 # dummy
3918 0 # dummy
3919 0 # dummy
3920 0 # dummy
3921 0 # dummy
3922 0 # dummy
3923 0 # dummy
3924 0 # dummy
3925 0 # dummy
3926 0 # dummy
3927 0 # dummy
3928 0 # dummy
3929 0 # dummy
3930 0 # dummy
3931 0 # dummy
3932 0 # dummy
3933 0 # dummy
3934 0 # dummy
3935 0 # dummy
3936 0 # dummy
3937 0 # dummy
3938 0 # dummy
3939 0 # dummy
3940 0 # dummy
3941 0 # dummy
3942 0 # dummy
3943 0 # dummy
3944 0 # dummy
3945 0 # dummy
3946 0 # dummy
3947 0 # dummy
3948 0 # dummy
3949 0 # dummy
3950 0 # dummy
3951 0 # dummy
3952 0 # dummy
3953 0 # dummy
3954 0 # dummy
3955 0 # dummy
3956 0 # dummy
3957 0 # dummy
3958 0 # dummy
3959 0 # dummy
3960 0 # dummy
3961 0 # dummy
3962 0 # dummy
3963 0 # dummy
3964 0 # dummy
3965 0 # dummy
3966 0 # dummy
3967 0 # dummy
3968 0 # dummy
3969 0 # dummy
3970 0 # dummy
3971 0 # dummy
3972 0 # dummy
3973 0 # dummy
3974 0 # dummy
3975 0 # dummy
3976 0 # dummy
3977 0 # dummy
3978 0 # dummy
3979 0 # dummy
3980 0 # dummy
3981 0 # dummy
3982 0 # dummy
3983 0 # dummy
3984 0 # dummy
3985 0 # dummy
3986 0 # dummy
3987 0 # dummy
3988 0 # dummy
3989 0 # dummy
3990 0 # dummy
3991 0 # dummy
3992 0 # dummy
3993 0 # dummy
3994 0 # dummy
3995 0 # dummy
3996 0 # dummy
3997 0 # dummy
3998 0 # dummy
3999 0 # dummy
4000 0 # dummy
4001 0 # dummy
4002 0 # dummy
4003 0 # dummy
4004 0 # dummy
4005 0 # dummy
4006 0 # dummy
4007 0 # dummy
4008 0 # dummy
4009 0 # dummy
4010 0 # dummy
4011 0 # dummy
4012 0 # dummy
4013 0 # dummy
4014 0 # dummy
4015 0 # dummy
4016 0 # dummy
4017 0 # dummy
4018 0 # dummy
4019 0 # dummy
4020 0 # dummy
4021 0 # dummy
4022 0 # dummy
4023 0 # dummy
4024 0 # dummy
4025 0 # dummy
4026 0 # dummy
4027 0 # dummy
4028 0 # dummy
4029 0 # dummy
4030 0 # dummy
4031 0 # dummy
4032 0 # dummy
4033 0 # dummy
4034 0 # dummy
4035 0 # dummy
4036 0 # dummy
4037 0 # dummy
4038 0 # dummy
4039 0 # dummy
4040 0 # dummy
4041 0 # dummy
4042 0 # dummy
4043 0 # dummy
4044 0 # dummy
4045 0 # dummy
4046 0 # dummy
4047 0 # dummy
4048 0 # dummy
4049 0 # dummy
4050 0 # dummy
4051 0 # dummy
4052 0 # dummy
4053 0 # dummy
4054 0 # dummy
4055 0 # dummy
4056 0 # dummy
4057 0 # dummy
4058 0 # dummy
4059 0 # dummy
4060 0 # dummy
4061 0 # dummy
4062 0 # dummy
4063 0 # dummy
4064 0 # dummy
4065 0 # dummy
4066 0 # dummy
4067 0 # dummy
4068 0 # dummy
4069 0 # dummy
4070 0 # dummy
4071 0 # dummy
4072 0 # dummy
4073 0 # dummy
4074 0 # dummy
4075 0 # dummy
4076 0 # dummy
4077 0 # dummy
4078 0 # dummy
4079 0 # dummy
4080 0 # dummy
4081 0 # dummy
4082 0 # dummy
4083 0 # dummy
4084 0 # dummy
4085 0 # dummy
4086 0 # dummy
4087 0 # dummy
4088 0 # dummy
4089 0 # dummy
4090 0 # dummy
4091 0 # dummy
4092 0 # dummy
4093 0 # dummy
4094 0 # dummy
4095 0 # dummy
